5.001875703388770411e+00 5.660911406736484075e+00 6.756756756756757021e+00 7.783615489394824394e+00 8.398068444257821952e+00 8.820286659316428413e+00 9.161704076958313792e+00 9.467455621301775537e+00 9.746588693957114913e+00 1.001251564455569465e+01 1.026430587631511315e+01 1.049868766404199505e+01 1.072673639045320293e+01 1.094391244870040936e+01 1.114827201783723432e+01 1.134751773049645429e+01 1.153735217767522236e+01 1.171989452094931039e+01 1.189414213499851236e+01 1.206272617611580245e+01 1.222493887530562340e+01
4.860267314702308106e+00 5.499037668408027990e+00 6.489292667099284984e+00 7.603117278084014607e+00 8.238928939237899485e+00 8.667388949079089855e+00 9.011038522189680933e+00 9.315323707498833983e+00 9.594627008875029617e+00 9.857072449482503274e+00 1.010866818296689296e+01 1.034393586759761874e+01 1.057082452431289532e+01 1.078748651564185401e+01 1.099505222649807479e+01 1.119194180190262955e+01 1.138303927148548667e+01 1.156403584851113031e+01 1.173708920187793403e+01 1.190830604346531452e+01 1.207000603500301494e+01
4.796163069544363999e+00 5.431093007467752365e+00 6.350214319733289869e+00 7.386888273314865749e+00 8.004802881729037978e+00 8.413967185527976511e+00 8.745080891998251005e+00 9.037505648441030104e+00 9.308820107051431592e+00 9.562514941429595794e+00 9.806325079676389223e+00 1.003512293025589486e+01 1.025641025641025728e+01 1.046572475143903524e+01 1.066666666666666607e+01 1.085776330076004292e+01 1.104362230811706169e+01 1.122019635343618482e+01 1.138952164009111456e+01 1.155067860236788846e+01 1.170617500731635907e+01
4.697040864255519033e+00 5.270092226613965813e+00 6.066120715802242991e+00 7.127583749109051681e+00 7.823195775474282243e+00 8.262755629002272784e+00 8.602150537634408067e+00 8.896797153024909477e+00 9.165902841429881320e+00 9.416195856873821768e+00 9.654839488293506022e+00 9.883864591055100846e+00 1.010101010101010210e+01 1.030662200463797973e+01 1.050696086157078923e+01 1.069804760631184593e+01 1.088139281828073912e+01 1.105583195135433883e+01 1.122649452708391848e+01 1.138627953316253993e+01 1.154401154401154450e+01
4.811161895597786398e+00 5.386479935362240568e+00 6.231500233681257939e+00 7.181328545780969463e+00 7.809449433814915409e+00 8.218615163344974661e+00 8.543357539513028343e+00 8.828073273008165245e+00 9.090909090909089940e+00 9.339248190520663684e+00 9.573958831977021688e+00 9.799118079372854950e+00 1.001001001001001001e+01 1.021189685984171547e+01 1.040582726326742780e+01 1.059322033898305015e+01 1.077005923532579423e+01 1.094091903719912473e+01 1.110494169905607897e+01 1.126126126126125904e+01 1.141226818830242529e+01
4.786406605241115386e+00 5.295908910366741829e+00 6.076257025672185286e+00 6.999125109361330033e+00 7.665772326561900663e+00 8.092251669026905958e+00 8.415737428992214220e+00 8.701326952360235012e+00 8.962581223392335872e+00 9.208103130755063148e+00 9.438414346389807363e+00 9.657170449058424921e+00 9.869232667160128258e+00 1.006795872136924253e+01 1.025904077968709771e+01 1.044386422976501372e+01 1.062134891131173475e+01 1.079039654707310270e+01 1.094990418833835122e+01 1.110802554845876244e+01 1.125809175344778978e+01
4.046944556859570774e+00 5.135447425856976444e+00 5.838563713326522020e+00 6.741951795044665019e+00 7.479431563201195843e+00 7.944389275074478007e+00 8.283288465520810107e+00 8.568980291345329903e+00 8.830022075055188324e+00 9.070294784580498870e+00 9.300162752848175174e+00 9.519276534983340810e+00 9.727626459143968063e+00 9.925558312655086368e+00 1.011633788568538073e+01 1.029866117404737302e+01 1.047394605917779487e+01 1.064395955295369767e+01 1.080497028633171119e+01 1.095890410958904049e+01 1.110802554845876244e+01
4.692082111436950420e+00 5.272176090681428562e+00 6.072567177774403469e+00 7.141581860382074431e+00 7.830853563038371767e+00 8.267879288962380002e+00 8.604000860400084605e+00 8.896797153024909477e+00 9.168003667201466200e+00 9.418412997409935983e+00 9.657170449058424921e+00 9.888751545117427710e+00 1.010611419909045061e+01 1.031193606599638990e+01 1.051248357424441515e+01 1.070377308001070205e+01 1.088731627653783107e+01 1.106194690265486713e+01 1.122964626614261441e+01 1.139601139601139579e+01 1.155067860236788846e+01
4.827419744146753011e+00 5.431830526887560850e+00 6.312135079690704309e+00 7.268762493185533913e+00 7.880220646178091926e+00 8.283288465520810107e+00 8.605851979345954916e+00 8.894818768067599635e+00 9.161704076958313792e+00 9.411764705882351478e+00 9.650180940892640891e+00 9.874105159219945804e+00 1.008827238335435084e+01 1.029336078229541940e+01 1.049042748492001031e+01 1.067805659369994586e+01 1.086071137659516594e+01 1.102839812517231621e+01 1.119507416736635719e+01 1.135718341851220714e+01 1.151079136690647431e+01
4.075394803871625449e+00 5.165956347668862136e+00 5.882352941176470118e+00 6.773920406435224528e+00 7.473841554559043310e+00 7.914523149980214001e+00 8.242324335462601681e+00 8.525149190110825614e+00 8.783487044356608209e+00 9.025270758122744041e+00 9.252833680314596521e+00 9.471939379587970720e+00 9.680542110358180352e+00 9.878982464806123076e+00 1.006795872136924253e+01 1.025115325474115835e+01 1.042481105029971111e+01 1.059041567381519577e+01 1.075268817204301186e+01 1.090809926370329741e+01 1.105583195135433883e+01
4.010427110487266411e+00 5.001875703388770411e+00 5.640157924421883351e+00 6.444337038827130826e+00 7.207207207207207311e+00 7.695267410542514952e+00 8.035355564483728230e+00 8.319467554076538818e+00 8.574490889603429977e+00 8.814455707360069781e+00 9.039548022598870247e+00 9.254974548819991043e+00 9.458500827618822271e+00 9.657170449058424921e+00 9.844942160964803790e+00 1.002255073916311545e+01 1.019887812340642341e+01 1.036537963202902191e+01 1.052354643514864385e+01 1.067805659369994586e+01 1.082543978349120550e+01
5.037783375314861090e+00 5.766181346403343788e+00 6.991784653032685704e+00 7.976071784646061147e+00 8.557980316645270591e+00 8.972633467922834782e+00 9.317493594223153153e+00 9.626955475330927214e+00 9.913258983890953502e+00 1.018589253883371448e+01 1.044386422976501372e+01 1.068947087119187600e+01 1.092299290005461287e+01 1.114516578434104055e+01 1.135718341851220714e+01 1.156069364161849577e+01 1.175778953556731210e+01 1.194386383995222367e+01 1.212121212121212110e+01 1.229634183830310512e+01 1.246105919003115226e+01
4.334633723450368237e+00 5.174644243208279981e+00 5.897095680377414162e+00 6.845798391237376990e+00 7.587253414264035989e+00 8.048289738430584705e+00 8.389261744966443501e+00 8.682439765574125445e+00 8.948545861297539261e+00 9.195402298850574141e+00 9.431737797689224934e+00 9.659502535619415298e+00 9.871668311944716834e+00 1.007556675062972218e+01 1.027485229899820141e+01 1.046025104602510325e+01 1.064395955295369767e+01 1.081665765278529001e+01 1.098297638660076636e+01 1.114827201783723432e+01 1.129943502824858825e+01
4.782972617481764388e+00 5.436259853220983373e+00 6.361323155216284775e+00 7.367839381101492613e+00 7.964954201513340770e+00 8.364700961940609858e+00 8.689984792526614044e+00 8.978675645342311995e+00 9.248554913294798396e+00 9.501187648456056678e+00 9.739469198928656368e+00 9.970089730807575990e+00 1.018589253883371448e+01 1.039230969082878531e+01 1.059041567381519577e+01 1.078457805338365993e+01 1.096491228070175339e+01 1.113895850737955939e+01 1.130582249858677280e+01 1.146788990825687904e+01 1.162452775356000956e+01
4.914004914004913793e+00 5.571030640668523937e+00 6.643414715163593165e+00 7.763975155279502438e+00 8.394543546694649194e+00 8.826125330979699868e+00 9.172208209126345935e+00 9.483167377904219819e+00 9.770395701025890389e+00 1.003764115432873183e+01 1.029601029601029616e+01 1.053740779768176949e+01 1.077005923532579423e+01 1.099203077768617653e+01 1.120448179271708611e+01 1.140901312036508841e+01 1.160092807424593886e+01 1.178897730621868511e+01 1.196888090963494733e+01 1.214329083181542224e+01 1.231148045552477477e+01
4.441483455474128483e+00 4.946209966613082543e+00 5.570254839158891080e+00 6.383657835939993141e+00 7.162041181736794826e+00 7.635044855888528659e+00 7.968127490039840666e+00 8.250825082508249864e+00 8.505209440782479646e+00 8.745080891998251005e+00 8.970621215519173575e+00 9.184845005740529089e+00 9.389671361502347935e+00 9.585430146177809974e+00 9.775171065493644562e+00 9.955201592832253255e+00 1.012658227848101333e+01 1.029336078229541940e+01 1.045205121505095391e+01 1.060726597719437692e+01 1.075847229693383511e+01
4.968944099378882484e+00 5.706948209444998810e+00 6.895362868470952478e+00 7.870916961826051050e+00 8.440599282549060334e+00 8.843687817820031327e+00 9.180628873077804286e+00 9.487666034155596506e+00 9.768009768009768834e+00 1.003260596940055116e+01 1.028806584362139986e+01 1.052631578947368318e+01 1.075557945684323613e+01 1.097393689986282439e+01 1.118255521386636708e+01 1.137980085348506520e+01 1.157407407407407263e+01 1.175778953556731210e+01 1.192961526990754528e+01 1.209921355111917585e+01 1.225865767698437026e+01
4.960932655339203023e+00 5.618766680713582318e+00 6.685609226140731387e+00 7.722007722007722563e+00 8.336807002917883125e+00 8.758484782132690327e+00 9.099181073703366707e+00 9.398496240601502905e+00 9.680542110358180352e+00 9.942828734775043031e+00 1.019108280254777021e+01 1.043024771838331155e+01 1.065530101225359516e+01 1.086956521739130466e+01 1.107726391581279479e+01 1.127078050154973177e+01 1.145803494700658831e+01 1.164144353899883555e+01 1.181683899556868589e+01 1.197963462114405431e+01 1.214329083181542224e+01
4.884004884004884417e+00 5.564830272676682732e+00 6.594131223211341819e+00 7.597340930674264747e+00 8.181632235631006722e+00 8.581849388543231427e+00 8.914642299977712625e+00 9.212344541685858701e+00 9.489916963226573188e+00 9.751340809361284556e+00 1.000000000000000000e+01 1.023541453428863690e+01 1.046298718284070084e+01 1.067520683213237120e+01 1.088435374149659829e+01 1.108033240997229996e+01 1.126760563380281788e+01 1.144819690898683362e+01 1.162115049389889343e+01 1.178897730621868511e+01 1.195100089632506624e+01
4.843787842092515561e+00 5.507366102161641130e+00 6.469351447517386333e+00 7.446016381236038484e+00 8.038585209003214160e+00 8.437038599451591736e+00 8.762322015334063963e+00 9.051821679112920904e+00 9.317493594223153153e+00 9.571667863125147946e+00 9.808729769494849648e+00 1.003512293025589486e+01 1.025115325474115835e+01 1.045751633986928120e+01 1.065530101225359516e+01 1.084010840108401119e+01 1.102232019840176314e+01 1.119507416736635719e+01 1.136040897472308941e+01 1.152073732718893950e+01 1.167201634082287498e+01
5.078720162519045012e+00 5.827505827505826907e+00 7.144132880871584490e+00 8.126777732629010487e+00 8.707009142359597220e+00 9.126169290440337534e+00 9.476427386875148073e+00 9.791921664626682897e+00 1.008572869389813320e+01 1.036269430051813423e+01 1.062416998671978696e+01 1.087547580206634024e+01 1.111728738187882115e+01 1.134429948950652189e+01 1.156069364161849577e+01 1.176816710797293197e+01 1.196888090963494733e+01 1.216175129218607331e+01 1.234186979327367872e+01 1.251564455569461742e+01 1.269035532994923621e+01
4.638218923933209226e+00 5.187394631046556626e+00 5.926803970958659740e+00 6.854009595613433703e+00 7.524454477050413814e+00 7.945967421533572050e+00 8.267879288962380002e+00 8.547008547008548618e+00 8.804754567466432036e+00 9.045680687471730153e+00 9.274287039183862547e+00 9.492168960607498818e+00 9.699321047526671791e+00 9.896091044037603979e+00 1.008572869389813320e+01 1.026957637997432471e+01 1.044386422976501372e+01 1.061007957559681714e+01 1.077005923532579423e+01 1.092299290005461287e+01 1.107113202324937795e+01
4.602462317339776732e+00 5.089058524173028175e+00 5.769508149430260247e+00 6.635700066356999827e+00 7.366482504604051407e+00 7.827788649706457491e+00 8.159934720522233675e+00 8.440599282549060334e+00 8.695652173913043015e+00 8.934554389099844229e+00 9.159606136936110587e+00 9.374267635340988392e+00 9.578544061302681101e+00 9.772782799902271833e+00 9.960159362549800832e+00 1.013941698352344645e+01 1.030927835051546460e+01 1.047668936616029356e+01 1.063264221158957845e+01 1.078457805338365993e+01 1.093194861984148503e+01
4.823926676314520101e+00 5.448848930663396928e+00 6.350214319733289869e+00 7.317965605561654208e+00 7.923930269413629546e+00 8.324661810613944724e+00 8.648648648648649129e+00 8.936550491510276473e+00 9.203865623561895859e+00 9.454029780193806687e+00 9.689922480620154488e+00 9.915716410510658108e+00 1.012914661939731431e+01 1.033591731266149871e+01 1.053185887309110136e+01 1.072098633074242890e+01 1.089621356578588873e+01 1.106806862202545538e+01 1.123279977534400409e+01 1.139601139601139579e+01 1.154734411085450141e+01
4.814057046576001753e+00 5.486968449931412195e+00 6.466214031684447860e+00 7.487832272557094271e+00 8.072653884964681836e+00 8.470986869970349886e+00 8.800880088008799618e+00 9.095043201455206727e+00 9.369875849144998270e+00 9.629272989889262391e+00 9.874105159219945804e+00 1.010866818296689296e+01 1.033057851239669311e+01 1.054296257248286572e+01 1.074979844127922490e+01 1.094091903719912473e+01 1.112966054535336546e+01 1.130901894260672691e+01 1.148105625717565914e+01 1.164822364589400117e+01 1.180637544273907835e+01
5.031446540880502916e+00 5.746300818847866587e+00 6.985679357317499338e+00 8.004802881729037978e+00 8.598452278589853393e+00 9.019165727170236124e+00 9.367681498829039555e+00 9.680542110358180352e+00 9.972575417601595049e+00 1.024852677427619696e+01 1.050696086157078923e+01 1.075557945684323613e+01 1.099203077768617653e+01 1.121390524250069909e+01 1.142857142857142883e+01 1.163467132053519393e+01 1.183431952662721898e+01 1.202284340246468197e+01 1.220628623741226626e+01 1.238006809037449507e+01 1.254705144291091656e+01
4.515182300485381717e+00 5.043500189131257194e+00 5.712653527563552380e+00 6.633499170812603651e+00 7.412898443291326522e+00 7.881773399014777581e+00 8.220304151253595037e+00 8.510638297872340274e+00 8.771929824561402356e+00 9.015100292990759101e+00 9.248554913294798396e+00 9.469696969696968836e+00 9.680542110358180352e+00 9.883864591055100846e+00 1.007810531620055450e+01 1.026167265264238004e+01 1.044113808405116117e+01 1.061289466702042894e+01 1.077876583131231314e+01 1.093493712411153496e+01 1.108954810091488774e+01
5.022601707684580141e+00 5.757052389176740448e+00 6.983240223463687002e+00 7.966540529774945867e+00 8.548835221201111167e+00 8.962581223392335872e+00 9.304489416143288949e+00 9.613073780341263586e+00 9.898539965355109160e+00 1.016518424396442200e+01 1.041938004688721087e+01 1.066098081023453936e+01 1.089028042472093638e+01 1.111111111111111072e+01 1.132182281347296815e+01 1.152073732718893950e+01 1.171303074670571043e+01 1.189767995240927689e+01 1.207729468599033673e+01 1.224364860728496929e+01 1.240694789081885752e+01
4.128393023015791030e+00 5.246589716684154858e+00 6.000600060006000547e+00 6.943239021003297928e+00 7.655502392344497586e+00 8.110300081103000380e+00 8.449514152936204781e+00 8.739348918505571717e+00 9.002925950934054455e+00 9.250693802035153013e+00 9.485416172634574039e+00 9.706381946129578608e+00 9.918175055789735239e+00 1.012145748987854077e+01 1.031725561000773617e+01 1.050144394854292429e+01 1.068090787716955958e+01 1.085187194791101462e+01 1.101928374655647502e+01 1.117630623079072194e+01 1.132502831257077958e+01
4.755677089525621071e+00 5.319148936170212671e+00 6.131207847946044787e+00 7.158196134574086322e+00 7.840062720501762783e+00 8.274720728175424256e+00 8.611410118406888969e+00 8.906702293475840193e+00 9.178522257916474913e+00 9.433962264150942190e+00 9.678199854827003179e+00 9.908347783007183551e+00 1.012914661939731431e+01 1.033858878263116843e+01 1.054296257248286572e+01 1.073537305421363364e+01 1.092299290005461287e+01 1.109877913429522778e+01 1.127078050154973177e+01 1.143837575064340761e+01 1.159756451145259248e+01
5.089706069474487116e+00 5.804672761573065998e+00 6.997900629811056206e+00 7.996801279488204628e+00 8.604000860400084605e+00 9.027307605506656785e+00 9.376465072667603096e+00 9.687575684185031122e+00 9.977550511349463136e+00 1.024852677427619696e+01 1.050420168067226889e+01 1.074691026329930033e+01 1.097996157013450436e+01 1.120134416129935673e+01 1.141226818830242529e+01 1.161440185830429606e+01 1.180986123413049782e+01 1.199400299850074880e+01 1.216915120170367892e+01 1.234567901234567877e+01 1.250390747108471245e+01
4.760204688801617401e+00 5.315614617940199516e+00 6.133088009812940555e+00 7.202016564638098473e+00 7.911392405063289779e+00 8.364700961940609858e+00 8.710801393728223374e+00 9.006980409817607836e+00 9.278589654372535023e+00 9.532888465204955253e+00 9.770395701025890389e+00 1.000000000000000000e+01 1.021711366538952781e+01 1.042209484106305339e+01 1.062134891131173475e+01 1.081081081081081052e+01 1.099505222649807479e+01 1.117006422786930919e+01 1.133786848072562314e+01 1.150086256469235124e+01 1.165840862722238391e+01
4.656035385868932508e+00 5.196829933740418461e+00 5.938242280285035868e+00 6.930006930006929800e+00 7.656967840735068975e+00 8.108655990269612701e+00 8.445945945945943834e+00 8.739348918505571717e+00 9.006980409817607836e+00 9.254974548819991043e+00 9.489916963226573188e+00 9.715812484819041472e+00 9.930486593843099286e+00 1.013427919939194233e+01 1.033324722293980713e+01 1.052077853761178083e+01 1.070377308001070205e+01 1.087547580206634024e+01 1.104362230811706169e+01 1.120448179271708611e+01 1.136040897472308941e+01
4.984423676012461613e+00 5.732301519059902262e+00 6.915629322268326717e+00 7.869368483179224327e+00 8.433480919249419117e+00 8.833922261484099536e+00 9.170105456212745310e+00 9.471939379587970720e+00 9.753718605218237414e+00 1.001753067868770408e+01 1.026694045174537884e+01 1.050696086157078923e+01 1.073537305421363364e+01 1.095290251916757818e+01 1.115760111576011049e+01 1.135718341851220714e+01 1.154734411085450141e+01 1.172676634418059116e+01 1.190121987503719048e+01 1.206636500754147789e+01 1.222867624579639134e+01
4.855547462976450568e+00 5.523336095001380563e+00 6.538084341288001866e+00 7.587253414264035989e+00 8.186655751125664793e+00 8.596604341285191353e+00 8.930564858227283409e+00 9.229349330872173240e+00 9.507962918944615538e+00 9.770395701025890389e+00 1.001753067868770408e+01 1.025378108177390324e+01 1.047668936616029356e+01 1.069518716577540118e+01 1.089918256130790120e+01 1.109570041608876600e+01 1.128668171557561983e+01 1.146460303811980452e+01 1.163805644457375621e+01 1.180637544273907835e+01 1.196530062817828188e+01
4.242231413723617450e+00 5.053695514845229830e+00 5.720005720005719496e+00 6.606110652353426538e+00 7.389617587289857070e+00 7.869368483179224327e+00 8.211866146581810355e+00 8.501594048884165034e+00 8.764241893076249568e+00 9.011038522189680933e+00 9.242144177449167941e+00 9.462976105985331898e+00 9.673518742442562157e+00 9.876543209876542662e+00 1.006795872136924253e+01 1.025641025641025728e+01 1.043296817944705168e+01 1.060445387062566169e+01 1.077005923532579423e+01 1.092896174863387948e+01 1.108033240997229996e+01
4.828585224529212461e+00 5.439216752787597642e+00 6.327111673521037538e+00 7.296607077708864963e+00 7.903576368306658217e+00 8.305647840531559467e+00 8.628127696289904947e+00 8.920606601248884715e+00 9.189065012634964447e+00 9.442870632672331510e+00 9.685230024213074884e+00 9.915716410510658108e+00 1.013171225937183451e+01 1.034126163391933773e+01 1.054018445322793163e+01 1.073249262141132121e+01 1.091703056768558966e+01 1.109262340543538450e+01 1.126126126126125904e+01 1.142530705512710476e+01 1.158077591198610357e+01
4.787552363853979642e+00 5.385029617662897117e+00 6.253908692933083380e+00 7.283321194464675408e+00 7.928642220019820996e+00 8.347245409015025430e+00 8.678672163159037112e+00 8.972633467922834782e+00 9.242144177449167941e+00 9.494422027059101765e+00 9.734728644439034184e+00 9.965122072745389303e+00 1.018329938900203757e+01 1.038961038961038952e+01 1.058761249338274268e+01 1.077876583131231314e+01 1.096491228070175339e+01 1.113895850737955939e+01 1.130901894260672691e+01 1.147117866360768446e+01 1.162790697674418539e+01
4.854958125986162720e+00 5.473453749315817518e+00 6.416426050689764793e+00 7.476635514018691531e+00 8.111944838775094979e+00 8.536064874093042931e+00 8.873114463176575484e+00 9.172208209126345935e+00 9.445100354191263037e+00 9.706381946129578608e+00 9.950248756218904589e+00 1.018329938900203757e+01 1.040582726326742780e+01 1.061571125265392723e+01 1.082251082251082153e+01 1.101624896722665881e+01 1.120134416129935673e+01 1.137980085348506520e+01 1.155401502021952531e+01 1.171989452094931039e+01 1.188001188001187813e+01
4.672897196261682318e+00 5.232177894048398059e+00 5.998800239952009505e+00 7.034822370735138719e+00 7.748934521503292316e+00 8.196721311475410943e+00 8.536064874093042931e+00 8.830022075055188324e+00 9.099181073703366707e+00 9.350163627863487648e+00 9.587727708533076765e+00 9.815950920245398947e+00 1.003512293025589486e+01 1.024065540194572499e+01 1.043841336116910057e+01 1.062699256110520629e+01 1.081373344147066717e+01 1.098599285910464118e+01 1.115760111576011049e+01 1.132182281347296815e+01 1.147446930579460656e+01
5.006884466140943069e+00 5.706134094151212643e+00 6.824773929363590064e+00 7.798791187365958777e+00 8.378718056137410386e+00 8.787346221441124428e+00 9.122006841505131192e+00 9.425070688030158905e+00 9.706381946129578608e+00 9.970089730807575990e+00 1.022233580373115203e+01 1.045751633986928120e+01 1.068661501469409458e+01 1.090215317525211169e+01 1.110802554845876244e+01 1.130901894260672691e+01 1.149755676918654679e+01 1.167883211678832112e+01 1.185536455245998688e+01 1.201923076923076827e+01 1.218397806883947609e+01
3.969829297340214502e+00 5.024494410249968901e+00 5.673758865248227146e+00 6.490345610903779594e+00 7.242440702516747209e+00 7.722007722007722563e+00 8.058017727638999261e+00 8.340283569641368189e+00 8.596604341285191353e+00 8.835873647006847520e+00 9.062075215224286495e+00 9.276437847866418451e+00 9.480919649205972632e+00 9.675858732462504719e+00 9.864364981504316177e+00 1.004268139593271236e+01 1.021450459652706755e+01 1.038152089281079604e+01 1.054018445322793163e+01 1.069232825447741320e+01 1.084304689617782458e+01
4.986287708800797525e+00 5.663315871442729410e+00 6.790018672551348722e+00 7.829320806420042800e+00 8.433480919249419117e+00 8.853474988933156098e+00 9.197516670498965041e+00 9.505703422053231932e+00 9.794319294809008980e+00 1.006542526421741357e+01 1.032258064516129004e+01 1.056803170409511239e+01 1.079913606911446955e+01 1.102232019840176314e+01 1.123279977534400409e+01 1.143837575064340761e+01 1.163467132053519393e+01 1.182033096926713789e+01 1.200120012001200109e+01 1.217285453438831411e+01 1.233806292412091210e+01
4.112687641373637959e+00 5.240403511070351961e+00 6.000600060006000547e+00 6.945650286508074700e+00 7.630675314765356099e+00 8.062890546260835123e+00 8.391021606880636696e+00 8.676789587852494989e+00 8.936550491510276473e+00 9.182736455463727410e+00 9.416195856873821768e+00 9.636232233196819763e+00 9.844942160964803790e+00 1.004772670183370842e+01 1.023803429741489524e+01 1.042209484106305339e+01 1.059883412824589222e+01 1.077005923532579423e+01 1.093194861984148503e+01 1.108954810091488774e+01 1.123911211014329758e+01
4.875670404680642278e+00 5.476451259583789088e+00 6.418485237483952943e+00 7.531538316701186453e+00 8.198401311744209607e+00 8.641175199827175746e+00 8.988764044943820863e+00 9.291521486643437910e+00 9.571667863125147946e+00 9.830425165888422967e+00 1.008064516129032206e+01 1.031459515214027967e+01 1.054296257248286572e+01 1.075557945684323613e+01 1.096190737188270603e+01 1.115760111576011049e+01 1.134429948950652189e+01 1.152737752161383256e+01 1.170275014628437660e+01 1.186591515870661517e+01 1.203007518796992592e+01
4.881620698071759357e+00 5.472704884389108848e+00 6.396929473852550174e+00 7.439092430723451166e+00 8.088978766430738432e+00 8.517887563884157132e+00 8.855435023245517456e+00 9.151223976206816602e+00 9.425070688030158905e+00 9.680542110358180352e+00 9.923096005953857102e+00 1.015228426395938932e+01 1.037075447238786374e+01 1.058201058201058231e+01 1.078167115902965101e+01 1.097393689986282439e+01 1.115760111576011049e+01 1.133465570983281268e+01 1.150086256469235124e+01 1.166180758017492636e+01 1.182033096926713789e+01
4.941932295527550423e+00 5.557871335278587566e+00 6.563833278634723101e+00 7.637960664502577046e+00 8.281573498964803548e+00 8.714596949891069144e+00 9.060022650056625437e+00 9.363295880149811623e+00 9.645526886906194974e+00 9.905894006934126139e+00 1.015744032503809002e+01 1.039230969082878531e+01 1.062134891131173475e+01 1.083717149823895909e+01 1.104057410985371135e+01 1.123911211014329758e+01 1.142857142857142883e+01 1.161103047895500673e+01 1.178550383028874293e+01 1.195100089632506624e+01 1.211387038158691531e+01
4.940101272076077521e+00 5.610098176718092411e+00 6.700167504187604983e+00 7.753440589261485272e+00 8.368200836820083310e+00 8.789277081960008786e+00 9.132420091324199518e+00 9.436187780136823022e+00 9.718172983479105298e+00 9.980039920159681444e+00 1.023017902813299251e+01 1.046846375294425435e+01 1.069518716577540118e+01 1.091107474086197371e+01 1.111728738187882115e+01 1.131541725601131532e+01 1.150086256469235124e+01 1.168224299065420446e+01 1.185887933590275622e+01 1.202645820805772559e+01 1.218769043266300933e+01
4.992511233150273675e+00 5.703693141308996850e+00 6.939625260235947835e+00 7.979253939756632441e+00 8.574490889603429977e+00 8.996851102114259646e+00 9.345794392523364635e+00 9.659502535619415298e+00 9.952724558347846084e+00 1.022494887525562213e+01 1.048492791612057751e+01 1.073537305421363364e+01 1.096791883740060136e+01 1.119507416736635719e+01 1.141226818830242529e+01 1.162115049389889343e+01 1.182033096926713789e+01 1.200840588411888277e+01 1.219140505943309805e+01 1.236858379715522460e+01 1.253525540582889342e+01
4.821019645655055363e+00 5.456281544127675964e+00 6.416426050689764793e+00 7.564296520423599901e+00 8.208495793145905495e+00 8.637443316778233182e+00 8.984725965858039842e+00 9.287206872533085189e+00 9.569377990430622205e+00 9.835259404966805619e+00 1.008827238335435084e+01 1.032524522457408267e+01 1.055408970976253258e+01 1.077586206896551602e+01 1.098599285910464118e+01 1.118568232662192230e+01 1.137656427758816768e+01 1.156403584851113031e+01 1.174053419430583922e+01 1.191185229303156667e+01 1.207364926048898113e+01
