5.001250312578144452e+00 5.660911406736484075e+00 6.756756756756757021e+00 7.783615489394824394e+00 8.398068444257821952e+00 8.820286659316428413e+00 9.163802978235969121e+00 9.467455621301775537e+00 9.748964172556664920e+00 1.001251564455569465e+01 1.026430587631511315e+01 1.049868766404199505e+01 1.072673639045320293e+01 1.094391244870040936e+01 1.115137998327292834e+01 1.135073779795686733e+01 1.153735217767522236e+01 1.171989452094931039e+01 1.189414213499851236e+01 1.206272617611580245e+01 1.222493887530562340e+01
4.860267314702308106e+00 5.498281786941580762e+00 6.490345610903779594e+00 7.601672367920942364e+00 8.238928939237899485e+00 8.667388949079089855e+00 9.011038522189680933e+00 9.313154831199067729e+00 9.594627008875029617e+00 9.857072449482503274e+00 1.010611419909045061e+01 1.034393586759761874e+01 1.057082452431289532e+01 1.078748651564185401e+01 1.099505222649807479e+01 1.119194180190262955e+01 1.138303927148548667e+01 1.156403584851113031e+01 1.173708920187793403e+01 1.190830604346531452e+01 1.207000603500301494e+01
4.796163069544363999e+00 5.431093007467752365e+00 6.350214319733289869e+00 7.388252678241595817e+00 8.004802881729037978e+00 8.415737428992214220e+00 8.745080891998251005e+00 9.037505648441030104e+00 9.308820107051431592e+00 9.564801530368242766e+00 9.806325079676389223e+00 1.003512293025589486e+01 1.025641025641025728e+01 1.046572475143903524e+01 1.066666666666666607e+01 1.085776330076004292e+01 1.104362230811706169e+01 1.122019635343618482e+01 1.138952164009111456e+01 1.155067860236788846e+01 1.170960187353629856e+01
4.697592483852025325e+00 5.270092226613965813e+00 6.065200909780136485e+00 7.127583749109051681e+00 7.823195775474282243e+00 8.262755629002272784e+00 8.604000860400084605e+00 8.896797153024909477e+00 9.165902841429881320e+00 9.418412997409935983e+00 9.657170449058424921e+00 9.883864591055100846e+00 1.010101010101010210e+01 1.030662200463797973e+01 1.050696086157078923e+01 1.069804760631184593e+01 1.088139281828073912e+01 1.105888858169753775e+01 1.122649452708391848e+01 1.138627953316253993e+01 1.154401154401154450e+01
4.811161895597786398e+00 5.386479935362240568e+00 6.231500233681257939e+00 7.181328545780969463e+00 7.809449433814915409e+00 8.220304151253595037e+00 8.541533205210335211e+00 8.828073273008165245e+00 9.090909090909089940e+00 9.339248190520663684e+00 9.573958831977021688e+00 9.796718099436688476e+00 1.001001001001001001e+01 1.021189685984171547e+01 1.040582726326742780e+01 1.059322033898305015e+01 1.077005923532579423e+01 1.094091903719912473e+01 1.110494169905607897e+01 1.126126126126125904e+01 1.141226818830242529e+01
4.785833931562573973e+00 5.295908910366741829e+00 6.077180188392585336e+00 7.000350017500875488e+00 7.665772326561900663e+00 8.092251669026905958e+00 8.415737428992214220e+00 8.701326952360235012e+00 8.962581223392335872e+00 9.208103130755063148e+00 9.438414346389807363e+00 9.659502535619415298e+00 9.869232667160128258e+00 1.006795872136924253e+01 1.026167265264238004e+01 1.044386422976501372e+01 1.062134891131173475e+01 1.078748651564185401e+01 1.094990418833835122e+01 1.110802554845876244e+01 1.125809175344778978e+01
4.046535154274153001e+00 5.136106831022084762e+00 5.838563713326522020e+00 6.741951795044665019e+00 7.479431563201195843e+00 7.945967421533572050e+00 8.281573498964803548e+00 8.568980291345329903e+00 8.828073273008165245e+00 9.070294784580498870e+00 9.302325581395349374e+00 9.519276534983340810e+00 9.727626459143968063e+00 9.928021841648050128e+00 1.011633788568538073e+01 1.029866117404737302e+01 1.047394605917779487e+01 1.064395955295369767e+01 1.080205238995409189e+01 1.095890410958904049e+01 1.110802554845876244e+01
4.692082111436950420e+00 5.272871078302135750e+00 6.072567177774403469e+00 7.141581860382074431e+00 7.829320806420042800e+00 8.267879288962380002e+00 8.604000860400084605e+00 8.898776418242491104e+00 9.165902841429881320e+00 9.418412997409935983e+00 9.659502535619415298e+00 9.886307464162134906e+00 1.010611419909045061e+01 1.031193606599638990e+01 1.051248357424441515e+01 1.070090957731407144e+01 1.088731627653783107e+01 1.106194690265486713e+01 1.122964626614261441e+01 1.139601139601139579e+01 1.155067860236788846e+01
4.827419744146753011e+00 5.431830526887560850e+00 6.311139160618490784e+00 7.268762493185533913e+00 7.881773399014777581e+00 8.283288465520810107e+00 8.605851979345954916e+00 8.894818768067599635e+00 9.159606136936110587e+00 9.409550693954363609e+00 9.647853352629040202e+00 9.874105159219945804e+00 1.008827238335435084e+01 1.029336078229541940e+01 1.049042748492001031e+01 1.068090787716955958e+01 1.085776330076004292e+01 1.103143960286817382e+01 1.119820828667413082e+01 1.135395969344308753e+01 1.150747986191024097e+01
4.075394803871625449e+00 5.166623611469903565e+00 5.882352941176470118e+00 6.772773450728073463e+00 7.473841554559043310e+00 7.914523149980214001e+00 8.242324335462601681e+00 8.525149190110825614e+00 8.783487044356608209e+00 9.027307605506656785e+00 9.254974548819991043e+00 9.471939379587970720e+00 9.680542110358180352e+00 9.876543209876542662e+00 1.006795872136924253e+01 1.025115325474115835e+01 1.042481105029971111e+01 1.059041567381519577e+01 1.075268817204301186e+01 1.090809926370329741e+01 1.105583195135433883e+01
4.010427110487266411e+00 5.001875703388770411e+00 5.640157924421883351e+00 6.444337038827130826e+00 7.207207207207207311e+00 7.695267410542514952e+00 8.033741715203854383e+00 8.319467554076538818e+00 8.574490889603429977e+00 8.812513769552763776e+00 9.039548022598870247e+00 9.254974548819991043e+00 9.460737937559128952e+00 9.657170449058424921e+00 9.844942160964803790e+00 1.002506265664160345e+01 1.019627835839918362e+01 1.036269430051813423e+01 1.052354643514864385e+01 1.067520683213237120e+01 1.082543978349120550e+01
5.037783375314861090e+00 5.766181346403343788e+00 6.991784653032685704e+00 7.977662544874350559e+00 8.557980316645270591e+00 8.970621215519173575e+00 9.315323707498833983e+00 9.624639076034648966e+00 9.915716410510658108e+00 1.018589253883371448e+01 1.044113808405116117e+01 1.068661501469409458e+01 1.092299290005461287e+01 1.114516578434104055e+01 1.135718341851220714e+01 1.156069364161849577e+01 1.175433441081398733e+01 1.194386383995222367e+01 1.212488632919066234e+01 1.229256299938537111e+01 1.246105919003115226e+01
4.334633723450368237e+00 5.174644243208279981e+00 5.897095680377414162e+00 6.846970215679561100e+00 7.587253414264035989e+00 8.048289738430584705e+00 8.389261744966443501e+00 8.682439765574125445e+00 8.946544397226569245e+00 9.195402298850574141e+00 9.433962264150942190e+00 9.657170449058424921e+00 9.871668311944716834e+00 1.007556675062972218e+01 1.027221366204416952e+01 1.046298718284070084e+01 1.064395955295369767e+01 1.081958344603732591e+01 1.098297638660076636e+01 1.114516578434104055e+01 1.130262786097767602e+01
4.783544606553455480e+00 5.436998776675274314e+00 6.361323155216284775e+00 7.366482504604051407e+00 7.964954201513340770e+00 8.366450533361220465e+00 8.689984792526614044e+00 8.980691513246519264e+00 9.248554913294798396e+00 9.498931370220848436e+00 9.741841207988310103e+00 9.967605282830799496e+00 1.018589253883371448e+01 1.039230969082878531e+01 1.059041567381519577e+01 1.078167115902965101e+01 1.096491228070175339e+01 1.113895850737955939e+01 1.130582249858677280e+01 1.146788990825687904e+01 1.162115049389889343e+01
4.914608674284309586e+00 5.571806658308956273e+00 6.643414715163593165e+00 7.762468464971860271e+00 8.392782207301721087e+00 8.824178248400617264e+00 9.172208209126345935e+00 9.483167377904219819e+00 9.770395701025890389e+00 1.003764115432873183e+01 1.029336078229541940e+01 1.054018445322793163e+01 1.077005923532579423e+01 1.099203077768617653e+01 1.120448179271708611e+01 1.140575990875391987e+01 1.160092807424593886e+01 1.178897730621868511e+01 1.196888090963494733e+01 1.214329083181542224e+01 1.231148045552477477e+01
4.440990340846008522e+00 4.946821667078901363e+00 5.570254839158891080e+00 6.383657835939993141e+00 7.162041181736794826e+00 7.635044855888528659e+00 7.969715082685792318e+00 8.250825082508249864e+00 8.505209440782479646e+00 8.745080891998251005e+00 8.968609865470851261e+00 9.184845005740529089e+00 9.389671361502347935e+00 9.585430146177809974e+00 9.772782799902271833e+00 9.952724558347846084e+00 1.012914661939731431e+01 1.029336078229541940e+01 1.045478306325143691e+01 1.061007957559681714e+01 1.075847229693383511e+01
4.968944099378882484e+00 5.707762557077625587e+00 6.895362868470952478e+00 7.869368483179224327e+00 8.440599282549060334e+00 8.843687817820031327e+00 9.182736455463727410e+00 9.485416172634574039e+00 9.768009768009768834e+00 1.003512293025589486e+01 1.028542041655952666e+01 1.052631578947368318e+01 1.075557945684323613e+01 1.097393689986282439e+01 1.118255521386636708e+01 1.138303927148548667e+01 1.157407407407407263e+01 1.175433441081398733e+01 1.192961526990754528e+01 1.209921355111917585e+01 1.226241569589208957e+01
4.960932655339203023e+00 5.618766680713582318e+00 6.686726847208291247e+00 7.722007722007722563e+00 8.336807002917883125e+00 8.758484782132690327e+00 9.097111667045711059e+00 9.398496240601502905e+00 9.680542110358180352e+00 9.942828734775043031e+00 1.019108280254777021e+01 1.042752867570385789e+01 1.065246338215712463e+01 1.086956521739130466e+01 1.107419712070874773e+01 1.127395715896279604e+01 1.146131805157593142e+01 1.164144353899883555e+01 1.181683899556868589e+01 1.198322348711803542e+01 1.214329083181542224e+01
4.884601294419343098e+00 5.564830272676682732e+00 6.594131223211341819e+00 7.597340930674264747e+00 8.181632235631006722e+00 8.583690987124462879e+00 8.914642299977712625e+00 9.212344541685858701e+00 9.492168960607498818e+00 9.753718605218237414e+00 1.000000000000000000e+01 1.023541453428863690e+01 1.046298718284070084e+01 1.067805659369994586e+01 1.088139281828073912e+01 1.108033240997229996e+01 1.126760563380281788e+01 1.144819690898683362e+01 1.162115049389889343e+01 1.178897730621868511e+01 1.194743130227001160e+01
4.843201356096378696e+00 5.508124483613329403e+00 6.469351447517386333e+00 7.446016381236038484e+00 8.038585209003214160e+00 8.438818565400843852e+00 8.762322015334063963e+00 9.049773755656110197e+00 9.319664492078285178e+00 9.569377990430622205e+00 9.808729769494849648e+00 1.003512293025589486e+01 1.025115325474115835e+01 1.045478306325143691e+01 1.065246338215712463e+01 1.084304689617782458e+01 1.102232019840176314e+01 1.119507416736635719e+01 1.136040897472308941e+01 1.152073732718893950e+01 1.167201634082287498e+01
5.078720162519045012e+00 5.827505827505826907e+00 7.145409074669523797e+00 8.126777732629010487e+00 8.707009142359597220e+00 9.126169290440337534e+00 9.476427386875148073e+00 9.791921664626682897e+00 1.008572869389813320e+01 1.036269430051813423e+01 1.062699256110520629e+01 1.087547580206634024e+01 1.111419838844123298e+01 1.134429948950652189e+01 1.156069364161849577e+01 1.176816710797293197e+01 1.196888090963494733e+01 1.215805471124620141e+01 1.234186979327367872e+01 1.251956181533646273e+01 1.269035532994923621e+01
4.637681159420290022e+00 5.187394631046556626e+00 5.925925925925925597e+00 6.852835360630460393e+00 7.524454477050413814e+00 7.945967421533572050e+00 8.266170696424881115e+00 8.547008547008548618e+00 8.804754567466432036e+00 9.045680687471730153e+00 9.274287039183862547e+00 9.492168960607498818e+00 9.699321047526671791e+00 9.896091044037603979e+00 1.008572869389813320e+01 1.026694045174537884e+01 1.044386422976501372e+01 1.061007957559681714e+01 1.077005923532579423e+01 1.092299290005461287e+01 1.107113202324937795e+01
4.601932811780947929e+00 5.088411143620405142e+00 5.770340450086554718e+00 6.636801061888169428e+00 7.365126127784937360e+00 7.827788649706457491e+00 8.159934720522233675e+00 8.442380751371885594e+00 8.695652173913043015e+00 8.934554389099844229e+00 9.159606136936110587e+00 9.374267635340988392e+00 9.578544061302681101e+00 9.772782799902271833e+00 9.960159362549800832e+00 1.013684744044602049e+01 1.030927835051546460e+01 1.047394605917779487e+01 1.063264221158957845e+01 1.078457805338365993e+01 1.093194861984148503e+01
4.823344989750391498e+00 5.448848930663396928e+00 6.350214319733289869e+00 7.319304666056725139e+00 7.923930269413629546e+00 8.326394671107410161e+00 8.648648648648649129e+00 8.936550491510276473e+00 9.201748332183113277e+00 9.454029780193806687e+00 9.689922480620154488e+00 9.915716410510658108e+00 1.012914661939731431e+01 1.033591731266149871e+01 1.053185887309110136e+01 1.071811361200428614e+01 1.089621356578588873e+01 1.107113202324937795e+01 1.123279977534400409e+01 1.139276559384790488e+01 1.154734411085450141e+01
4.813477737665463607e+00 5.486968449931412195e+00 6.466214031684447860e+00 7.486430844095076864e+00 8.072653884964681836e+00 8.472781190425756392e+00 8.800880088008799618e+00 9.095043201455206727e+00 9.369875849144998270e+00 9.629272989889262391e+00 9.874105159219945804e+00 1.010866818296689296e+01 1.033057851239669311e+01 1.054296257248286572e+01 1.074691026329930033e+01 1.094391244870040936e+01 1.112966054535336546e+01 1.130901894260672691e+01 1.148105625717565914e+01 1.164822364589400117e+01 1.180637544273907835e+01
5.031446540880502916e+00 5.746300818847866587e+00 6.985679357317499338e+00 8.004802881729037978e+00 8.598452278589853393e+00 9.019165727170236124e+00 9.367681498829039555e+00 9.682885499878963742e+00 9.972575417601595049e+00 1.024852677427619696e+01 1.050696086157078923e+01 1.075557945684323613e+01 1.099203077768617653e+01 1.121390524250069909e+01 1.143183766790511591e+01 1.163805644457375621e+01 1.183431952662721898e+01 1.202284340246468197e+01 1.220256253813300695e+01 1.238006809037449507e+01 1.254705144291091656e+01
4.515182300485381717e+00 5.044136191677175418e+00 5.712653527563552380e+00 6.633499170812603651e+00 7.412898443291326522e+00 7.880220646178091926e+00 8.221993833504624760e+00 8.510638297872340274e+00 8.771929824561402356e+00 9.017132551848511923e+00 9.248554913294798396e+00 9.469696969696968836e+00 9.682885499878963742e+00 9.883864591055100846e+00 1.007810531620055450e+01 1.026167265264238004e+01 1.044113808405116117e+01 1.061289466702042894e+01 1.077876583131231314e+01 1.093792726278370075e+01 1.108954810091488774e+01
5.022601707684580141e+00 5.757052389176740448e+00 6.983240223463687002e+00 7.968127490039840666e+00 8.550662676357417169e+00 8.962581223392335872e+00 9.304489416143288949e+00 9.613073780341263586e+00 9.898539965355109160e+00 1.016518424396442200e+01 1.041938004688721087e+01 1.066098081023453936e+01 1.089028042472093638e+01 1.111111111111111072e+01 1.132182281347296815e+01 1.152073732718893950e+01 1.171303074670571043e+01 1.189767995240927689e+01 1.207729468599033673e+01 1.224739742804653986e+01 1.240694789081885752e+01
4.128393023015791030e+00 5.246589716684154858e+00 6.000600060006000547e+00 6.943239021003297928e+00 7.655502392344497586e+00 8.111944838775094979e+00 8.449514152936204781e+00 8.739348918505571717e+00 9.004952723998197683e+00 9.250693802035153013e+00 9.485416172634574039e+00 9.706381946129578608e+00 9.918175055789735239e+00 1.012145748987854077e+01 1.031459515214027967e+01 1.050144394854292429e+01 1.068090787716955958e+01 1.085187194791101462e+01 1.101624896722665881e+01 1.117318435754189920e+01 1.132823562730104605e+01
4.755677089525621071e+00 5.319148936170212671e+00 6.130268199233716686e+00 7.158196134574086322e+00 7.841599686336011565e+00 8.274720728175424256e+00 8.611410118406888969e+00 8.906702293475840193e+00 9.178522257916474913e+00 9.433962264150942190e+00 9.678199854827003179e+00 9.908347783007183551e+00 1.012914661939731431e+01 1.034126163391933773e+01 1.054296257248286572e+01 1.073825503355704569e+01 1.092001092001091855e+01 1.110185956147654629e+01 1.127078050154973177e+01 1.143510577472841661e+01 1.159756451145259248e+01
4.960317460317460458e+00 5.804672761573065998e+00 6.997900629811056206e+00 7.996801279488204628e+00 8.604000860400084605e+00 9.027307605506656785e+00 9.376465072667603096e+00 9.687575684185031122e+00 9.975062344139651316e+00 1.024852677427619696e+01 1.050420168067226889e+01 1.074691026329930033e+01 1.097996157013450436e+01 1.120134416129935673e+01 1.141226818830242529e+01 1.161440185830429606e+01 1.180986123413049782e+01 1.199400299850074880e+01 1.217285453438831411e+01 1.234186979327367872e+01 1.250781738586616676e+01
4.760204688801617401e+00 5.316321105794789226e+00 6.133088009812940555e+00 7.203313524221140796e+00 7.911392405063289779e+00 8.366450533361220465e+00 8.710801393728223374e+00 9.009009009009009361e+00 9.278589654372535023e+00 9.530617107457707959e+00 9.772782799902271833e+00 1.000000000000000000e+01 1.021450459652706755e+01 1.042209484106305339e+01 1.062134891131173475e+01 1.081081081081081052e+01 1.099505222649807479e+01 1.117006422786930919e+01 1.133786848072562314e+01 1.149755676918654679e+01 1.165840862722238391e+01
4.656035385868932508e+00 5.196829933740418461e+00 5.939123979213065674e+00 6.931207762952694473e+00 7.655502392344497586e+00 8.108655990269612701e+00 8.445945945945943834e+00 8.739348918505571717e+00 9.004952723998197683e+00 9.254974548819991043e+00 9.489916963226573188e+00 9.715812484819041472e+00 9.930486593843099286e+00 1.013684744044602049e+01 1.033324722293980713e+01 1.052077853761178083e+01 1.070377308001070205e+01 1.087843350557519528e+01 1.104362230811706169e+01 1.120448179271708611e+01 1.136040897472308941e+01
4.984423676012461613e+00 5.732301519059902262e+00 6.915629322268326717e+00 7.867820613690008180e+00 8.433480919249419117e+00 8.833922261484099536e+00 9.170105456212745310e+00 9.471939379587970720e+00 9.753718605218237414e+00 1.002004008016032088e+01 1.026694045174537884e+01 1.050696086157078923e+01 1.073537305421363364e+01 1.094990418833835122e+01 1.115760111576011049e+01 1.135718341851220714e+01 1.154734411085450141e+01 1.172676634418059116e+01 1.190121987503719048e+01 1.207000603500301494e+01 1.223241590214067287e+01
4.854958125986162720e+00 5.523336095001380563e+00 6.538084341288001866e+00 7.585814526834817606e+00 8.186655751125664793e+00 8.596604341285191353e+00 8.930564858227283409e+00 9.231479344564965217e+00 9.507962918944615538e+00 9.770395701025890389e+00 1.001753067868770408e+01 1.025378108177390324e+01 1.047943411055802976e+01 1.069232825447741320e+01 1.089918256130790120e+01 1.109877913429522778e+01 1.128668171557561983e+01 1.146460303811980452e+01 1.164144353899883555e+01 1.180637544273907835e+01 1.196888090963494733e+01
4.242231413723617450e+00 5.053695514845229830e+00 5.720005720005719496e+00 6.606110652353426538e+00 7.389617587289857070e+00 7.869368483179224327e+00 8.211866146581810355e+00 8.501594048884165034e+00 8.766162612316458436e+00 9.011038522189680933e+00 9.242144177449167941e+00 9.462976105985331898e+00 9.673518742442562157e+00 9.876543209876542662e+00 1.007049345417925323e+01 1.025378108177390324e+01 1.043296817944705168e+01 1.060445387062566169e+01 1.077005923532579423e+01 1.092896174863387948e+01 1.108033240997229996e+01
4.828002414001207221e+00 5.439216752787597642e+00 6.328112640404999212e+00 7.296607077708864963e+00 7.903576368306658217e+00 8.303923603902843453e+00 8.629989212513484276e+00 8.918617614269788163e+00 9.189065012634964447e+00 9.445100354191263037e+00 9.685230024213074884e+00 9.913258983890953502e+00 1.013171225937183451e+01 1.034393586759761874e+01 1.054018445322793163e+01 1.073249262141132121e+01 1.091703056768558966e+01 1.109262340543538450e+01 1.126126126126125904e+01 1.142204454597372809e+01 1.157742402315484753e+01
4.787552363853979642e+00 5.385029617662897117e+00 6.252931061435046622e+00 7.284647605172099638e+00 7.928642220019820996e+00 8.347245409015025430e+00 8.678672163159037112e+00 8.972633467922834782e+00 9.242144177449167941e+00 9.496676163342829824e+00 9.737098344693279728e+00 9.965122072745389303e+00 1.018329938900203757e+01 1.039230969082878531e+01 1.059041567381519577e+01 1.078167115902965101e+01 1.096491228070175339e+01 1.113895850737955939e+01 1.130901894260672691e+01 1.147117866360768446e+01 1.162790697674418539e+01
4.854958125986162720e+00 5.474202819214451843e+00 6.416426050689764793e+00 7.476635514018691531e+00 8.113590263691683901e+00 8.536064874093042931e+00 8.873114463176575484e+00 9.172208209126345935e+00 9.447331128956069080e+00 9.706381946129578608e+00 9.950248756218904589e+00 1.018329938900203757e+01 1.040582726326742780e+01 1.061852933368728280e+01 1.082251082251082153e+01 1.101624896722665881e+01 1.120134416129935673e+01 1.137980085348506520e+01 1.155067860236788846e+01 1.171989452094931039e+01 1.188001188001187813e+01
4.672897196261682318e+00 5.231493591420350420e+00 5.998800239952009505e+00 7.033585370142430016e+00 7.748934521503292316e+00 8.196721311475410943e+00 8.536064874093042931e+00 8.830022075055188324e+00 9.097111667045711059e+00 9.350163627863487648e+00 9.590026372572523883e+00 9.815950920245398947e+00 1.003260596940055116e+01 1.024065540194572499e+01 1.043841336116910057e+01 1.062981663566303503e+01 1.081081081081081052e+01 1.098599285910464118e+01 1.115448968209704361e+01 1.131861912846632556e+01 1.147446930579460656e+01
5.006884466140943069e+00 5.706134094151212643e+00 6.824773929363590064e+00 7.797270955165691575e+00 8.380473496752564699e+00 8.787346221441124428e+00 9.122006841505131192e+00 9.425070688030158905e+00 9.704027171276079500e+00 9.970089730807575990e+00 1.022233580373115203e+01 1.045751633986928120e+01 1.068661501469409458e+01 1.090215317525211169e+01 1.110802554845876244e+01 1.130901894260672691e+01 1.149755676918654679e+01 1.167883211678832112e+01 1.185536455245998688e+01 1.201923076923076827e+01 1.218026796589524885e+01
3.969829297340214502e+00 5.024494410249968901e+00 5.673758865248227146e+00 6.491398896462187373e+00 7.242440702516747209e+00 7.720517274657401785e+00 8.058017727638999261e+00 8.340283569641368189e+00 8.596604341285191353e+00 8.835873647006847520e+00 9.062075215224286495e+00 9.276437847866418451e+00 9.480919649205972632e+00 9.675858732462504719e+00 9.864364981504316177e+00 1.004268139593271236e+01 1.021450459652706755e+01 1.037882719252724506e+01 1.054018445322793163e+01 1.069232825447741320e+01 1.084010840108401119e+01
4.986909362922328448e+00 5.663315871442729410e+00 6.790018672551348722e+00 7.830853563038371767e+00 8.433480919249419117e+00 8.853474988933156098e+00 9.197516670498965041e+00 9.505703422053231932e+00 9.794319294809008980e+00 1.006289308176100583e+01 1.032258064516129004e+01 1.056524035921817095e+01 1.079913606911446955e+01 1.101928374655647502e+01 1.123279977534400409e+01 1.143510577472841661e+01 1.163467132053519393e+01 1.182033096926713789e+01 1.200120012001200109e+01 1.217285453438831411e+01 1.233806292412091210e+01
4.112687641373637959e+00 5.240403511070351961e+00 6.000600060006000547e+00 6.946856547412294525e+00 7.629219912263970116e+00 8.062890546260835123e+00 8.391021606880636696e+00 8.676789587852494989e+00 8.938547486033519007e+00 9.184845005740529089e+00 9.416195856873821768e+00 9.636232233196819763e+00 9.847365829640569501e+00 1.004520341536916028e+01 1.023803429741489524e+01 1.042481105029971111e+01 1.059883412824589222e+01 1.077005923532579423e+01 1.093194861984148503e+01 1.108954810091488774e+01 1.123911211014329758e+01
4.876264781177617635e+00 5.476451259583789088e+00 6.418485237483952943e+00 7.531538316701186453e+00 8.200082000820007266e+00 8.641175199827175746e+00 8.988764044943820863e+00 9.291521486643437910e+00 9.571667863125147946e+00 9.832841691248770388e+00 1.008064516129032206e+01 1.031725561000773617e+01 1.054018445322793163e+01 1.075557945684323613e+01 1.095890410958904049e+01 1.115760111576011049e+01 1.134429948950652189e+01 1.152737752161383256e+01 1.170275014628437660e+01 1.186943620178041670e+01 1.202645820805772559e+01
4.881025015253203314e+00 5.471956224350204678e+00 6.395906619763350953e+00 7.439092430723451166e+00 8.087343307723413588e+00 8.517887563884157132e+00 8.857395925597872477e+00 9.153318077803204389e+00 9.425070688030158905e+00 9.680542110358180352e+00 9.923096005953857102e+00 1.015228426395938932e+01 1.037344398340249008e+01 1.058201058201058231e+01 1.078167115902965101e+01 1.097393689986282439e+01 1.115760111576011049e+01 1.133144475920679994e+01 1.150417026171987267e+01 1.166520851560221494e+01 1.182033096926713789e+01
4.941932295527550423e+00 5.557871335278587566e+00 6.563833278634723101e+00 7.637960664502577046e+00 8.281573498964803548e+00 8.714596949891069144e+00 9.060022650056625437e+00 9.363295880149811623e+00 9.643201542912246182e+00 9.905894006934126139e+00 1.015744032503809002e+01 1.039230969082878531e+01 1.061852933368728280e+01 1.083423618634886054e+01 1.104057410985371135e+01 1.123911211014329758e+01 1.142857142857142883e+01 1.161103047895500673e+01 1.178550383028874293e+01 1.195100089632506624e+01 1.211387038158691531e+01
4.940101272076077521e+00 5.610098176718092411e+00 6.700167504187604983e+00 7.753440589261485272e+00 8.369951872776731250e+00 8.791208791208791951e+00 9.132420091324199518e+00 9.436187780136823022e+00 9.715812484819041472e+00 9.980039920159681444e+00 1.023017902813299251e+01 1.046846375294425435e+01 1.069232825447741320e+01 1.091107474086197371e+01 1.111419838844123298e+01 1.131541725601131532e+01 1.150417026171987267e+01 1.168224299065420446e+01 1.185887933590275622e+01 1.202645820805772559e+01 1.218769043266300933e+01
4.991888181704728922e+00 5.703693141308996850e+00 6.938421509106677654e+00 7.979253939756632441e+00 8.574490889603429977e+00 8.996851102114259646e+00 9.345794392523364635e+00 9.659502535619415298e+00 9.950248756218904589e+00 1.022494887525562213e+01 1.048767697954902900e+01 1.073249262141132121e+01 1.097092704333516267e+01 1.119820828667413082e+01 1.141226818830242529e+01 1.161777519604995668e+01 1.182033096926713789e+01 1.200840588411888277e+01 1.219140505943309805e+01 1.236476043276661407e+01 1.253525540582889342e+01
4.821019645655055363e+00 5.456281544127675964e+00 6.417455478902614807e+00 7.562866326337681855e+00 8.206811653672547280e+00 8.637443316778233182e+00 8.982708286548392707e+00 9.289363678588015816e+00 9.571667863125147946e+00 9.835259404966805619e+00 1.008572869389813320e+01 1.032524522457408267e+01 1.055408970976253258e+01 1.077586206896551602e+01 1.098297638660076636e+01 1.118568232662192230e+01 1.137656427758816768e+01 1.156069364161849577e+01 1.174053419430583922e+01 1.190830604346531452e+01 1.207364926048898113e+01
