2.165363955770694737e+00 2.370461263874169777e+00 2.299263517154661152e+00 2.767227722087319819e+00 2.733772606196551269e+00 2.915188827885863532e+00 2.925789440686584975e+00 3.128822140683221065e+00 3.219529948627500193e+00 3.174406006528234236e+00 3.217548228250072917e+00 3.260356835650267460e+00 3.302850773073508606e+00 3.345087599481511020e+00 3.387079702219242261e+00 3.428861412279438525e+00 3.470486978732855832e+00 3.511951169830934472e+00 3.553338396259936971e+00 3.594586000470060494e+00 3.635814834124522665e+00 3.677006223159589027e+00 3.718202354393792763e+00 3.759449889950648327e+00 3.800731122459556577e+00 3.842150486555966360e+00 3.883706827829143560e+00 3.925430592189081302e+00 3.967342506942848512e+00 4.009567657997704870e+00 4.052114310831506749e+00 4.095059992628891088e+00 4.138530407852171855e+00 4.182694615294948903e+00 4.227685099835744253e+00 4.862514125261102826e+00 4.899085734000345305e+00 4.928603699190886367e+00 4.954787563483215251e+00 4.978924825055586645e+00 5.001644376233281619e+00
2.145861348745386366e+00 2.399638642651459541e+00 2.857262324557124256e+00 2.882209037482776459e+00 2.592942990293983563e+00 2.779939953297008604e+00 2.744044017280441228e+00 2.818211281299758841e+00 2.983935324936677791e+00 3.058061467035487535e+00 3.047724596522823237e+00 3.175633228169247424e+00 3.269519728421169447e+00 3.310892837435161162e+00 3.352048939914522574e+00 3.392999342173597110e+00 3.433849345115874474e+00 3.474538581276406468e+00 3.515180756108487792e+00 3.555766267630674271e+00 3.596326214451698533e+00 3.636862691278391679e+00 3.677439946711813956e+00 3.718112025338244919e+00 3.758848956919414341e+00 3.799759578848465491e+00 3.840798886168323101e+00 3.882014488232643501e+00 3.923512162887704768e+00 3.965269706706774144e+00 4.007379104972604189e+00 4.049916942381351248e+00 4.092873544081634840e+00 4.136476135979759050e+00 4.180864184626962299e+00 4.226249861434430599e+00 4.738457735017203021e+00 4.781224813190716461e+00 4.811029629069615510e+00 4.836492023242797700e+00 4.859685147159479079e+00
2.081673378268765084e+00 2.800042000630008854e+00 2.598624835830119828e+00 2.718479940479596735e+00 2.675396909212517826e+00 2.632526948762712315e+00 2.775919256338348795e+00 2.949956101843722145e+00 3.029113915336266061e+00 2.948816962718527890e+00 3.138753844973460438e+00 3.178595613538053311e+00 3.218155996613939696e+00 3.257536594174674338e+00 3.296703296703296093e+00 3.335719299220970324e+00 3.374609165163013902e+00 3.413397235844850552e+00 3.452114243846078345e+00 3.490783646705316823e+00 3.529436189869825657e+00 3.568095734753252479e+00 3.606777968135503443e+00 3.645515665201449984e+00 3.684342240636209631e+00 3.723290561458426851e+00 3.762355918869924931e+00 3.801598053581796144e+00 3.841023528015028887e+00 3.880696307794656352e+00 3.920662591978044009e+00 3.960909916616016879e+00 4.001545424439783893e+00 4.042618794751447808e+00 4.613054255026163730e+00 4.662036624411245889e+00 4.695321940272742189e+00 4.723633226994537360e+00 4.749351266149515638e+00 4.773302710405799232e+00 4.795998766743173825e+00
2.135048963789569321e+00 2.827449709324376670e+00 2.864648835974399343e+00 2.473323440039572940e+00 2.603470355619977639e+00 2.627648392985561632e+00 2.685910983255465290e+00 2.766820851897045852e+00 2.912823358069213775e+00 2.958246464191130798e+00 2.954272088459346524e+00 3.147513464363152824e+00 3.185485267130639730e+00 3.223184506292215978e+00 3.260696123934202717e+00 3.297991032271192946e+00 3.335163040834902226e+00 3.372170645598628891e+00 3.409075097054280690e+00 3.445923128346852327e+00 3.482670232920984876e+00 3.519425850527913457e+00 3.556162969884180569e+00 3.592921943770771787e+00 3.629689490336807989e+00 3.666500636449167239e+00 3.703449694808312209e+00 3.740492913843979750e+00 3.777676728811780293e+00 3.815073006624353891e+00 3.852619781451386949e+00 3.890466309926832178e+00 3.928568967062050721e+00 3.967011170268295306e+00 4.005912173828961365e+00 4.045335658238884413e+00 4.085476477349841318e+00 4.200899405676034704e+00 4.640885508661831693e+00 4.672704533897722889e+00 4.697300433809510345e+00
2.202355143531613546e+00 2.791716975732999817e+00 2.718565712612750485e+00 2.672781239889149951e+00 2.628064891894195121e+00 2.673338588614319278e+00 2.908405985776509439e+00 3.013948272236629755e+00 2.776505212888536800e+00 3.061188993634118560e+00 3.098704053104901490e+00 3.135932208114398545e+00 3.172851427783142775e+00 3.209466530845764165e+00 3.245833937610927755e+00 3.281985391673533758e+00 3.317941770121934475e+00 3.353735222604175004e+00 3.389314666740447457e+00 3.424801151851489589e+00 3.460158743609298426e+00 3.495427980201895490e+00 3.530608995437899189e+00 3.565746886828678797e+00 3.600833731502447677e+00 3.635914604028318564e+00 3.671021097981630898e+00 3.706169399394657837e+00 3.741348132443723440e+00 3.776616563553589767e+00 3.812005738801366395e+00 3.847501528694803330e+00 3.883171996782514235e+00 3.919043753324188195e+00 3.955174686882003243e+00 3.991603867726505772e+00 4.710251281666200107e+00 4.738327576379779416e+00 4.764041840715296239e+00 4.720222683446595013e+00 4.811128828283939285e+00
2.732029898214372921e+00 2.684203462622466674e+00 2.625510023061912168e+00 2.581107725398816388e+00 2.721848564941157900e+00 2.856744704570791438e+00 2.968690669336186527e+00 2.934415806719812281e+00 3.011710651650136850e+00 3.048738238106456500e+00 3.085380904297093885e+00 3.121683211587687357e+00 3.157628831256314772e+00 3.193323824324611593e+00 3.228704587568083539e+00 3.263866223151228318e+00 3.298787695521895991e+00 3.333495378247554264e+00 3.367998515331267040e+00 3.402376108376094610e+00 3.436567830975847837e+00 3.470655606844132102e+00 3.504600647320354589e+00 3.538447662196196219e+00 3.572238213331317969e+00 3.605977601331437299e+00 3.639684926897271744e+00 3.673387348299498978e+00 3.707110787692391884e+00 3.740855686100642341e+00 3.774672632937106975e+00 3.808574139089127897e+00 3.842564637426578500e+00 3.876747132245536243e+00 3.911106144627117587e+00 3.945728921500761821e+00 3.980697110851938891e+00 4.702002098864705104e+00 4.052114310831506749e+00 4.761641869323984366e+00 4.785964816321507165e+00
2.030132973709777744e+00 2.590637296775006426e+00 2.463539613716988708e+00 2.444612074986729056e+00 2.565916309518855964e+00 2.238153523343241691e+00 2.577817877166978189e+00 2.832978635195268158e+00 2.845010917729396294e+00 2.841332869248964776e+00 3.050281111134219181e+00 3.085078038451290361e+00 3.119540803593711331e+00 3.153711918928578495e+00 3.187646100446269948e+00 3.221288515406162123e+00 3.254747686298927523e+00 3.288000895455562844e+00 3.321086825663698505e+00 3.353992998539615744e+00 3.386761219510509235e+00 3.419375998771815972e+00 3.451918230960944634e+00 3.484369120127109198e+00 3.516732059494831475e+00 3.549060542797494833e+00 3.581365877847874746e+00 3.613645682040875773e+00 3.645919321996587303e+00 3.678231117835256914e+00 3.710600636299294486e+00 3.743033798208888818e+00 3.775537314893795404e+00 3.808204950666435273e+00 3.841023528015028887e+00 3.874065208819032158e+00 3.907367480934138992e+00 4.096513866699438289e+00 4.078190665781907143e+00 4.052684903748733802e+00 4.046633968003683357e+00
2.721127406049495878e+00 2.916509578244260936e+00 2.541565180557026515e+00 2.503041891187206769e+00 2.624169308566848713e+00 2.646423845671703745e+00 2.756982588594574679e+00 2.858417691513985393e+00 2.956414010586777774e+00 2.857103036891471604e+00 2.909080588627623420e+00 3.151679845357575172e+00 3.189969625941387665e+00 3.228070175438596312e+00 3.265930095198387395e+00 3.303623662204480560e+00 3.341199072817257587e+00 3.378657914333783374e+00 3.416038650037297675e+00 3.453324861176340299e+00 3.490571965122204467e+00 3.527834615113243810e+00 3.565086830432130149e+00 3.602380342087579734e+00 3.639734917419221727e+00 3.677159290377637113e+00 3.714710252600297302e+00 3.752397364983183436e+00 3.790245032322367091e+00 3.828326884425545806e+00 3.866628921003390840e+00 3.905206256551497113e+00 3.944090783282590440e+00 3.983423368019399557e+00 4.023184452778725273e+00 4.063584770510772159e+00 4.104837551053917011e+00 4.579756110898451915e+00 4.638411586336762760e+00 4.667476611137423070e+00 4.691611534564937180e+00
2.125112453867350482e+00 2.790490010045763913e+00 2.821212698278355191e+00 2.723577803539253939e+00 2.683862218989031323e+00 2.696010613768100139e+00 2.877839234073616304e+00 2.956601316391538337e+00 3.012892376681614248e+00 3.077482619217479787e+00 3.116062958320926057e+00 3.154308785801404280e+00 3.192227619708535524e+00 3.229928801134688054e+00 3.267360459376976944e+00 3.304578907148217670e+00 3.341641024212973932e+00 3.378494846071637969e+00 3.415252937814516887e+00 3.451894399646525446e+00 3.488453219842321928e+00 3.524899892843042615e+00 3.561328165915994326e+00 3.597744490953747931e+00 3.634144501813644013e+00 3.670563466120005724e+00 3.707059889611993952e+00 3.743578722607749043e+00 3.780224614073432132e+00 3.816979311972128919e+00 3.853915578227478989e+00 3.891023547640719116e+00 3.928379440102550912e+00 3.966001791538740218e+00 4.003976362732644567e+00 4.042403417921785369e+00 4.727387330601953153e+00 4.754685777287761539e+00 4.780147365114483904e+00 4.804293665881965048e+00 4.827386452974359976e+00
2.833322708373176457e+00 2.486660840775553716e+00 2.445619894768469305e+00 2.587322121604139991e+00 2.497235203881416954e+00 2.636398956541043948e+00 2.834388739872245377e+00 2.828834308102488038e+00 2.986214799124969232e+00 3.022209727298284410e+00 3.057799522129934999e+00 3.093037151593968304e+00 3.127999146909323347e+00 3.162664063198278530e+00 3.197108701695857480e+00 3.231290127706205162e+00 3.265272094428889993e+00 3.299059767966129542e+00 3.332685311189491184e+00 3.366124422950099060e+00 3.399449150484595616e+00 3.432674946278637229e+00 3.465772035378600791e+00 3.498806289618836107e+00 3.531782580694306173e+00 3.564695801199657677e+00 3.597620035976199393e+00 3.630534853134590456e+00 3.663459411634593987e+00 3.696427471301347634e+00 3.729487817006464034e+00 3.762587565674256229e+00 3.795852168811898242e+00 3.829269293363055215e+00 3.862894825790341713e+00 3.896763598661183714e+00 3.930980262341209119e+00 3.965622158255673657e+00 4.000938151014720390e+00 4.642715715592697023e+00 4.075429992401740087e+00
1.760770043432327903e+00 2.213574208290192136e+00 2.373622579624248274e+00 2.396323757435651736e+00 2.514475696893923917e+00 2.375164165758515633e+00 2.583793870666762249e+00 2.762293978907406355e+00 2.820416998653251017e+00 2.808318238622800500e+00 3.026890046459242090e+00 3.060826979798541903e+00 3.094429323937520682e+00 3.127776790474497748e+00 3.160844858710234906e+00 3.193663771078180780e+00 3.226271459853513157e+00 3.258713516576933866e+00 3.290970836396737376e+00 3.323057778783336413e+00 3.355024498668474742e+00 3.386864610087211069e+00 3.418612601424654063e+00 3.450266867580165542e+00 3.481845656745727435e+00 3.513382473842867171e+00 3.544866893723499945e+00 3.576365724661105361e+00 4.063276929540023730e+00 4.059837881727977660e+00 4.059977566903613777e+00 4.061402904935636826e+00 4.063332897156355372e+00 4.065264724526637785e+00 4.066861967947613010e+00 4.067663477992537580e+00 4.066494191223383403e+00 4.050278370827011365e+00 4.038081158587082165e+00 4.029036851793962981e+00 4.010565766363799689e+00
1.955225339720402467e+00 2.255745100803609571e+00 2.533184719829769893e+00 2.718577182552457394e+00 2.688704610420853403e+00 2.848626753468724182e+00 2.831863296979575839e+00 2.816108138552519957e+00 3.110312413602432269e+00 3.200022261024424441e+00 3.209133056118860683e+00 3.306924841337967713e+00 3.352283044431718206e+00 3.397351452541080175e+00 3.442222298716051121e+00 3.486969196114121150e+00 3.531572255968356888e+00 3.576095179148613745e+00 3.620615226079569204e+00 3.665069072455596100e+00 3.709581023432186431e+00 3.754171301446051157e+00 3.798867246857300817e+00 3.843698736384040249e+00 3.888699854868165939e+00 3.933937457296073692e+00 3.979471416417377228e+00 4.025345798024804189e+00 4.071576942452745485e+00 4.118333447731484576e+00 4.165670775429371808e+00 4.213696586214995321e+00 4.262663955332871346e+00 4.312793937443950121e+00 4.869751299743480644e+00 4.906025428413487433e+00 4.936815616793400530e+00 4.964558568000660976e+00 4.990292854994394567e+00 5.014528393908378234e+00 5.037644314707850235e+00
3.161177925143306755e+00 0.000000000000000000e+00 1.975590482044077500e+00 2.433123852955897615e+00 2.582237078055288126e+00 2.552394997305805102e+00 2.599991333362222434e+00 2.495846198826238815e+00 2.499132245748003633e+00 2.894151695902304589e+00 2.915897193796081588e+00 2.900171938764940727e+00 3.130304126436461942e+00 3.202695834406700026e+00 3.238966838492708611e+00 3.274987457494843213e+00 3.310801489860670355e+00 3.346416893827952155e+00 3.381875905859617504e+00 3.417182149756264220e+00 3.452394926360416338e+00 3.487479946990304835e+00 3.522513002217110945e+00 3.557527309253755821e+00 3.592475146289733079e+00 3.627409262450036032e+00 3.662384494027495663e+00 3.697389232380912549e+00 3.732478088971218355e+00 3.767639402657898096e+00 3.802964929748866130e+00 3.838429533973528596e+00 3.874145612530093707e+00 3.910150331315416228e+00 3.946548501003945830e+00 3.983489124387881830e+00 4.330432630840928887e+00 4.331653385221498453e+00 4.333143041866414968e+00 4.334246047580388783e+00 4.334216229231880213e+00
2.453970018260424268e+00 2.800904692215585357e+00 2.534266908990854716e+00 2.666573102698150510e+00 2.502645653977061180e+00 2.795638803466591771e+00 2.794857462269423998e+00 3.034608328620494344e+00 2.961228565525789946e+00 2.955529589662519552e+00 3.124600548225368701e+00 3.163925744038407650e+00 3.203030345230966081e+00 3.241915903321928916e+00 3.280656689747598609e+00 3.319249572992372332e+00 3.357746951795345325e+00 3.396127029012628196e+00 3.434466936386803226e+00 3.472752781674977918e+00 3.511042573112298282e+00 3.549356940036746177e+00 3.587716211647658415e+00 3.626119215642520377e+00 3.664624617980169585e+00 3.703221116589744621e+00 3.741996285722204885e+00 3.780926258189142519e+00 3.820054592052896769e+00 3.859405370888855824e+00 3.899035501744304799e+00 3.938939526912631273e+00 3.979196481552584874e+00 4.019840296514321842e+00 4.625538495526344995e+00 4.657980902278299418e+00 4.686455454551720301e+00 4.712631902469009759e+00 4.737221516597439397e+00 4.760656280616539782e+00 4.783152370735307635e+00
1.547862107598528825e+00 2.197428300041113225e+00 2.567447540801598649e+00 2.591090849247533079e+00 2.667977251983430609e+00 2.789867202321169248e+00 2.782879723938330940e+00 2.421393725741551872e+00 3.028680903814728875e+00 3.102808747099931264e+00 3.129542182751354318e+00 3.010972544131754525e+00 3.322765094352684301e+00 3.366649132035770542e+00 3.410261406976420329e+00 3.453720149990132438e+00 3.497030952152388572e+00 3.540265311647473379e+00 3.583438998842273016e+00 3.626574421491637334e+00 3.669724770642202039e+00 3.712922344916734563e+00 3.756182049623337793e+00 3.799575829171070840e+00 3.843090123957125126e+00 3.886805318786225261e+00 3.930790502658454866e+00 3.975033997001289787e+00 4.019593816638392880e+00 4.064620578002823947e+00 4.110152075626797519e+00 4.156304767974286385e+00 4.203215115037173710e+00 4.251175930116152912e+00 4.455045167304080955e+00 4.579505686789151042e+00 4.751444370227035918e+00 4.826714163346884412e+00 4.862529348837854926e+00 4.890076588241775823e+00 4.914239692040978547e+00
0.000000000000000000e+00 1.965179923139629414e+00 2.252283956699840939e+00 2.446423329092866528e+00 2.421031644307727326e+00 2.469710761588235659e+00 2.634023262584392899e+00 2.693392682477353972e+00 2.794642670001606710e+00 2.748120972285200025e+00 2.803613858263301672e+00 3.041642203846615988e+00 3.075374636546633678e+00 3.108872722750730233e+00 3.142194788146244644e+00 3.175370172229317056e+00 3.208414415545465470e+00 3.241356956158922831e+00 3.274211750936981691e+00 3.306969438090776592e+00 3.339688017477700832e+00 3.372379523462125661e+00 3.405071471755279688e+00 3.437749236819668930e+00 3.470462890340313411e+00 3.503228465448550821e+00 3.536067892503536036e+00 3.568977350720658137e+00 3.602006040287052180e+00 3.635143448353000295e+00 3.668429358509371241e+00 3.701892854648319631e+00 3.735576523976866792e+00 3.769475624057631258e+00 3.803622431690398820e+00 3.838101884159106802e+00 3.872939907187761044e+00 3.908312363294775160e+00 3.988384704194800623e+00 4.411693745734787342e+00 4.440982755322346875e+00
2.328511943896558911e+00 2.426720397687996744e+00 2.493552385973411667e+00 2.833965071380495360e+00 2.813790386685143474e+00 2.749712690276592930e+00 2.931446040453955071e+00 2.915998417029430634e+00 3.130335799658508389e+00 3.201581302765191150e+00 3.220093382708098417e+00 3.263843557728364875e+00 3.307334013174213716e+00 3.350644999162339044e+00 3.393774847280131901e+00 3.436780424098704767e+00 3.479689054986046415e+00 3.522540738183636666e+00 3.565355712796883569e+00 3.608154429009561071e+00 3.651018774661929367e+00 3.693924178785930490e+00 3.736946637786066727e+00 3.780083161829560723e+00 3.823386837990810694e+00 3.866895918353254302e+00 3.910669143423790572e+00 3.954708184164515750e+00 3.999089862307198651e+00 4.043840812114788186e+00 4.089087588256139938e+00 4.134851283182181092e+00 4.731050087421577288e+00 4.778842018309791051e+00 4.814206034263392553e+00 4.844795938559798287e+00 4.872558573644262481e+00 4.898443536814217403e+00 4.922908618508768264e+00 4.946311906184949869e+00 4.968806934246120299e+00
2.223086755960651306e+00 1.865216580340617103e+00 2.633470700859080527e+00 2.757119022707349210e+00 2.752429548389828451e+00 2.704260633793294843e+00 2.984607950427082823e+00 3.066458519179303899e+00 3.168480506956881104e+00 3.159535478072823089e+00 3.201469892263578032e+00 3.243639645738139343e+00 3.285518552694125294e+00 3.327141153963457221e+00 3.368531045482043407e+00 3.409715601884389713e+00 3.450752827504612430e+00 3.491620111731843501e+00 3.532394132069982540e+00 3.573097325674078117e+00 3.613746134334062887e+00 3.654354303704952400e+00 3.695011050820086851e+00 3.735654050763387524e+00 3.776408635387745516e+00 3.817244227285661928e+00 3.858184173177352072e+00 3.899328904972670706e+00 3.940709604269792887e+00 3.982282336831221237e+00 4.024199764004555924e+00 4.066469546278490554e+00 4.109236030338698775e+00 4.152565247181446040e+00 4.753441077997767827e+00 4.823561028383210214e+00 4.859153001724657805e+00 4.888292195944782925e+00 4.914239692040978547e+00 4.938237734994959105e+00 4.960830112238781453e+00
2.075564875716606306e+00 2.161165300329937811e+00 2.867012572899038769e+00 2.895433487756452262e+00 2.593960978414038276e+00 2.780712974806740512e+00 2.714130621107365471e+00 2.875155153189669299e+00 2.992678377550735735e+00 3.097915243855214218e+00 2.730805587648355903e+00 3.225715968696530211e+00 3.267587616538164319e+00 3.309203722854188179e+00 3.350644999162339044e+00 3.391938492848662889e+00 3.433099195968167816e+00 3.474176446473363100e+00 3.515185601799774684e+00 3.556187766714082432e+00 3.597221837903648911e+00 3.638235798867341497e+00 3.679329112518049172e+00 3.720525366261152822e+00 3.761866980383572923e+00 3.803333102828296397e+00 3.844997658046880318e+00 3.886911337506647968e+00 3.929110573443348908e+00 3.971627252330717006e+00 4.014507599878180066e+00 4.057855389038287797e+00 4.101751239215523093e+00 4.673475278690327528e+00 4.719110345110591354e+00 4.753506572239522221e+00 4.783479229449830505e+00 4.810852198423937409e+00 4.836458606823552664e+00 4.860749787770079600e+00 4.884055279251019677e+00
2.229592263314845724e+00 2.756242181813041814e+00 2.698495070057083556e+00 2.484225170169424235e+00 2.735824570510616560e+00 2.867734489753094529e+00 2.999316434859032210e+00 3.107541658322341860e+00 3.042624401847702664e+00 3.081966294495888103e+00 3.120990394285119596e+00 3.159690771596486591e+00 3.198153414028769514e+00 3.236379661763895577e+00 3.274394237066142299e+00 3.312240799906153388e+00 3.349920090447842114e+00 3.387510456346050525e+00 3.424944781502501812e+00 3.462340126444661603e+00 3.499694634487775069e+00 3.536975261978902996e+00 3.574276209067663856e+00 3.611587640035838209e+00 3.648956604955695848e+00 3.686392343432657537e+00 3.723897585790168385e+00 3.761506791229533686e+00 3.799260871066902023e+00 3.837140781954475166e+00 3.875217981011431778e+00 3.913491246138002033e+00 3.952048478461335446e+00 3.990834841364315544e+00 4.029917011031042939e+00 4.723245211724600878e+00 4.749907067035644914e+00 4.774930251911676748e+00 4.798664719382432331e+00 4.821434721217756625e+00 4.843407849049396141e+00
1.932394809730681340e+00 2.137926821819069900e+00 1.998044770474606935e+00 2.597949726162055217e+00 2.706773179348014313e+00 2.856963674752106108e+00 2.886063831284932046e+00 2.867373485886927753e+00 2.893917261527436668e+00 3.197819921027751366e+00 3.268587483396270699e+00 3.248368904124737000e+00 3.393281303020020623e+00 3.440398535766383326e+00 3.487285357586240142e+00 3.534034134612053624e+00 3.580700026855249796e+00 3.627308049136072743e+00 3.673922085124081249e+00 3.720520046024211602e+00 3.767240356911141674e+00 3.814041219383650816e+00 3.861003861003861282e+00 3.908178377488892519e+00 3.955586398334490106e+00 4.003285454959587319e+00 4.051363043328984226e+00 4.099872903939977498e+00 4.148918515240360705e+00 4.198586246532724608e+00 4.249019984100440794e+00 4.300389115853869626e+00 4.353053355996848062e+00 4.407379606228178481e+00 4.464469689685014231e+00 4.943323423800728200e+00 4.975880800011057481e+00 5.004524638714453744e+00 5.030770397017373163e+00 5.055266357885532358e+00 5.078511035467222712e+00
2.835230575126521657e+00 2.648494652904038293e+00 2.429786321732294141e+00 2.472714284733049883e+00 2.549412572853004821e+00 2.720329229588811515e+00 2.824639328865695465e+00 2.849497862876602561e+00 2.971870896399197992e+00 3.007602940456456153e+00 3.043003167489660932e+00 3.078106964217006691e+00 3.112958902024806740e+00 3.147579511355767412e+00 3.182003693891243934e+00 3.216243427676473310e+00 3.250300825714719899e+00 3.284232887050340111e+00 3.318056448435328765e+00 3.351768057650410082e+00 3.385380682603288616e+00 3.418946545817372673e+00 3.452442603141722355e+00 3.485948143035423996e+00 3.519450137672607504e+00 3.552942323902942068e+00 3.586478974267013786e+00 3.620060705633371345e+00 3.653736117526213523e+00 3.687495216692525446e+00 3.721361316098047212e+00 3.755372268662113822e+00 3.789526870552569093e+00 3.823879081990920081e+00 3.858403603047437347e+00 3.893150104841848869e+00 3.928217002977174577e+00 3.963616731929665793e+00 4.590676131224819656e+00 4.614992526467326606e+00 4.637681159420290022e+00
2.298306217963003828e+00 2.670554609232901555e+00 2.419395008930413482e+00 2.436874207119973157e+00 2.432616522331419340e+00 2.576803046353823401e+00 2.746343490109642183e+00 2.850171357863344745e+00 2.784720240042884321e+00 2.983065898006895367e+00 3.016718231501553937e+00 3.050027380927624154e+00 3.083046049496902530e+00 3.115804050545265547e+00 3.148262159288072404e+00 3.180507636675401262e+00 3.212559711707685395e+00 3.244399958582127930e+00 3.276060363154776667e+00 3.307561913424566402e+00 3.338921389269541962e+00 3.370176005722421486e+00 3.401313323430189772e+00 3.432368608929650122e+00 3.463338092478194685e+00 3.494255444049981563e+00 3.525148408748007611e+00 3.556014196166477515e+00 3.586874797376063295e+00 3.617743641119830489e+00 3.648655160781775209e+00 3.679610100182592269e+00 3.710600636299294486e+00 3.741736997463933179e+00 3.772937746527182057e+00 3.804253847484004414e+00 3.835774072907105925e+00 3.867456732827800892e+00 3.899382255758430560e+00 4.575033971334339533e+00 4.601836551132679531e+00
2.320774558508902352e+00 2.795326214569240353e+00 2.734692732729363751e+00 2.683577915566163874e+00 2.496220998765757315e+00 2.809186038345389491e+00 2.931159622578303647e+00 3.056128579664242562e+00 3.035565532918236720e+00 3.074400491904078603e+00 3.112894299944659604e+00 3.151083972886672857e+00 3.188974467406600510e+00 3.226643659294487154e+00 3.264047557867396421e+00 3.301283373911607644e+00 3.338340844600233392e+00 3.375260032788240494e+00 3.412042420739646698e+00 3.448727764327739642e+00 3.485340657195834080e+00 3.521895625101254090e+00 3.558420898396617460e+00 3.594941705553127420e+00 3.631455254304644775e+00 3.667997757676841886e+00 3.704618424302296820e+00 3.741296289881178794e+00 3.778095290432488707e+00 3.815046543567831350e+00 3.852161062355981436e+00 3.889429087373246663e+00 3.926917989417988863e+00 3.964700494220422922e+00 4.002788148986534900e+00 4.041248606465996929e+00 4.726351119939721457e+00 4.752589817059731381e+00 4.777243939724830746e+00 4.800735198304654006e+00 4.823261903121339955e+00
1.858473524186174286e+00 2.203538055790829286e+00 2.854536973216088569e+00 2.872536449685072046e+00 2.550279468125048687e+00 2.688913891070682904e+00 2.548654522799838507e+00 2.841992167192319840e+00 2.946194270679885374e+00 3.023803663724904389e+00 2.983929408755701562e+00 3.197708772149346679e+00 3.238638363783574281e+00 3.279329063228255237e+00 3.319846457101359061e+00 3.360238576938962662e+00 3.400534369686664782e+00 3.440753662682273450e+00 3.480973001573399728e+00 3.521151557405334032e+00 3.561351121825603538e+00 3.601606870757723122e+00 3.641941154635421007e+00 3.682371169118106913e+00 3.722931187821878485e+00 3.763694716456926326e+00 3.804622270183520616e+00 3.845804227587702240e+00 3.887269193391642119e+00 3.929002240220575093e+00 3.971129194069779711e+00 4.013646397752357764e+00 4.056655665566556657e+00 4.609544468546637574e+00 4.652212879788186761e+00 4.685422135863460902e+00 4.714628330133307621e+00 4.741420777043277468e+00 4.766543012869665752e+00 4.790517512763306840e+00 4.813494054317907000e+00
1.854612635618549055e+00 1.889521151735815474e+00 2.150910667823070277e+00 2.493040262600240808e+00 2.786174999651727990e+00 2.708366000028509024e+00 2.859573993220716925e+00 2.878687880021905787e+00 2.816385732189880198e+00 3.068425897514575063e+00 3.185457325490028690e+00 3.240775855530349414e+00 3.224517549086269419e+00 3.406681266729238544e+00 3.452037392469034849e+00 3.497237182625725360e+00 3.542257042840473602e+00 3.587196467991169868e+00 3.632121927539166961e+00 3.677006223159589027e+00 3.721956094703104956e+00 3.766925003313498888e+00 3.812005738801366395e+00 3.857227479990632091e+00 3.902656594095838649e+00 3.948325425137671374e+00 3.994242781094835770e+00 4.040514720485409050e+00 4.087259527124855296e+00 4.134423902482721402e+00 4.182204718920990771e+00 4.230734552617160027e+00 4.280182077586792033e+00 4.330849396430829223e+00 4.838430965958181673e+00 4.891862283741791551e+00 4.927355720865298494e+00 4.957038995373429735e+00 4.983615510649917368e+00 5.008163993359037391e+00 5.031290491550188371e+00
2.966269280750324366e+00 3.071081579094310232e+00 3.163066628241264500e+00 0.000000000000000000e+00 2.011542089784140508e+00 2.491142604074402023e+00 2.501608176685011564e+00 2.553100953866883849e+00 2.505099667179615519e+00 2.633001205637393927e+00 2.831297158793301350e+00 2.877617052337537285e+00 2.875175315568022416e+00 2.813731007315700250e+00 3.183633356172441697e+00 3.218336120225842922e+00 3.252842776958799309e+00 3.287242003958678715e+00 3.321523472099202845e+00 3.355728158054796406e+00 3.389877410963832105e+00 3.424011404054308816e+00 3.458101640523417508e+00 3.492205397552662127e+00 3.526361279170267427e+00 3.560582259922504544e+00 3.594834499350163970e+00 3.629206739157744721e+00 3.663712654325255169e+00 3.698328076590280844e+00 3.733148980297269048e+00 3.768104027075539708e+00 3.803333102828296397e+00 3.838824222980846912e+00 3.874601296607648404e+00 3.910778384569185917e+00 3.947377376082976674e+00 4.035007165616173452e+00 4.107310327831818597e+00 4.478465471031218392e+00 4.514798119065645210e+00
2.242403856934633399e+00 2.106297830513234270e+00 2.415625647042584312e+00 2.594488465044527015e+00 2.826475596916315336e+00 2.793476158755398675e+00 2.974481713854859155e+00 2.942845731822672395e+00 3.169856047189508974e+00 3.262665389367875868e+00 3.239257038492022289e+00 3.283567491284573592e+00 3.327579393964602783e+00 3.371381784905841617e+00 3.415014914554932890e+00 3.458473613257952550e+00 3.501785223839604555e+00 3.545039377741322717e+00 3.588213773112318261e+00 3.631380609797875803e+00 3.674533403588562841e+00 3.717732884399550297e+00 3.761018073401395601e+00 3.804438049914227182e+00 3.847983656563959798e+00 3.891688173364466152e+00 3.935648691569425761e+00 3.979863288204941618e+00 4.024391907561764015e+00 4.069330353755853835e+00 4.114681042478850692e+00 4.160541425124122838e+00 4.207099653086700641e+00 4.826986994717897161e+00 4.866647017293733057e+00 4.898747714492704297e+00 4.927052254126405906e+00 4.953083294350733468e+00 4.977431100080456972e+00 5.000582259578170152e+00 5.022705380487133553e+00
2.513632967692833731e+00 2.794681720685535442e+00 2.531828703703703720e+00 2.474162672661209150e+00 2.486749179372770513e+00 2.656785289799342920e+00 2.623518066821714179e+00 2.748298169210603881e+00 2.910784456411002807e+00 2.937025867318065142e+00 2.884941327505751385e+00 3.125021701539593799e+00 3.161044690147375213e+00 3.196708779830156999e+00 3.232084281755227995e+00 3.267178756386639460e+00 3.302032813951088830e+00 3.336670003336670298e+00 3.371080259229191967e+00 3.405331776610235561e+00 3.439404570280792939e+00 3.473331758756269316e+00 3.507131166705634406e+00 3.540830637210658605e+00 3.574448194559964875e+00 3.607979184735472522e+00 3.641485451235013659e+00 3.674941062265983049e+00 3.708409161144112787e+00 3.741892566106768570e+00 3.775431727609591892e+00 3.809048915113613099e+00 3.842767910791889285e+00 3.876639784015783352e+00 3.910696453137984641e+00 3.945046198567325746e+00 3.979744472958322010e+00 4.225073768425069431e+00 4.169543195783976586e+00 4.140043884465175239e+00 4.128052178579537212e+00
2.333920349663703320e+00 2.815632391035026050e+00 2.806899358623496266e+00 2.500538310330695957e+00 2.696219071256230837e+00 2.671353251318101751e+00 2.567998459200924621e+00 2.736549499139426800e+00 2.949562481565234151e+00 2.972315008775406220e+00 2.898878628901112808e+00 3.185529386508590299e+00 3.225150565453028584e+00 3.264500982823168584e+00 3.303600925008259193e+00 3.342502002019427820e+00 3.381245816570864537e+00 3.419853295272924587e+00 3.458340826405124080e+00 3.496699116034462929e+00 3.535038469536285533e+00 3.573293752233308140e+00 3.611562556430665261e+00 3.649836101699583946e+00 3.688136725491287571e+00 3.726502332514423088e+00 3.765007739182574475e+00 3.803596127247578895e+00 3.842406444264522491e+00 3.881422541361409184e+00 3.920705451844107348e+00 3.960313490078371856e+00 4.000386244189094498e+00 4.041040533691318437e+00 4.082479933573207376e+00 4.125185633353500414e+00 4.170512426075958068e+00 4.375619594571497295e+00 4.589072527894026976e+00 4.727840815655319773e+00 4.755537789295215312e+00
2.231885727450753976e+00 2.247759264982720051e+00 2.433276093409992846e+00 2.336911877177576979e+00 2.649154362041800326e+00 2.859195101710635623e+00 2.856612343421935485e+00 2.936138977244922454e+00 3.154507791634245439e+00 3.240440699935190683e+00 3.207564273312367487e+00 3.309865467759841362e+00 3.354485226287982069e+00 3.398765346465977721e+00 3.442743729042297307e+00 3.486531528704614136e+00 3.530120231742010173e+00 3.573514757928735186e+00 3.616837770915060091e+00 3.660044058643573184e+00 3.703221116589744621e+00 3.746331716860573646e+00 3.789496892612547629e+00 3.832676303109942229e+00 3.875968992248061795e+00 3.919372900335945431e+00 3.962912604111862969e+00 4.006714701188888839e+00 4.050788506935229627e+00 4.095199743367483158e+00 4.140043884465175239e+00 4.185478448216710667e+00 4.231585665330132251e+00 4.278665332459197224e+00 4.951482350028538981e+00 4.997364403704894542e+00 5.030597056067037443e+00 5.059102624580401830e+00 5.084967050787826182e+00 5.108435047951176422e+00 5.044101809060297370e+00
1.890139288726045974e+00 2.245125621794556992e+00 2.940311673037341755e+00 2.831016618067548229e+00 2.568927091071936619e+00 2.682846293544658867e+00 2.669270376015902890e+00 2.718470964638965981e+00 2.897331006270652320e+00 2.988580841111751596e+00 2.851277372262773557e+00 3.147989734816082130e+00 3.185507326666850769e+00 3.222574837294998495e+00 3.259336937498671372e+00 3.295865748401848538e+00 3.332199459906003636e+00 3.368322644064534188e+00 3.404290795909292733e+00 3.440114487010127231e+00 3.475842891901286258e+00 3.511433226585762846e+00 3.546987147387747896e+00 3.582492150127493780e+00 3.617945007235889410e+00 3.653404340525387095e+00 3.688902551490930826e+00 3.724446161061605309e+00 3.760052919263308091e+00 3.795721187025534960e+00 3.831524389394340258e+00 3.867483442336512756e+00 3.903628319796189849e+00 3.940001382456625567e+00 3.976661113053733487e+00 4.013646397752357764e+00 4.051084866794836259e+00 4.089157494940533155e+00 4.128194190254709461e+00 4.733938911605696021e+00 4.760065123209801463e+00
3.161066895200094873e+00 0.000000000000000000e+00 2.139632411151763947e+00 2.524414696421100945e+00 2.575899597157924159e+00 2.390023759647963431e+00 2.396289979279139892e+00 2.556273521266775539e+00 2.399336910526545186e+00 2.892661593030062761e+00 2.924485603871461503e+00 2.939797153996374313e+00 3.161598944300874070e+00 3.198153414028769514e+00 3.234448280468853909e+00 3.270498020304921649e+00 3.306354399862235116e+00 3.342036553524803999e+00 3.377609892950445669e+00 3.413064374573366422e+00 3.448418555250562179e+00 3.483689366386577557e+00 3.518915897910039892e+00 3.554130805951426719e+00 3.589350186857347413e+00 3.624575992997045137e+00 3.659841867209888022e+00 3.695162758233712097e+00 3.730595720868537857e+00 3.766143058655966325e+00 3.801834557984889340e+00 3.837700170952098588e+00 3.873797220550494025e+00 3.910177633783934237e+00 3.946920721333786464e+00 3.984063745019920333e+00 4.021828822644283541e+00 4.060487258471016325e+00 4.156304767974286385e+00 4.624560496732203596e+00 4.655946407972091805e+00
2.314161947945819531e+00 2.093424481516505509e+00 2.591762398430932812e+00 2.720632861059372409e+00 2.807707156143614213e+00 2.772426441839469291e+00 2.941052896937103256e+00 3.055046381158695201e+00 3.152673467100100879e+00 3.251627543360798622e+00 3.214198371938650656e+00 3.257536594174674338e+00 3.300647752121353307e+00 3.343549735302311809e+00 3.386243386243386500e+00 3.428814384562105744e+00 3.471282083324654710e+00 3.513679235533631040e+00 3.556014196166477515e+00 3.598366895024565970e+00 3.640684998317041732e+00 3.683113273106323415e+00 3.725572894699844984e+00 3.768181475619865051e+00 3.810922797633069958e+00 3.853834565392565192e+00 3.896956272048568426e+00 3.940355461540056670e+00 3.984063745019920333e+00 4.028101125820128026e+00 4.072560605223921826e+00 4.700912930917018784e+00 4.761707589747836700e+00 4.800175549277231113e+00 4.832594831165471838e+00 4.861718825964356228e+00 4.888729756527486536e+00 4.914239692040978547e+00 4.938508707551116039e+00 4.961821539818617843e+00 4.984330085552953093e+00
2.064962180600062869e+00 2.288182253716508630e+00 2.865226890154363826e+00 2.752079937337256421e+00 2.609897861294509624e+00 2.758913412563666956e+00 2.735958918524546313e+00 2.870927309520975523e+00 2.992220227408736832e+00 3.085618912038822437e+00 2.930295593568000623e+00 3.219462349787585165e+00 3.261080736032860639e+00 3.302441742863629237e+00 3.343619607542648531e+00 3.384655766693605461e+00 3.425591264043176043e+00 3.466444814198557989e+00 3.507227639704566968e+00 3.547998859074876332e+00 3.588769263246780028e+00 3.629565205481328327e+00 3.670461785645031672e+00 3.711458603231069464e+00 3.752553821350641527e+00 3.793836051099522155e+00 3.835274941272352134e+00 3.876961846541542744e+00 3.918906625051611137e+00 3.961207485316212917e+00 4.003865801463482477e+00 4.046916319538930829e+00 4.090518317202363363e+00 4.134737306356469411e+00 4.680504680504680159e+00 4.722372410394693354e+00 4.754489202486115396e+00 4.782531462224833163e+00 4.808187656695401380e+00 4.832185114108599855e+00 4.854999623908478945e+00
0.000000000000000000e+00 0.000000000000000000e+00 2.172386076453507453e+00 2.360291565428670246e+00 2.553925798101811750e+00 2.412237137100206930e+00 2.493747817970659142e+00 2.690551208977944420e+00 2.670377085353684343e+00 2.850606822927430617e+00 2.843154931140174035e+00 2.804498415458395399e+00 2.844969954341701524e+00 3.163422401248497273e+00 3.198331305405875291e+00 3.233061568737699787e+00 3.267564899400714040e+00 3.301929872629811413e+00 3.336182989636981233e+00 3.370265829717318695e+00 3.404255319148936199e+00 3.438198384046759148e+00 3.472053441846576938e+00 3.505901601028397874e+00 3.539700166574125895e+00 3.573539315804664884e+00 3.607353451266041677e+00 3.641260288277889945e+00 3.675221380080300193e+00 3.709300728121994517e+00 3.743474915251887136e+00 3.777835780912999653e+00 3.812402090582673431e+00 3.847184341959727583e+00 3.882364359895176253e+00 3.917902753529549642e+00 4.225839972289573865e+00 4.230411806316490164e+00 4.234964141656079484e+00 4.238995983377575882e+00 4.242100797788633137e+00
2.379287223227611214e+00 2.805088430412768563e+00 2.830595911204206061e+00 2.541565180557026515e+00 2.706153376446750691e+00 2.662854580109877745e+00 2.714634738752125021e+00 2.943258186812801380e+00 3.030196258059969061e+00 2.997184041040510838e+00 3.143401999203670805e+00 3.183236798217387253e+00 3.222755455914807055e+00 3.262031343262864258e+00 3.301101742706628261e+00 3.339990119195897389e+00 3.378704508157158060e+00 3.417301308338215104e+00 3.455766192733017217e+00 3.494179792678665741e+00 3.532540935915550850e+00 3.570839971433280358e+00 3.609181201718524967e+00 3.647500086025944555e+00 3.685879603872260102e+00 3.724342442747018644e+00 3.762896472455598218e+00 3.801624330395714235e+00 3.840513930591438196e+00 3.879620905614365345e+00 3.918980240089104505e+00 3.958718208714736342e+00 3.998786575108242758e+00 4.039419159382943825e+00 4.080701050607609126e+00 4.689493465742560652e+00 4.722954242102741951e+00 4.752229759977961265e+00 4.779070402534272510e+00 4.804293665881965048e+00 4.828318779401011618e+00
2.328978848637547117e+00 2.792633034056159591e+00 2.847736396849430918e+00 2.512720648281927094e+00 2.698748632870758168e+00 2.641475333486260624e+00 2.806066579062636457e+00 2.913328477785870341e+00 3.012617965011594734e+00 2.975202036975534092e+00 3.126780527800552711e+00 3.165733004831184250e+00 3.204391409444594885e+00 3.242765872304019137e+00 3.280954408695226920e+00 3.318951211417191960e+00 3.356784200735695833e+00 3.394456644475694507e+00 3.432038768309926713e+00 3.469523703785944324e+00 3.506938236628938110e+00 3.544324910349428315e+00 3.581687044827271293e+00 3.619078109449273661e+00 3.656461389174061605e+00 3.693924178785930490e+00 3.731472203987146852e+00 3.769162766154289024e+00 3.806939704996781249e+00 3.844917019699956473e+00 3.883118143869526584e+00 3.921541647460285773e+00 3.960260830971971124e+00 3.999365617867510103e+00 4.038884710732291161e+00 4.078980116700312131e+00 4.676761241171765171e+00 4.711119607816360855e+00 4.739076086209975891e+00 4.764074733833215447e+00 4.787274057761880641e+00
2.264268429022260776e+00 2.052719499419575655e+00 2.857819971282394178e+00 2.815295500453966149e+00 2.770456983327532097e+00 2.729219443239233378e+00 2.523305530244620343e+00 2.661474456849094228e+00 3.009223620305960356e+00 3.060677940163746058e+00 2.762602647954637725e+00 3.202539753265197575e+00 3.242788245927541002e+00 3.282741857752509151e+00 3.322493991234271249e+00 3.362036433496860877e+00 3.401431377857376148e+00 3.440658955003062403e+00 3.479810141558676406e+00 3.518846944233313234e+00 3.557842305481813572e+00 3.596798849024367861e+00 3.635764951225870067e+00 3.674737221621321659e+00 3.713773193564661845e+00 3.752857289072362157e+00 3.792109654021704745e+00 3.831443838559377646e+00 3.870985580578712337e+00 3.910751073710673431e+00 3.950711468642929880e+00 3.991054532943402844e+00 4.031725509005344321e+00 4.072869854550224211e+00 4.114605477911426057e+00 4.157082282515311533e+00 4.743125855456627349e+00 4.778320079183589364e+00 4.806536890170631793e+00 4.831618108904671693e+00 4.854800440350913071e+00
0.000000000000000000e+00 2.788175348347657678e+00 2.345632503358519028e+00 2.487155617773924465e+00 2.521538138264341367e+00 2.640706852991135722e+00 2.404322122592142286e+00 2.774463834863912126e+00 2.774425347149971799e+00 2.914662835966939536e+00 2.942845731822672395e+00 2.880143866698511967e+00 3.109254980107834410e+00 3.215681339960432705e+00 3.252842776958799309e+00 3.289773005662609329e+00 3.326541644143207854e+00 3.363181569764996937e+00 3.399661421474758694e+00 3.436095495966023705e+00 3.472415134174120066e+00 3.508723650173372288e+00 3.544990094880617004e+00 3.581242553425941111e+00 3.617517131030644428e+00 3.653862063260072013e+00 3.690268136275336008e+00 3.726777954350485533e+00 3.763385678606863571e+00 3.800179644855937955e+00 3.837167074365668284e+00 3.874386843689246351e+00 3.911843805665188079e+00 3.949666010698744234e+00 3.987898789878987937e+00 4.026644099260188625e+00 4.066133245118916939e+00 4.168895867929379051e+00 4.317582153993762439e+00 4.645841278646464900e+00 4.672929308200304277e+00
2.242152466367712815e+00 2.391890085615595130e+00 2.395395204982421866e+00 2.772290951935405090e+00 2.725747833379926988e+00 2.917841908546498164e+00 3.006614552014431396e+00 3.129912223350535871e+00 3.227526592012573303e+00 3.179540349058233684e+00 3.223297433274238788e+00 3.266701882176318517e+00 3.309888291270169258e+00 3.352798189488977343e+00 3.395491618679361778e+00 3.438032895098740660e+00 3.480415700851309246e+00 3.522714462856498585e+00 3.564915744587497937e+00 3.607103218645948850e+00 3.649225241410285481e+00 3.691373806284905523e+00 3.733587770425836450e+00 3.775890595286314877e+00 3.818304256367889504e+00 3.860844145995063315e+00 3.903581536059334223e+00 3.946575826184492097e+00 3.989846528489568112e+00 4.033463841387511017e+00 4.077555097963260877e+00 4.122153137989077010e+00 4.167390171904843399e+00 4.802118420240242713e+00 4.843969598973897561e+00 4.877412086364541821e+00 4.906938547409885665e+00 4.934041459653931483e+00 4.959497437592990998e+00 4.983683556575048357e+00 5.006824370203221797e+00
3.032504213770390145e+00 3.135582591245453354e+00 2.204773690648914375e+00 2.287675150128682056e+00 2.416025844573606474e+00 2.685569305356297676e+00 2.633339501515949088e+00 2.610063558574764464e+00 2.792106714318621119e+00 2.828854314002828829e+00 2.768097323462818338e+00 3.051635052189894726e+00 3.084796859115924939e+00 3.117617309011299742e+00 3.150201612903225090e+00 3.182532050173309646e+00 3.214625146754626073e+00 3.246551402579280765e+00 3.278276881870430870e+00 3.309842644564272796e+00 3.341268846844589024e+00 3.372565214398787869e+00 3.403746900159072997e+00 3.434844435895497927e+00 3.465844106332096608e+00 3.496791179858482757e+00 3.527710163332981264e+00 3.558569873566105990e+00 3.589451236249234345e+00 3.620337944622753490e+00 3.651249499708602464e+00 3.682217667697225139e+00 3.713226794084058646e+00 3.744383424862705922e+00 3.775642908084070992e+00 4.025270511823380026e+00 4.004529260681046310e+00 3.992994746059544742e+00 3.981656918472141982e+00 3.970264091014881647e+00 3.969774954826699176e+00
3.443787063758273259e+00 1.647129876190737585e+00 2.362526041480229821e+00 2.490855003771865750e+00 2.947906284655445575e+00 2.671597404332205716e+00 2.840182907779260635e+00 2.836585028365850025e+00 2.912242071243384522e+00 3.031994432155678432e+00 3.142633666685289651e+00 3.185816192257080903e+00 3.047365760075352537e+00 3.377522587182301805e+00 3.421596558851461189e+00 3.465483781535902530e+00 3.509182360510001430e+00 3.552769070010449504e+00 3.596301342388635636e+00 3.639809905776996590e+00 3.683318044088621956e+00 3.726836674833500229e+00 3.770403021806640442e+00 3.814120567818531260e+00 3.857971533681469722e+00 3.902031146570045017e+00 3.946302591405367988e+00 3.990889761991591289e+00 4.035793311716324716e+00 4.081152683530818948e+00 4.127001595773950093e+00 4.173537038430750634e+00 4.220839877941614304e+00 4.269266787858755130e+00 4.451028257074700178e+00 4.834120604403192800e+00 4.876943049669259622e+00 4.909146694848804948e+00 4.937052579609972902e+00 4.962505513895014708e+00 4.986270679362303504e+00
2.712118999436713196e+00 2.914561705434962846e+00 2.476771422303680747e+00 2.473463272603920515e+00 2.585092632485997299e+00 2.603928413081573634e+00 2.684249648982737657e+00 2.880609283992945802e+00 2.858696713196023254e+00 3.034587399565501720e+00 3.070888673306300554e+00 3.106833653222131453e+00 3.142458100558659151e+00 3.177827057124895216e+00 3.212941168253347080e+00 3.247807729782396624e+00 3.282489663649569511e+00 3.317001706873794475e+00 3.351300025134750449e+00 3.385497633606246559e+00 3.419566901383876978e+00 3.453539532667030620e+00 3.487431297603436509e+00 3.521224005081609487e+00 3.555022689409517600e+00 3.588780918727914493e+00 3.622532149972831128e+00 3.656281421168463108e+00 3.690088283621577592e+00 3.723976082236633456e+00 3.757933414987194798e+00 3.791975057230734691e+00 3.826208159388899688e+00 3.860551369461659998e+00 3.895145418762300693e+00 3.929977454339867116e+00 3.965134165099982511e+00 4.621932795717468956e+00 4.659704519913383969e+00 4.687069203198234391e+00 4.112631261481095812e+00
2.130530502095021372e+00 2.269133403771015800e+00 2.686062868008284088e+00 2.841837532148287160e+00 2.601127623975366010e+00 2.747349512169349417e+00 2.725747833379926988e+00 2.835974334432273203e+00 2.998542568844444922e+00 3.078774647690219357e+00 2.950370552492009413e+00 3.220476630541320162e+00 3.261284390937792210e+00 3.301714828138865077e+00 3.341873677175002832e+00 3.381829224525854105e+00 3.421596558851461189e+00 3.461189680116849576e+00 3.500631486464224729e+00 3.539995002359996423e+00 3.579245880425655280e+00 3.618473699958944412e+00 3.657644476956839252e+00 3.696832362344339096e+00 3.736015884986058300e+00 3.775294472968890869e+00 3.814649641769719768e+00 3.854131629106402279e+00 3.893761783752765826e+00 3.933584530661255574e+00 3.973691422307481069e+00 4.014090843028285782e+00 4.054866538961674927e+00 4.096122337520480272e+00 4.138045187453446516e+00 4.180859886362857658e+00 4.225108225108224147e+00 4.449799416733983826e+00 4.818851891569044810e+00 4.851052200054660091e+00 4.875804336032194541e+00
1.939683041423008625e+00 2.340226363713726609e+00 2.841027204567817321e+00 2.749200561415693578e+00 2.735632667662717843e+00 2.711779553182168456e+00 2.832137158330282123e+00 2.964515439610062586e+00 3.062957703338623716e+00 2.979510667341098262e+00 3.143182437293510212e+00 3.182326068200783453e+00 3.221085505815459715e+00 3.259588043553644177e+00 3.297835795259360658e+00 3.335812026992279300e+00 3.373610107060483809e+00 3.411211049539138340e+00 3.448632617167293635e+00 3.485923839535953750e+00 3.523111612175873208e+00 3.560234277377153589e+00 3.597271607842052354e+00 3.634269100484111892e+00 3.671275387215649832e+00 3.708256364123306614e+00 3.745292375555724806e+00 3.782356339229223874e+00 3.819524017861482879e+00 3.856780219626102291e+00 3.894240623078498942e+00 3.931820846928006041e+00 3.969663414328395312e+00 4.007711389501177557e+00 4.046139708403625690e+00 4.084995603436935241e+00 4.770407120173370430e+00 4.805876900895952986e+00 4.833720030935807266e+00 4.858355002052825888e+00 4.881167630296238791e+00
2.214774019224238444e+00 2.172433270091386870e+00 2.598570084137485470e+00 2.869801983663127221e+00 2.611869180649578404e+00 2.778839139949285997e+00 2.765467606003830348e+00 2.828190854596499548e+00 3.024080117024867231e+00 3.115998227343230287e+00 2.894475686404234249e+00 3.237895781090688541e+00 3.279420589179307122e+00 3.320604349991697735e+00 3.361532858983696137e+00 3.402210742654002029e+00 3.442743729042297307e+00 3.483058403923317226e+00 3.523260566258437976e+00 3.563327874132295570e+00 3.603353890929249292e+00 3.643312802463704259e+00 3.683241252302025703e+00 3.723187876197107560e+00 3.763179681566577006e+00 3.803201604259585977e+00 3.843331819293525964e+00 3.883602873866125904e+00 3.924052375772763668e+00 3.964720939291079382e+00 4.005663178977173722e+00 4.046944556859570774e+00 4.088641753209582674e+00 4.130894269761165027e+00 4.173825937545651676e+00 4.217746340586474574e+00 4.799221154966851088e+00 4.859685147159479079e+00 4.891525260249811602e+00 4.917730467389299420e+00 4.941321803582458649e+00
2.189482010933283984e+00 2.310469314079422354e+00 2.338485086842832406e+00 2.525447390020274074e+00 2.801493195873400399e+00 2.791416751363499760e+00 2.807490384345433299e+00 2.852431872099737475e+00 3.067548819342289512e+00 3.148152034755598017e+00 3.161089100564780985e+00 3.238022835100167196e+00 3.279786744078938554e+00 3.321296577651206672e+00 3.362590155159517646e+00 3.403699613089656406e+00 3.444641171729141416e+00 3.485462137424800932e+00 3.526166227624400573e+00 3.566847524127665814e+00 3.607453554035492171e+00 3.648073185960529763e+00 3.688701437897579538e+00 3.729384789635072472e+00 3.770144567907158351e+00 3.811002016366520806e+00 3.851999187578353023e+00 3.893176695580903068e+00 3.934589180570032596e+00 3.976226351916960056e+00 4.018197668083251628e+00 4.060480513134622882e+00 4.103206064399470776e+00 4.146444254115856154e+00 4.755046206644660600e+00 4.808017877700277332e+00 4.841558299862935399e+00 4.869617700717411957e+00 4.894762604013704888e+00 4.918099974043361300e+00 4.940135167587224707e+00
1.955345697877363342e+00 2.135808973245433062e+00 2.640539225905079501e+00 2.650984003404421419e+00 2.720993511477010518e+00 2.831557710685590923e+00 2.840456412849947654e+00 2.605303553070737355e+00 2.926299067764725592e+00 3.154198237854584086e+00 3.218065942368636190e+00 2.823482907340349346e+00 3.366649132035770542e+00 3.412779116577748351e+00 3.458627893142232512e+00 3.504383915564961427e+00 3.550024014868335964e+00 3.595626026692235300e+00 3.641210255846546673e+00 3.686853931021050190e+00 3.732529687435198529e+00 3.778311094940561610e+00 3.824248466886105202e+00 3.870370242381936610e+00 3.916718202432488027e+00 3.963342557955193080e+00 4.010288464197803826e+00 4.057687943164858702e+00 4.105518791446604254e+00 4.153955110045761678e+00 4.203041348280542877e+00 4.253042297191619525e+00 4.304072472382201475e+00 4.568233729928748765e+00 4.753277350288985126e+00 4.840964101864794422e+00 4.883450604928844641e+00 4.915548151890437367e+00 4.943255545714815291e+00 4.968429769175033428e+00 4.991896715605489199e+00
0.000000000000000000e+00 0.000000000000000000e+00 3.530608995437899189e+00 2.933780385582564598e+00 2.370042660767893494e+00 2.621009159364441121e+00 2.774122417043069611e+00 2.777507742302831595e+00 2.700455524208162039e+00 2.653946348379346620e+00 3.013120771358916983e+00 3.085107841658553784e+00 3.079270212959527964e+00 2.953295737409818322e+00 3.357682239916674583e+00 3.399307651217160497e+00 3.440745448034210341e+00 3.482060560543474459e+00 3.523316062176165886e+00 3.564539126058877461e+00 3.605727559546509919e+00 3.646973012399708391e+00 3.688265054036562685e+00 3.729668128604482380e+00 3.771160400022347314e+00 3.812817876668958661e+00 3.854652083232950943e+00 3.896736483195323952e+00 3.939102852048678827e+00 3.981820927901579932e+00 4.024898857067514157e+00 4.068460466976512535e+00 4.112574883134330506e+00 4.157370324690622176e+00 4.203070308408896061e+00 4.448124602235011160e+00 4.643096125745967306e+00 4.734621058771057101e+00 4.770049540371654295e+00 4.797280627210176007e+00 4.821135859608523866e+00
