0.000000000000000000e+00 0.000000000000000000e+00 0.000000000000000000e+00 0.000000000000000000e+00 0.000000000000000000e+00 1.200840435155944075e+00 1.255495701707092682e+00 1.304629551461118142e+00 1.349745516274219570e+00 1.395395155720792868e+00 1.439158968741370392e+00 1.485817384408334885e+00 1.530722326724163640e+00 1.578879849983568118e+00 1.627819879225657740e+00 1.680438578761433321e+00 1.737058576387362052e+00 1.806390871528218423e+00 1.890149429487056665e+00 3.106958472223573686e+00 3.142771192787088275e+00
0.000000000000000000e+00 0.000000000000000000e+00 0.000000000000000000e+00 0.000000000000000000e+00 0.000000000000000000e+00 0.000000000000000000e+00 0.000000000000000000e+00 1.263639731615285200e+00 1.316076242554570452e+00 1.364973554736614636e+00 1.409946105072394706e+00 1.455697984195325700e+00 1.499651445239254866e+00 1.546890117394830177e+00 1.594986128002037429e+00 1.649245654942695705e+00 1.705004342028063391e+00 1.770614360630936135e+00 1.850049007113989230e+00 3.092469843273859098e+00 3.141974331715609026e+00
0.000000000000000000e+00 0.000000000000000000e+00 0.000000000000000000e+00 0.000000000000000000e+00 0.000000000000000000e+00 1.173413451905792160e+00 1.231362784254985687e+00 1.280095115123248695e+00 1.323110649347865264e+00 1.366499264183356877e+00 1.408151998962028362e+00 1.450401657924232701e+00 1.493240428566998235e+00 1.536592371600143281e+00 1.583316839147146382e+00 1.630844412214423222e+00 1.682053209485051326e+00 1.739840571071169739e+00 1.805208100764862156e+00 1.895598251830466374e+00 3.143099412656263247e+00
0.000000000000000000e+00 0.000000000000000000e+00 0.000000000000000000e+00 0.000000000000000000e+00 0.000000000000000000e+00 0.000000000000000000e+00 1.208901465489040428e+00 1.262066405550705150e+00 1.309706363275854990e+00 1.351522048348497984e+00 1.393892835548612208e+00 1.434496787770019433e+00 1.475579271776839230e+00 1.519529653474661401e+00 1.564268650332960808e+00 1.612174876795224421e+00 1.661362817692510152e+00 1.716627893639049551e+00 1.784102461974286236e+00 1.876046989132853726e+00 3.143252822333983509e+00
0.000000000000000000e+00 0.000000000000000000e+00 0.000000000000000000e+00 0.000000000000000000e+00 1.139720711755045413e+00 1.201293824853330694e+00 1.249909081927931931e+00 1.292937190766588085e+00 1.336326749417980020e+00 1.375736205885018881e+00 1.413112045211446288e+00 1.453016064681629027e+00 1.493235739384625171e+00 1.536197288759766799e+00 1.575057209170450889e+00 1.619149249081635489e+00 1.664048300372400702e+00 1.709811724054011606e+00 1.764189600323952334e+00 1.823193930710431898e+00 1.897901805996720315e+00
0.000000000000000000e+00 0.000000000000000000e+00 0.000000000000000000e+00 0.000000000000000000e+00 1.161835801417938852e+00 1.215443791007049912e+00 1.259811389346080501e+00 1.302382748311984528e+00 1.343065835082425163e+00 1.383977835522401278e+00 1.422893167502181200e+00 1.459938444354515585e+00 1.501634713049260883e+00 1.541352828767621919e+00 1.581569165366057073e+00 1.624603920135138990e+00 1.668433489196308406e+00 1.715327405656146054e+00 1.768396501662407250e+00 1.828113484167741110e+00 1.900969902038029957e+00
0.000000000000000000e+00 0.000000000000000000e+00 0.000000000000000000e+00 0.000000000000000000e+00 0.000000000000000000e+00 1.174803292146129774e+00 1.230911405079752052e+00 1.275763500095113967e+00 1.317070986353211293e+00 1.356270801051633335e+00 1.395908749982154973e+00 1.433739704166982376e+00 1.471637564473924575e+00 1.512149888593314229e+00 1.550894705299637133e+00 1.592361990650707826e+00 1.636925754938234556e+00 1.682274141593842698e+00 1.735747587057132835e+00 1.798317881707051757e+00 1.881459636747756514e+00
0.000000000000000000e+00 0.000000000000000000e+00 0.000000000000000000e+00 0.000000000000000000e+00 0.000000000000000000e+00 0.000000000000000000e+00 1.212592881962964997e+00 1.266076203308231340e+00 1.310013826731841968e+00 1.352203507758021894e+00 1.394923066713052329e+00 1.435836642389345608e+00 1.477387582124032095e+00 1.521781879747804656e+00 1.567075118781073639e+00 1.613159997667373835e+00 1.665437541238411256e+00 1.721524519891087568e+00 1.787366172866931446e+00 1.891541740274609307e+00 3.142513887726673172e+00
0.000000000000000000e+00 0.000000000000000000e+00 0.000000000000000000e+00 0.000000000000000000e+00 0.000000000000000000e+00 1.192368590214581303e+00 1.245555428995977154e+00 1.291332644409723951e+00 1.335317941728822344e+00 1.375519734256186677e+00 1.415867344009074102e+00 1.458981194063514231e+00 1.497872103755722328e+00 1.539642442278297052e+00 1.581930409065912313e+00 1.627247529212711097e+00 1.676009751944584014e+00 1.728434178300165547e+00 1.782282042136549283e+00 1.848899437979696136e+00 1.941711251145402661e+00
0.000000000000000000e+00 0.000000000000000000e+00 0.000000000000000000e+00 0.000000000000000000e+00 1.131353287366441140e+00 1.200731024915836054e+00 1.249954912532441842e+00 1.291691520267436388e+00 1.331522372035771840e+00 1.371600192035537180e+00 1.409731798831777239e+00 1.448165056502703329e+00 1.489101047635321029e+00 1.528128536662493486e+00 1.567559351262278966e+00 1.612169685828932941e+00 1.655164396729031040e+00 1.703832384602634198e+00 1.758587956842166289e+00 1.820156511912782049e+00 1.905314802747753111e+00
0.000000000000000000e+00 0.000000000000000000e+00 0.000000000000000000e+00 0.000000000000000000e+00 0.000000000000000000e+00 1.154413463929779393e+00 1.226793510893577466e+00 1.275007496549757091e+00 1.315627444542523561e+00 1.358526552903694506e+00 1.397610185333635124e+00 1.434929157331953364e+00 1.472348089043127084e+00 1.512396977382882701e+00 1.555140078735469666e+00 3.676033303956875553e+00 3.742848297572236138e+00 3.805048468689538943e+00 3.873651454121290527e+00 4.044582485469665478e+00 4.296302766689871433e+00
0.000000000000000000e+00 0.000000000000000000e+00 0.000000000000000000e+00 0.000000000000000000e+00 0.000000000000000000e+00 0.000000000000000000e+00 1.230045747125205313e+00 1.291187686721298800e+00 1.342454283615821309e+00 1.394557173406141271e+00 1.440485423542586352e+00 1.489418350987249839e+00 1.539337640880085178e+00 1.590252541557465760e+00 1.647545332990086875e+00 1.706487610635184726e+00 1.770514968792798127e+00 1.851222209666617546e+00 1.979532472554926592e+00 3.107104111484515929e+00 3.140009987265566682e+00
1.747742880498806273e-01 0.000000000000000000e+00 0.000000000000000000e+00 0.000000000000000000e+00 0.000000000000000000e+00 0.000000000000000000e+00 1.183583128029396914e+00 1.263810867082399536e+00 1.314728506936224228e+00 1.359904834830887754e+00 1.401324946810983185e+00 1.443049384097957910e+00 1.487558511741098544e+00 1.532610507560904445e+00 1.575926295203762928e+00 1.624858721765399805e+00 1.677220079092153648e+00 1.733292498532299719e+00 1.804039131125454887e+00 1.942415492684482325e+00 2.521989421087254435e+00
0.000000000000000000e+00 0.000000000000000000e+00 0.000000000000000000e+00 0.000000000000000000e+00 0.000000000000000000e+00 1.185812264355417867e+00 1.237719078768560355e+00 0.000000000000000000e+00 1.322775854143070751e+00 1.365933304522942482e+00 1.405271552573498894e+00 1.447234717807621918e+00 1.489774033438457934e+00 1.533029028077870670e+00 1.577022204027310304e+00 1.624233106018156070e+00 1.675182712220582015e+00 1.727485233955258437e+00 1.789428254133019314e+00 1.864936128012232519e+00 3.140653462960917075e+00
0.000000000000000000e+00 0.000000000000000000e+00 0.000000000000000000e+00 0.000000000000000000e+00 0.000000000000000000e+00 0.000000000000000000e+00 1.194162726488091852e+00 1.270672312100773915e+00 1.327112445001169760e+00 1.377876702676308129e+00 1.427263011062078535e+00 1.475064632167242484e+00 1.526123410506340594e+00 1.575735937885446747e+00 1.631569775274047895e+00 1.688945002423119179e+00 1.756241571701539383e+00 1.837564005755440544e+00 2.904984226127696356e+00 3.079910419858743253e+00 3.143329512971960948e+00
1.642343353076619883e-01 0.000000000000000000e+00 0.000000000000000000e+00 0.000000000000000000e+00 0.000000000000000000e+00 0.000000000000000000e+00 1.199971729753130489e+00 1.245778453678026310e+00 1.288186544088475438e+00 0.000000000000000000e+00 1.368167928623558627e+00 1.405653442348510529e+00 1.443508128874851915e+00 1.484147024468162490e+00 1.523127856544569614e+00 1.565177592800124362e+00 1.610185429175884586e+00 1.656237131181230060e+00 1.710720089445100456e+00 1.776962376589197534e+00 3.141941448155530114e+00
0.000000000000000000e+00 0.000000000000000000e+00 0.000000000000000000e+00 0.000000000000000000e+00 0.000000000000000000e+00 1.173481718938708784e+00 1.236428213740742965e+00 1.287929046124454358e+00 1.335894292365977343e+00 1.379898266134007789e+00 1.426849675452976474e+00 1.469901995532086225e+00 1.518246268070158056e+00 1.565191001876480970e+00 1.618143999129679100e+00 1.670034941593429023e+00 1.728581972248005805e+00 1.795003864084663059e+00 1.876152530427529719e+00 3.111820021672695891e+00 3.143934213331599281e+00
0.000000000000000000e+00 0.000000000000000000e+00 0.000000000000000000e+00 0.000000000000000000e+00 0.000000000000000000e+00 1.190810581247849775e+00 1.246831679847710816e+00 1.295262116376894923e+00 1.342060629794397331e+00 1.387200359248374149e+00 1.430447824924795164e+00 1.476552900232309451e+00 1.520967440295360573e+00 1.566099241222345118e+00 1.614438155775798966e+00 1.666245117678610832e+00 1.724833938540489386e+00 1.787850021306372605e+00 1.864578604156858388e+00 0.000000000000000000e+00 3.141982284329417396e+00
0.000000000000000000e+00 0.000000000000000000e+00 0.000000000000000000e+00 0.000000000000000000e+00 0.000000000000000000e+00 0.000000000000000000e+00 1.221580772869943710e+00 1.279951976132743141e+00 1.326579054684957626e+00 1.373747971726597017e+00 1.419494693015120212e+00 1.463369838364412701e+00 1.510375401594189926e+00 1.558263778960235824e+00 1.604663994761251766e+00 1.659709326424796405e+00 1.716407471116326633e+00 1.780427882694639807e+00 1.858492278192654501e+00 3.108923129018000608e+00 3.142359831282977467e+00
0.000000000000000000e+00 0.000000000000000000e+00 0.000000000000000000e+00 0.000000000000000000e+00 0.000000000000000000e+00 1.202026244300877345e+00 1.245886268633994876e+00 1.287908972591493395e+00 1.328148713648613866e+00 1.368646581168325049e+00 1.409456441610538846e+00 1.448540621260238748e+00 1.487971999401405343e+00 1.530287008991881414e+00 1.573183555255071253e+00 1.616754521979168802e+00 1.663762140424986935e+00 1.709193524697484534e+00 1.763565239555620057e+00 1.825106326260276024e+00 1.906399222334578480e+00
0.000000000000000000e+00 0.000000000000000000e+00 0.000000000000000000e+00 0.000000000000000000e+00 0.000000000000000000e+00 0.000000000000000000e+00 1.208878883329089104e+00 1.281779662508193418e+00 1.343142647349821139e+00 1.396519879075550863e+00 1.448600266714600515e+00 1.499231088740148321e+00 1.553321460365781448e+00 1.606194329804150112e+00 1.665783803044396105e+00 1.730070251894565203e+00 1.805159343884438661e+00 1.899192522808608175e+00 3.057762134936436116e+00 3.104056330851642898e+00 3.143188180585013924e+00
0.000000000000000000e+00 0.000000000000000000e+00 0.000000000000000000e+00 0.000000000000000000e+00 1.127799086340704360e+00 1.189240398954949374e+00 1.236148679446670506e+00 1.275530101338183453e+00 1.315144661679906957e+00 1.353004774371714625e+00 1.391064045665351800e+00 1.429524984440306401e+00 1.468315531729266654e+00 1.505305401307617252e+00 1.545111432075221058e+00 1.585263610854129368e+00 1.628687352007896605e+00 1.672849220837858253e+00 1.722823803353342065e+00 1.779220156977561196e+00 1.847845129036114642e+00
0.000000000000000000e+00 0.000000000000000000e+00 0.000000000000000000e+00 0.000000000000000000e+00 0.000000000000000000e+00 1.178926473926305452e+00 1.230003135278315840e+00 1.269889805512134151e+00 1.309974626144497112e+00 1.346231439746246705e+00 1.384666239071255633e+00 1.421136254164168111e+00 1.455803617646874049e+00 1.490709456389851084e+00 1.530230567996749835e+00 1.568145496049564214e+00 1.608681952487537981e+00 1.649913968608561321e+00 1.696806504437085916e+00 1.746894569709122713e+00 1.805870900973320037e+00
0.000000000000000000e+00 0.000000000000000000e+00 0.000000000000000000e+00 0.000000000000000000e+00 1.136718935482157855e+00 1.198939328654034631e+00 1.246268190238993157e+00 1.290068078412260455e+00 1.331938798217004560e+00 1.372085164751321473e+00 1.412443852271789924e+00 1.451040748815782155e+00 1.494570384929911899e+00 1.533988744070148069e+00 1.576137152991025747e+00 1.619280963260227413e+00 1.665482066501559499e+00 1.717854616884125996e+00 1.771572395087664731e+00 1.832541252478839144e+00 1.915942899848146697e+00
0.000000000000000000e+00 0.000000000000000000e+00 0.000000000000000000e+00 0.000000000000000000e+00 0.000000000000000000e+00 0.000000000000000000e+00 1.210750629996552030e+00 1.266127805281105134e+00 1.316141171205517324e+00 1.360418157189348998e+00 1.405213808015947308e+00 1.448513629953447346e+00 1.494771188119045302e+00 1.537178028161884757e+00 1.587588124263063394e+00 1.636759480397024902e+00 1.692509145625657352e+00 1.749995037374233453e+00 1.820576648180391555e+00 1.923855069660105555e+00 3.139324355644963038e+00
0.000000000000000000e+00 0.000000000000000000e+00 0.000000000000000000e+00 0.000000000000000000e+00 0.000000000000000000e+00 0.000000000000000000e+00 0.000000000000000000e+00 1.266723127433460938e+00 1.328632472641888995e+00 1.383013955469086786e+00 1.433550793077542185e+00 1.482623350860255096e+00 1.535085960501286317e+00 1.588678370059787515e+00 1.643669976127094090e+00 1.702845704329724930e+00 1.769646198876048127e+00 1.853625736649583189e+00 0.000000000000000000e+00 3.103232813065023521e+00 3.142382991364280898e+00
2.236257700252994585e-01 1.669289367606816565e-01 0.000000000000000000e+00 0.000000000000000000e+00 0.000000000000000000e+00 0.000000000000000000e+00 0.000000000000000000e+00 1.214229061272845689e+00 1.271250308551907793e+00 1.316844616401334767e+00 1.358871941010364681e+00 1.399281175006018341e+00 1.440208216403678465e+00 1.481718185138782617e+00 1.521592045446311214e+00 1.566838183927564687e+00 1.610751446598789105e+00 1.660421342437848446e+00 1.716358129899644203e+00 1.787071110198518387e+00 3.140351548077341626e+00
0.000000000000000000e+00 0.000000000000000000e+00 0.000000000000000000e+00 0.000000000000000000e+00 0.000000000000000000e+00 1.176395872389294661e+00 1.241897370423317160e+00 1.293809959526799114e+00 1.339972808779993141e+00 1.386556255273539540e+00 1.433781847690422273e+00 1.479300080783948479e+00 1.525614210228116940e+00 1.572728235496124949e+00 1.625953577831360741e+00 1.680514535404477483e+00 1.739308343342098384e+00 1.806107378923549778e+00 1.893259361282307207e+00 3.111881224810198354e+00 3.140211907148207970e+00
0.000000000000000000e+00 0.000000000000000000e+00 0.000000000000000000e+00 0.000000000000000000e+00 0.000000000000000000e+00 0.000000000000000000e+00 1.235385257172657569e+00 1.285473917079727801e+00 1.327798777148732068e+00 1.370376165091923948e+00 1.408989448076041429e+00 1.449944652009703239e+00 1.491344072910543384e+00 1.533042300003759184e+00 1.575165313426071023e+00 1.620242791940594618e+00 1.666018968951451296e+00 1.715159696680231161e+00 1.770369196093183550e+00 1.837739433576528691e+00 1.935083595481874807e+00
0.000000000000000000e+00 0.000000000000000000e+00 0.000000000000000000e+00 0.000000000000000000e+00 0.000000000000000000e+00 0.000000000000000000e+00 1.223911610267345074e+00 1.282791053794841263e+00 1.332056530042806664e+00 1.379785646499472440e+00 1.423655631637368302e+00 1.468251338598715039e+00 1.513224841856353198e+00 1.561333698320228613e+00 1.610330297747851525e+00 1.662870057771504095e+00 1.724364702995527798e+00 1.792997154406422045e+00 1.891965297376149158e+00 2.740094653218938081e+00 3.140472123574245877e+00
0.000000000000000000e+00 0.000000000000000000e+00 0.000000000000000000e+00 0.000000000000000000e+00 0.000000000000000000e+00 0.000000000000000000e+00 1.245624560037950523e+00 1.304388945295620106e+00 1.355229449364302230e+00 1.402134033014080128e+00 1.451845077459752442e+00 1.500106771586220411e+00 1.548878238514037609e+00 1.598654500033407144e+00 1.651845567617419297e+00 1.711674556590246921e+00 1.773450240630006336e+00 1.848895335698433895e+00 1.949569909142601976e+00 3.108842768312096272e+00 3.140786496891412316e+00
0.000000000000000000e+00 0.000000000000000000e+00 0.000000000000000000e+00 0.000000000000000000e+00 0.000000000000000000e+00 0.000000000000000000e+00 1.202896988011445734e+00 1.259504225526546728e+00 1.308506249152314949e+00 1.349681677899682963e+00 1.391167549764823264e+00 1.430807827333260507e+00 1.473047785474808968e+00 1.513573736267922021e+00 1.559278925639604019e+00 1.603372351005931007e+00 1.650742677687741855e+00 1.701585403067772839e+00 1.758833723824627882e+00 1.833825073399439454e+00 3.143461981599783517e+00
1.787393686751996003e-01 0.000000000000000000e+00 0.000000000000000000e+00 0.000000000000000000e+00 0.000000000000000000e+00 0.000000000000000000e+00 1.185918946691815634e+00 1.253893534254000075e+00 1.304625681239471202e+00 1.347685414645849455e+00 1.391027188140624871e+00 1.432745343204846256e+00 1.472692033592343686e+00 1.515461292865348142e+00 1.558783148395606943e+00 1.602819879719622476e+00 1.652717185056390203e+00 1.708664335348260011e+00 1.771548677861393584e+00 1.857771829598721114e+00 3.141958337753870900e+00
0.000000000000000000e+00 0.000000000000000000e+00 0.000000000000000000e+00 0.000000000000000000e+00 0.000000000000000000e+00 0.000000000000000000e+00 1.240150115914974149e+00 1.289349518273296580e+00 1.337010359559519745e+00 1.383043678763982376e+00 1.425111293846502925e+00 1.472406671900883923e+00 1.518117181688970030e+00 1.564674751086420734e+00 1.614683808209904203e+00 1.665792561585791365e+00 1.723821447723292044e+00 1.786599035945924729e+00 1.860772392131142094e+00 1.986122846778502149e+00 3.141201177869719530e+00
0.000000000000000000e+00 0.000000000000000000e+00 0.000000000000000000e+00 0.000000000000000000e+00 0.000000000000000000e+00 0.000000000000000000e+00 1.215042845966898710e+00 1.271028040071436660e+00 1.319377440541606994e+00 1.366269141762856076e+00 1.411546385176537299e+00 1.455332634240733780e+00 1.501904982662750188e+00 1.547149282657702463e+00 1.595573265034729848e+00 1.647842392873925421e+00 1.701475143775788013e+00 1.764899117581767873e+00 1.841796868165878065e+00 1.988803065227383371e+00 3.139114004290972648e+00
1.535906151008760157e-01 0.000000000000000000e+00 0.000000000000000000e+00 0.000000000000000000e+00 0.000000000000000000e+00 0.000000000000000000e+00 0.000000000000000000e+00 1.247945652503425595e+00 1.299544616711216571e+00 1.343626949758837341e+00 1.383904985104746244e+00 1.424563171941589212e+00 1.465641030903534148e+00 1.509528399542446442e+00 1.551745875202014568e+00 1.597111024267642065e+00 1.645653185677611763e+00 1.702674306284131189e+00 1.766447114829847953e+00 1.879699021440279560e+00 2.518871615350390947e+00
0.000000000000000000e+00 0.000000000000000000e+00 0.000000000000000000e+00 0.000000000000000000e+00 0.000000000000000000e+00 1.186969272599090353e+00 1.247322639130720390e+00 1.296303962694364875e+00 1.341658286726074234e+00 1.385346140560914430e+00 1.429434368214661744e+00 1.471726884186430162e+00 1.516950378253825615e+00 1.562816740562824602e+00 1.609557215511774997e+00 1.659674480787357354e+00 1.711197438188081676e+00 1.771662758382491987e+00 1.842971701996533040e+00 1.954917538302012980e+00 3.142919900169256486e+00
0.000000000000000000e+00 0.000000000000000000e+00 0.000000000000000000e+00 0.000000000000000000e+00 0.000000000000000000e+00 1.166954450860525183e+00 1.230161410778411346e+00 1.280189665179353842e+00 1.322442829003558362e+00 1.367152118318955889e+00 1.408015224018150269e+00 1.449273401799302974e+00 1.493329841278570713e+00 1.535700872690938690e+00 1.578794956546338835e+00 1.627370002869152010e+00 1.677175008728333250e+00 1.733380012038233886e+00 1.796490103278456152e+00 1.881454290279409136e+00 3.143284613010671968e+00
0.000000000000000000e+00 0.000000000000000000e+00 0.000000000000000000e+00 0.000000000000000000e+00 0.000000000000000000e+00 0.000000000000000000e+00 1.226534005081953982e+00 1.279705156009996347e+00 1.327162610802218756e+00 1.370876794293727885e+00 1.415016027553029687e+00 1.457500241232768667e+00 1.500427334855939598e+00 1.546373630777228447e+00 1.593142892171732994e+00 1.643328035301648837e+00 1.697302350896209289e+00 1.758076744730837637e+00 1.829131450483282295e+00 1.940762640258671290e+00 3.141973961109345126e+00
1.478992430226875598e-01 0.000000000000000000e+00 0.000000000000000000e+00 0.000000000000000000e+00 0.000000000000000000e+00 0.000000000000000000e+00 1.182200374033710144e+00 1.250812200697375642e+00 1.302203741308344043e+00 1.345710264668753764e+00 1.389839062652451274e+00 1.432147519502472210e+00 1.475120873383513942e+00 1.516451034558704336e+00 1.563037300859277057e+00 1.608090402374707351e+00 1.659129616565758747e+00 1.716443443835699467e+00 1.780778757387077915e+00 1.882641403448113815e+00 3.141959704957194788e+00
0.000000000000000000e+00 0.000000000000000000e+00 0.000000000000000000e+00 0.000000000000000000e+00 0.000000000000000000e+00 1.204994442472797189e+00 1.260276473694937227e+00 1.309919198203222557e+00 1.355807844932165107e+00 1.399996726198659891e+00 1.446835116806977073e+00 1.491919303851490408e+00 1.540281596948802179e+00 1.586892122082635970e+00 1.637075313950431710e+00 1.693449740283672345e+00 1.754421402713199685e+00 1.823114271064890435e+00 1.909995162886843678e+00 3.110040390112945641e+00 3.142772372949008020e+00
2.362475770277129017e-01 0.000000000000000000e+00 0.000000000000000000e+00 0.000000000000000000e+00 0.000000000000000000e+00 0.000000000000000000e+00 1.215256323776232161e+00 1.264752058997560491e+00 1.306829830023368055e+00 1.347169311005802506e+00 1.385533679498338389e+00 1.422224645117448727e+00 1.461231207388441922e+00 1.500561408575916689e+00 1.538163908824508486e+00 1.580689977780642463e+00 1.623875593686220586e+00 1.667766385103737647e+00 1.717323584918182489e+00 1.773037216018282125e+00 1.850783444988984838e+00
0.000000000000000000e+00 0.000000000000000000e+00 0.000000000000000000e+00 0.000000000000000000e+00 0.000000000000000000e+00 0.000000000000000000e+00 0.000000000000000000e+00 1.268407452627674070e+00 1.327301536949595961e+00 1.382893920609181926e+00 1.432519965062307277e+00 1.480626191719197404e+00 1.532011232306133675e+00 1.584433863965175826e+00 1.638154659847850914e+00 1.695915472924246492e+00 1.763561561369388908e+00 1.845401580339971481e+00 1.983320781917147224e+00 3.098939581274947841e+00 3.142375897831525933e+00
0.000000000000000000e+00 0.000000000000000000e+00 0.000000000000000000e+00 0.000000000000000000e+00 0.000000000000000000e+00 1.182739933456498083e+00 1.236004085880876957e+00 1.281870737368365321e+00 1.322016012441199706e+00 1.362339441603616752e+00 1.400858925507532327e+00 1.439662669450974430e+00 1.480958755245101788e+00 1.518161419992314354e+00 1.560362993258989528e+00 1.603262992700089651e+00 1.646826835820936141e+00 1.693627123407643875e+00 1.746436518767997770e+00 1.805975854553914628e+00 1.886376834974747174e+00
0.000000000000000000e+00 0.000000000000000000e+00 0.000000000000000000e+00 0.000000000000000000e+00 0.000000000000000000e+00 0.000000000000000000e+00 1.217191055023130630e+00 1.276690338964053151e+00 1.326453217408940510e+00 1.372496436067058845e+00 1.416752592527966925e+00 1.461633451121512994e+00 1.506978599872716540e+00 1.553119999638516768e+00 1.600079120329208848e+00 1.650381676155655342e+00 1.709484983727319607e+00 1.770680403140615811e+00 1.850377166622656278e+00 3.058137297874288230e+00 3.140252301997477069e+00
0.000000000000000000e+00 0.000000000000000000e+00 0.000000000000000000e+00 0.000000000000000000e+00 0.000000000000000000e+00 1.177048072632102427e+00 1.234526887266432338e+00 1.282589292268985215e+00 1.326959558822391472e+00 1.369419127213552523e+00 1.412312406211503335e+00 1.453334467383056383e+00 1.494815632511196757e+00 1.536674159396355765e+00 1.581520789661054360e+00 1.627229375630191655e+00 1.676098060407753332e+00 1.726279024257726613e+00 1.788161625883239791e+00 1.860509971084933101e+00 1.994940900972749454e+00
0.000000000000000000e+00 0.000000000000000000e+00 0.000000000000000000e+00 0.000000000000000000e+00 0.000000000000000000e+00 0.000000000000000000e+00 1.223977067300048960e+00 1.282034869182069547e+00 1.332510100003486020e+00 1.381321224883978127e+00 1.424124519874225392e+00 1.469547944773126114e+00 1.515672888099394156e+00 1.562344693983548138e+00 1.612558889785323135e+00 1.663603239753938201e+00 1.721244671700019602e+00 1.783393930452726206e+00 1.864462576762733859e+00 3.091652931779243829e+00 3.141980744096721789e+00
0.000000000000000000e+00 0.000000000000000000e+00 0.000000000000000000e+00 0.000000000000000000e+00 0.000000000000000000e+00 1.156497619152527800e+00 1.226138162601460690e+00 1.280353174276265493e+00 1.326705737197360069e+00 1.371400460205981497e+00 1.416663353891501220e+00 1.460127902443061343e+00 1.504174427920466517e+00 1.551433660208827003e+00 1.599536058920004722e+00 1.648669448224730383e+00 1.704220553157860696e+00 1.763978276057122541e+00 1.837275207022865287e+00 1.943664728609393100e+00 3.141592653589793116e+00
0.000000000000000000e+00 0.000000000000000000e+00 0.000000000000000000e+00 0.000000000000000000e+00 0.000000000000000000e+00 0.000000000000000000e+00 1.197300861497734514e+00 1.275597172734224127e+00 1.331639362196126219e+00 1.384125296379281611e+00 1.437697869839897891e+00 1.487371941352517490e+00 1.540497014508732443e+00 1.592449993137500019e+00 1.651008918283781490e+00 1.711345170620447442e+00 1.782157041989066659e+00 1.876570620033342740e+00 3.034584431107611113e+00 3.099663339874061840e+00 3.139632343684894966e+00
6.526890995143408425e-02 0.000000000000000000e+00 0.000000000000000000e+00 0.000000000000000000e+00 0.000000000000000000e+00 0.000000000000000000e+00 0.000000000000000000e+00 0.000000000000000000e+00 1.292794224314960161e+00 1.348175760441246540e+00 1.397899696936736547e+00 1.443704558156980289e+00 1.495192543753479208e+00 1.542792344867840892e+00 1.591369040873057195e+00 1.646348816652811520e+00 1.702907307189532204e+00 1.771994259164653585e+00 1.860984277978177337e+00 3.081271077295463012e+00 3.141592653589793116e+00
