0.000000000000000000e+00 0.000000000000000000e+00 0.000000000000000000e+00 0.000000000000000000e+00 0.000000000000000000e+00 0.000000000000000000e+00 0.000000000000000000e+00 0.000000000000000000e+00 0.000000000000000000e+00 1.168825551369306881e+00 1.200840435155944075e+00 1.229135162182092733e+00 1.255495701707092682e+00 1.282068251339537612e+00 1.306702494977184825e+00 1.327141451021430774e+00 1.349745516274219570e+00 1.372481566660475050e+00 1.395395155720792868e+00 1.416088133573544461e+00 1.439158968741370392e+00 1.462360988857313471e+00 1.483481193552347088e+00 1.507090455747197133e+00 1.530722326724163640e+00 1.554652324588859269e+00 1.578879849983568118e+00 1.603167988092927043e+00 1.627819879225657740e+00 1.655193563278664071e+00 1.680353463096196709e+00 1.708450058954645634e+00 1.739568970256331504e+00 1.768726847948075553e+00 1.806295411459966749e+00 3.006396470831369960e+00 3.050403742518049910e+00 3.078300139405586222e+00 3.103845287381666207e+00 3.125169092293953899e+00 3.142574708186101073e+00
0.000000000000000000e+00 0.000000000000000000e+00 0.000000000000000000e+00 0.000000000000000000e+00 0.000000000000000000e+00 0.000000000000000000e+00 0.000000000000000000e+00 0.000000000000000000e+00 0.000000000000000000e+00 0.000000000000000000e+00 0.000000000000000000e+00 0.000000000000000000e+00 1.203791438965952754e+00 1.235678375190058853e+00 1.265798833357892006e+00 1.291919686538579803e+00 1.318233744591545076e+00 1.340412865531645181e+00 1.364913579625461448e+00 1.387450644771454522e+00 1.410072875986355667e+00 1.432696495172870454e+00 1.453387352474380778e+00 1.476472620984383255e+00 1.499651445239254866e+00 1.525583893336280195e+00 1.549303362507770565e+00 1.570796326794896558e+00 1.597451330672828851e+00 1.621869006730337404e+00 1.649245654942695705e+00 1.676958079251292366e+00 1.705004342028063391e+00 1.736160407526768701e+00 1.770521827871038845e+00 1.805627473378602854e+00 2.995147506496553369e+00 3.055223264356509372e+00 3.092283874794499621e+00 3.117851701912220719e+00 3.141974331715609026e+00
0.000000000000000000e+00 0.000000000000000000e+00 0.000000000000000000e+00 0.000000000000000000e+00 0.000000000000000000e+00 0.000000000000000000e+00 0.000000000000000000e+00 0.000000000000000000e+00 0.000000000000000000e+00 0.000000000000000000e+00 1.173413451905792160e+00 1.204310470511535280e+00 1.231412318137452999e+00 1.256688229523438727e+00 1.280095115123248695e+00 1.303637163345937600e+00 1.323110649347865264e+00 1.344673500333339211e+00 1.366440299813812986e+00 1.388343240926670052e+00 1.408151998962028362e+00 1.428085826920617807e+00 1.450270885076164529e+00 1.472804976993929982e+00 1.493171656843672590e+00 1.515965402234895842e+00 1.538956359864143586e+00 1.559749099254236659e+00 1.583164801809029631e+00 1.606759455735873976e+00 1.633227878915977760e+00 1.657431989140154105e+00 1.682053209485051326e+00 1.711921939176974661e+00 2.947756640480516221e+00 3.014171413094542729e+00 3.053455472675605797e+00 3.080749338144737948e+00 3.106528570303466630e+00 3.125097417699822966e+00 3.139897651258859224e+00
0.000000000000000000e+00 0.000000000000000000e+00 0.000000000000000000e+00 0.000000000000000000e+00 0.000000000000000000e+00 0.000000000000000000e+00 0.000000000000000000e+00 0.000000000000000000e+00 0.000000000000000000e+00 0.000000000000000000e+00 0.000000000000000000e+00 1.174713639678852450e+00 1.208901465489040428e+00 1.237347801518626111e+00 1.262066405550705150e+00 1.286786404735270173e+00 1.307665348680083994e+00 1.330637903438445457e+00 1.351522048348497984e+00 1.372687623966870385e+00 1.391704620736134101e+00 1.412970406928648837e+00 1.434496787770019433e+00 1.456087136667864268e+00 1.477792869308061086e+00 1.497367717568004020e+00 1.519459311392748813e+00 1.541712946141690299e+00 1.564120924518404898e+00 1.589299197352306958e+00 1.609754193797033439e+00 1.635345414775331685e+00 1.661281230361680183e+00 1.687480493091571887e+00 1.716455990184849956e+00 1.746264801429026736e+00 1.781444429857065748e+00 2.261999499371100786e+00 3.058852018671022410e+00 3.109295906683729793e+00 3.143252822333983509e+00
0.000000000000000000e+00 0.000000000000000000e+00 0.000000000000000000e+00 0.000000000000000000e+00 0.000000000000000000e+00 0.000000000000000000e+00 0.000000000000000000e+00 0.000000000000000000e+00 0.000000000000000000e+00 1.175227099127303276e+00 1.203240816465734886e+00 1.227525207596058987e+00 1.249958653954660326e+00 1.272467280375613852e+00 1.292937190766588085e+00 1.313550718960747155e+00 1.334186661113117234e+00 1.354938593952032866e+00 1.373548389469863906e+00 1.394470101567727216e+00 1.415347278537685494e+00 1.434211310176796150e+00 1.453080192851135655e+00 1.474179330406192756e+00 1.493302953812937206e+00 1.514612319650980643e+00 1.533890686224091304e+00 1.555514791140911290e+00 1.577334271568069157e+00 1.594599641759781861e+00 1.619149249081635489e+00 1.639012990243932100e+00 1.663967529170557347e+00 1.686678528624675932e+00 1.712296915513392470e+00 1.735541056808012739e+00 3.060204242875031788e+00 3.087260442333679578e+00 3.107168341520919697e+00 0.000000000000000000e+00 3.140836918046471027e+00
0.000000000000000000e+00 0.000000000000000000e+00 0.000000000000000000e+00 0.000000000000000000e+00 0.000000000000000000e+00 0.000000000000000000e+00 0.000000000000000000e+00 0.000000000000000000e+00 1.160030899269960392e+00 1.191506482032226533e+00 1.215537546313360195e+00 1.239621684672415292e+00 1.259861115471572868e+00 1.284074113789146265e+00 1.302382748311984528e+00 1.322721887521792761e+00 1.343176603398720470e+00 1.363564842061475213e+00 1.383977835522401278e+00 1.402379810831389850e+00 1.423015419686002980e+00 1.443633379037877917e+00 1.462204519045735784e+00 1.480685183628326573e+00 1.501567660818269534e+00 1.520244240914992107e+00 1.539135979519308917e+00 1.560265687447295546e+00 1.581569165366057073e+00 1.602967316747957671e+00 1.624603920135138990e+00 1.646400948855817337e+00 1.668273217007144593e+00 1.692891563671181432e+00 1.717700916047335546e+00 1.740302263026265450e+00 1.765807365027133535e+00 3.045945245892631270e+00 1.825474898545413893e+00 3.117471145803763388e+00 3.139525198059462063e+00
0.000000000000000000e+00 0.000000000000000000e+00 0.000000000000000000e+00 0.000000000000000000e+00 0.000000000000000000e+00 0.000000000000000000e+00 0.000000000000000000e+00 0.000000000000000000e+00 0.000000000000000000e+00 0.000000000000000000e+00 1.174848085805036524e+00 1.205658263478544656e+00 1.230911405079752052e+00 1.254259318651743227e+00 1.275865170759769240e+00 1.295345632082121279e+00 1.316963820284346109e+00 1.336639149642905755e+00 1.356383410716283988e+00 1.376126112892258835e+00 1.395967846072497798e+00 1.413689838305408841e+00 1.433615977923958118e+00 1.453670747026914789e+00 1.471637564473924575e+00 1.491775697099864573e+00 1.512149888593314229e+00 1.532622669562280437e+00 1.550894705299637133e+00 1.573901951975464897e+00 1.594693413770254864e+00 1.615701419934450156e+00 1.636925754938234556e+00 1.660521935713112240e+00 1.682193367879837531e+00 1.708782987172908330e+00 1.735747587057132835e+00 4.012693284404925897e+00 4.117895101401956026e+00 4.303159179021731617e+00 4.403855309640364091e+00
0.000000000000000000e+00 0.000000000000000000e+00 0.000000000000000000e+00 0.000000000000000000e+00 0.000000000000000000e+00 0.000000000000000000e+00 0.000000000000000000e+00 0.000000000000000000e+00 0.000000000000000000e+00 0.000000000000000000e+00 0.000000000000000000e+00 1.180247706915347639e+00 1.212592881962964997e+00 1.241273262476344952e+00 1.266127890436351766e+00 1.286995627652725460e+00 1.309959115162065313e+00 1.333166778582238310e+00 1.354349862532240989e+00 1.373480548888777575e+00 1.394801345677562532e+00 1.414180791455863062e+00 1.438076637151263659e+00 1.457626562616589849e+00 1.479607240671589663e+00 1.499462130670914162e+00 1.521781879747804656e+00 1.544272561426877521e+00 1.566926637151475399e+00 1.590040385928678024e+00 1.615589455495185955e+00 1.639198510133162756e+00 1.665273329293899485e+00 1.694454594616573218e+00 1.723965754889204227e+00 1.753981432764069703e+00 1.789945344833550278e+00 2.961024813871213190e+00 3.068735681103944568e+00 3.111533073940509375e+00 3.139565938488655839e+00
0.000000000000000000e+00 0.000000000000000000e+00 0.000000000000000000e+00 0.000000000000000000e+00 0.000000000000000000e+00 0.000000000000000000e+00 0.000000000000000000e+00 0.000000000000000000e+00 0.000000000000000000e+00 1.160195786669052431e+00 1.194279983603504736e+00 1.222845307004117865e+00 1.245555428995977154e+00 1.270437339242384001e+00 1.291279904665210587e+00 1.312230365281506383e+00 1.335317941728822344e+00 1.354281157425870186e+00 1.375519734256186677e+00 1.396805639809675315e+00 1.415990827991632006e+00 1.437358922932517213e+00 1.456678644933729005e+00 1.476135997693207358e+00 1.500155445377301167e+00 1.519772111371388235e+00 1.541971704672061572e+00 1.561828748326530736e+00 1.584230817894923593e+00 1.604447147479610036e+00 1.627247529212711097e+00 1.652697769514941850e+00 1.675927453405328560e+00 1.699437786831837327e+00 1.725831880170248578e+00 1.755100979185889365e+00 3.065475587759996401e+00 3.086136307787940680e+00 3.108554872337892849e+00 3.127442185208360481e+00 3.139317785629192503e+00
0.000000000000000000e+00 0.000000000000000000e+00 0.000000000000000000e+00 0.000000000000000000e+00 0.000000000000000000e+00 0.000000000000000000e+00 0.000000000000000000e+00 0.000000000000000000e+00 1.131395517798966965e+00 1.171658582404172089e+00 1.200822816906120805e+00 1.226224365214666046e+00 1.248038371865974661e+00 1.269751869477468542e+00 1.291639900097182325e+00 1.313586200418512817e+00 1.333519595009748482e+00 1.351523549929841250e+00 1.371543053931307377e+00 1.391680865816432799e+00 1.411867756102734406e+00 1.429994201642588614e+00 1.448102319204410238e+00 1.468568154372275503e+00 1.486816177938394823e+00 1.509621922124246174e+00 1.530320260092846940e+00 1.548841104946429237e+00 1.569789313855290080e+00 1.588651233753197278e+00 1.612169685828932941e+00 1.633592718374976549e+00 1.657549359836709923e+00 1.679365630638082196e+00 1.703832384602634198e+00 1.731012961393460170e+00 1.758587956842166289e+00 1.786563769492990783e+00 1.819974459851178228e+00 3.100934818191352971e+00 4.376144142626555933e+00
0.000000000000000000e+00 0.000000000000000000e+00 0.000000000000000000e+00 0.000000000000000000e+00 0.000000000000000000e+00 0.000000000000000000e+00 0.000000000000000000e+00 0.000000000000000000e+00 0.000000000000000000e+00 0.000000000000000000e+00 1.154413463929779393e+00 1.198079255145116484e+00 1.226840963549396646e+00 1.253787544289804101e+00 1.277043945637196032e+00 1.296267531636890347e+00 1.317548334435593604e+00 1.337000409153000335e+00 1.358526552903694506e+00 1.375963817373547338e+00 1.397610185333635124e+00 1.415119843960687573e+00 1.434806524295688668e+00 1.454676905414475030e+00 1.474471653232029000e+00 1.492291003128116023e+00 1.512329962273994743e+00 1.534703822906985149e+00 3.584555941194693229e+00 3.637398659510032939e+00 3.676033303956875553e+00 3.710326504879324805e+00 3.742848297572236138e+00 3.775211294887515834e+00 3.804855034269901459e+00 3.836298834017006332e+00 3.873651454121290527e+00 3.962300333446179046e+00 4.044582485469665478e+00 4.126554339240584568e+00 4.293782941020258370e+00
0.000000000000000000e+00 0.000000000000000000e+00 0.000000000000000000e+00 0.000000000000000000e+00 0.000000000000000000e+00 0.000000000000000000e+00 0.000000000000000000e+00 0.000000000000000000e+00 0.000000000000000000e+00 0.000000000000000000e+00 0.000000000000000000e+00 1.188486109691376802e+00 1.227990960136003507e+00 1.259465522142423577e+00 1.289024893276204509e+00 1.316779485525213733e+00 1.342513547887568270e+00 1.368425517057619167e+00 1.394494059848329526e+00 1.416220987324700697e+00 1.440418629263464423e+00 1.464798902208736875e+00 1.491734403413956800e+00 1.514267885495258037e+00 1.539337640880085178e+00 1.567088703678936934e+00 1.592673712961956367e+00 1.618693205834732973e+00 1.647461484176763857e+00 1.674222247102267191e+00 1.703959023109314908e+00 1.736761639738674257e+00 1.770420626864477542e+00 1.810196899108723390e+00 2.992430109774353753e+00 3.033129008285871286e+00 3.061526145355755180e+00 3.085054123768455003e+00 3.107491772633796501e+00 3.125445568370138982e+00 3.142977399422872242e+00
1.727950440096804041e-01 1.533356863380684887e-01 0.000000000000000000e+00 0.000000000000000000e+00 0.000000000000000000e+00 0.000000000000000000e+00 0.000000000000000000e+00 0.000000000000000000e+00 0.000000000000000000e+00 0.000000000000000000e+00 0.000000000000000000e+00 0.000000000000000000e+00 0.000000000000000000e+00 1.229521189058561781e+00 1.261724660874929071e+00 1.288172596649419299e+00 1.314728506936224228e+00 1.337272937460459055e+00 1.359904834830887754e+00 1.380577729278193555e+00 1.403494180474777364e+00 1.422132530401343242e+00 1.445199015705625145e+00 1.466430511966488881e+00 1.487558511741098544e+00 1.508830569820580836e+00 1.532540345937229320e+00 1.554171454639050820e+00 1.575999823235079367e+00 1.600238586287425990e+00 1.624858721765399805e+00 1.649630073931805718e+00 1.674704693981425629e+00 1.702623752040844041e+00 1.733292498532299719e+00 1.767038321712408599e+00 3.643254358044155428e+00 3.674178424253588648e+00 3.702797971081892570e+00 3.733555989226660543e+00 3.760788345092646701e+00
0.000000000000000000e+00 0.000000000000000000e+00 0.000000000000000000e+00 0.000000000000000000e+00 0.000000000000000000e+00 0.000000000000000000e+00 0.000000000000000000e+00 0.000000000000000000e+00 0.000000000000000000e+00 0.000000000000000000e+00 1.187729139460599770e+00 1.214593442280068825e+00 1.237719078768560355e+00 0.000000000000000000e+00 1.278023339085944121e+00 0.000000000000000000e+00 0.000000000000000000e+00 1.344339189513716892e+00 1.365991945887495174e+00 1.387717447711496188e+00 1.407415860960440801e+00 1.427236414053215663e+00 1.449488977492680464e+00 1.469551091698244161e+00 1.492008274124821510e+00 1.510151750526636860e+00 1.532885620310978636e+00 1.556023016665297520e+00 1.576946899748634445e+00 1.600502625526255107e+00 1.624233106018156070e+00 1.648292039224659611e+00 1.672599242179813261e+00 1.699847730961001391e+00 3.008255715476290781e+00 3.043732271076224460e+00 3.068344037530699175e+00 3.091256107773557193e+00 3.107548036096636768e+00 3.125702419995319392e+00 3.140653462960917075e+00
0.000000000000000000e+00 0.000000000000000000e+00 0.000000000000000000e+00 0.000000000000000000e+00 0.000000000000000000e+00 0.000000000000000000e+00 0.000000000000000000e+00 0.000000000000000000e+00 0.000000000000000000e+00 0.000000000000000000e+00 0.000000000000000000e+00 0.000000000000000000e+00 1.194212326202599650e+00 1.237492939887234300e+00 1.270563985390450013e+00 1.299819719910403126e+00 1.327054436764217193e+00 1.354678887311543400e+00 1.378000146208173016e+00 1.401390439789816700e+00 1.427263011062078535e+00 1.453285482224942360e+00 1.475064632167242484e+00 1.501638017845057016e+00 1.526050099106498914e+00 1.550800765740564469e+00 1.575735937885446747e+00 1.603500111188787880e+00 1.628962276292351241e+00 1.657468657396423684e+00 1.688945002423119179e+00 1.720955576654757735e+00 1.756241571701539383e+00 1.794909623858730763e+00 2.488501080618211070e+00 2.658727219112227314e+00 2.904639175144666741e+00 3.026543076471904570e+00 3.079723214022378919e+00 3.115476724440146672e+00 3.143329512971960948e+00
1.642407237601012093e-01 0.000000000000000000e+00 0.000000000000000000e+00 0.000000000000000000e+00 0.000000000000000000e+00 0.000000000000000000e+00 0.000000000000000000e+00 0.000000000000000000e+00 0.000000000000000000e+00 0.000000000000000000e+00 0.000000000000000000e+00 1.163897905652976794e+00 1.198039408127119065e+00 1.224701076428569291e+00 0.000000000000000000e+00 0.000000000000000000e+00 0.000000000000000000e+00 0.000000000000000000e+00 0.000000000000000000e+00 0.000000000000000000e+00 1.366069511555117577e+00 1.385786423031936332e+00 1.405653442348510529e+00 1.423443467811902341e+00 1.443508128874851915e+00 1.463765363207015113e+00 1.484147024468162490e+00 1.502537398344007569e+00 1.523127856544569614e+00 1.543959748329116755e+00 1.565034051201371623e+00 1.586351644422573814e+00 1.610110243080013381e+00 1.631934662763824262e+00 1.656079649282286903e+00 1.680902042548259478e+00 1.710637273930289748e+00 1.743538645990524882e+00 2.170093614244986036e+00 3.074366867708873130e+00 3.141941448155530114e+00
0.000000000000000000e+00 0.000000000000000000e+00 0.000000000000000000e+00 0.000000000000000000e+00 0.000000000000000000e+00 0.000000000000000000e+00 0.000000000000000000e+00 0.000000000000000000e+00 0.000000000000000000e+00 0.000000000000000000e+00 1.173481718938708784e+00 1.207930198589563853e+00 1.236479331163173212e+00 1.263163405698693786e+00 1.287929046124454358e+00 1.310785232274952472e+00 1.333649875996536949e+00 1.358945278889794661e+00 1.379959764407745926e+00 1.403316509162606307e+00 1.426914795697395100e+00 1.450546058541782868e+00 1.472181310762930018e+00 1.493904198909831615e+00 1.518246268070158056e+00 1.540425168117501187e+00 1.565191001876480970e+00 1.590365274508576121e+00 1.615631353168297313e+00 1.641384100869640594e+00 1.670034941593429023e+00 1.699070990653483326e+00 2.928288397242437835e+00 2.987524941470014017e+00 3.021736489046771723e+00 3.050267285752880309e+00 3.073667360208687249e+00 3.096196139614334264e+00 3.111820021672695891e+00 3.126442151117924340e+00 3.143738950042776370e+00
0.000000000000000000e+00 0.000000000000000000e+00 0.000000000000000000e+00 0.000000000000000000e+00 0.000000000000000000e+00 0.000000000000000000e+00 0.000000000000000000e+00 0.000000000000000000e+00 0.000000000000000000e+00 0.000000000000000000e+00 1.188846651686612965e+00 1.218779487878487666e+00 1.246831679847710816e+00 1.273152504432662813e+00 1.297433186509271641e+00 1.319731361085201726e+00 1.342118519654631026e+00 1.364574462662605736e+00 1.387139108790971909e+00 1.409921076567521636e+00 1.430447824924795164e+00 1.451113873245934105e+00 1.474299369998720355e+00 1.497449468054006694e+00 1.520967440295360573e+00 1.542239119155021765e+00 1.565948189983801253e+00 1.590013067937632973e+00 1.616834640889914798e+00 1.638901439077158129e+00 1.666328937041640978e+00 1.694083716413202767e+00 1.724656750812455952e+00 1.753356045232154381e+00 2.909006530810655633e+00 3.009382857846052861e+00 3.050186295023948002e+00 3.080549853648356429e+00 3.103188762806307288e+00 3.127436967909152710e+00 3.141982284329417396e+00
0.000000000000000000e+00 0.000000000000000000e+00 0.000000000000000000e+00 0.000000000000000000e+00 0.000000000000000000e+00 0.000000000000000000e+00 0.000000000000000000e+00 0.000000000000000000e+00 0.000000000000000000e+00 0.000000000000000000e+00 0.000000000000000000e+00 1.185697872483889803e+00 1.221580772869943710e+00 1.251698880636065603e+00 1.277900312098511737e+00 1.304379039346644120e+00 1.326635984521653322e+00 1.351152233852410678e+00 1.373808335026171834e+00 1.396511670336856747e+00 1.419430863944882493e+00 1.442426641986563896e+00 1.463369838364412701e+00 1.486784803410368117e+00 1.510375401594189926e+00 1.534130722019223070e+00 1.558263778960235824e+00 1.582549442834465747e+00 1.607053780561402689e+00 1.632093413124992454e+00 1.659709326424796405e+00 1.687839177622271869e+00 1.713918157934440689e+00 2.945220172029968442e+00 3.000747301022058000e+00 3.037432897160612821e+00 3.062695923470938997e+00 3.089075350060149994e+00 3.108923129018000608e+00 3.124412963540997179e+00 3.142359831282977467e+00
0.000000000000000000e+00 0.000000000000000000e+00 0.000000000000000000e+00 0.000000000000000000e+00 0.000000000000000000e+00 0.000000000000000000e+00 0.000000000000000000e+00 0.000000000000000000e+00 1.148914389477426301e+00 1.177340832657427727e+00 1.202073138002133668e+00 1.222936814004542017e+00 1.247895762615662596e+00 1.268940086311210136e+00 1.287908972591493395e+00 1.308975261477505869e+00 1.328148713648613866e+00 1.349437494834640150e+00 1.368646581168325049e+00 1.387984324078970211e+00 1.407380732030776072e+00 1.428981573089211921e+00 1.448540621260238748e+00 1.468118777083854187e+00 1.487971999401405343e+00 1.510141671838942212e+00 1.530144550696499461e+00 1.550411721463159198e+00 1.573108844538670281e+00 1.593548388698592611e+00 1.614319650711127929e+00 1.637648533247864080e+00 1.661278913349725661e+00 1.687552114828638761e+00 1.711639438909288824e+00 3.053857321172719796e+00 3.079670974594791222e+00 3.096214509733476561e+00 3.111443012000639552e+00 3.126256728504469784e+00 3.140641635652640318e+00
0.000000000000000000e+00 0.000000000000000000e+00 0.000000000000000000e+00 0.000000000000000000e+00 0.000000000000000000e+00 0.000000000000000000e+00 0.000000000000000000e+00 0.000000000000000000e+00 0.000000000000000000e+00 0.000000000000000000e+00 0.000000000000000000e+00 0.000000000000000000e+00 1.208878883329089104e+00 1.251611161693366059e+00 1.283970738854361304e+00 1.312316125473564687e+00 1.343142647349821139e+00 1.369675143132002670e+00 1.396648153152805882e+00 1.421262769572687823e+00 1.446301378926009740e+00 1.473744837496355986e+00 1.499231088740148321e+00 1.527363463044729919e+00 1.553398266213307677e+00 1.577163463985027381e+00 1.606275672573814983e+00 1.635759819631645628e+00 1.665783803044396105e+00 1.696268774017622993e+00 1.729978363735870772e+00 1.764317353510328923e+00 1.802424253969462375e+00 1.847221862209932564e+00 1.898980559357401621e+00 3.022016462622707511e+00 3.057571951945085242e+00 3.081457075459024253e+00 3.104056330851642898e+00 3.125314971446840673e+00 3.143188180585013924e+00
0.000000000000000000e+00 0.000000000000000000e+00 0.000000000000000000e+00 0.000000000000000000e+00 0.000000000000000000e+00 0.000000000000000000e+00 0.000000000000000000e+00 0.000000000000000000e+00 1.127840982365309275e+00 1.162196763461918136e+00 1.189240398954949374e+00 1.210703809863615588e+00 1.234192747991849970e+00 1.257823687556253178e+00 0.000000000000000000e+00 1.295387538906320746e+00 1.315198094608102553e+00 1.335102719732400356e+00 1.355089527490931367e+00 1.373097643801270307e+00 1.391181782783055265e+00 1.411360398928839022e+00 1.429524984440306401e+00 1.447733503458198401e+00 1.468315531729266654e+00 1.486801000028994180e+00 1.505305401307617252e+00 1.523954624484482601e+00 1.544970300230859239e+00 1.563917983810544587e+00 1.585263610854129368e+00 1.606777767250957112e+00 1.628687352007896605e+00 1.653011420616435245e+00 1.675192841617090256e+00 1.697612770716874886e+00 1.722739210217559158e+00 1.750725038029032454e+00 3.097786662035175720e+00 3.120206479993185678e+00 3.141410521718172255e+00
0.000000000000000000e+00 0.000000000000000000e+00 0.000000000000000000e+00 0.000000000000000000e+00 0.000000000000000000e+00 0.000000000000000000e+00 0.000000000000000000e+00 0.000000000000000000e+00 0.000000000000000000e+00 1.147083125660051328e+00 1.180866381499417805e+00 1.205421040288523260e+00 1.228160778403532438e+00 1.251008502056554672e+00 1.271917878876541286e+00 1.288961006044871960e+00 1.310027231341916787e+00 1.329105951912106454e+00 1.346231439746246705e+00 1.365322555586898634e+00 1.382510556738346219e+00 1.401851513958086048e+00 1.419059538764369188e+00 1.436341498976823949e+00 1.455866644905409402e+00 1.473230485233686382e+00 1.492858692884124983e+00 1.512634201168362003e+00 1.530230567996749835e+00 1.550267220005056901e+00 1.568073976141872494e+00 1.588280123643593278e+00 1.606425038878142919e+00 1.629278734471638401e+00 1.652362461577766117e+00 1.670815171322851400e+00 1.694315025296221133e+00 1.720388745038440526e+00 1.746894569709122713e+00 3.095781129219380645e+00 3.140146913758412595e+00
0.000000000000000000e+00 0.000000000000000000e+00 0.000000000000000000e+00 0.000000000000000000e+00 0.000000000000000000e+00 0.000000000000000000e+00 0.000000000000000000e+00 0.000000000000000000e+00 1.138669387079369377e+00 1.172513559744219114e+00 1.198939328654034631e+00 1.223572875322824771e+00 1.246317870067991107e+00 1.269105106814365058e+00 1.290015441908183735e+00 1.310930751995212473e+00 1.329841256802489546e+00 1.353024124877419965e+00 1.372085164751321473e+00 1.393314015611147649e+00 1.412505388622257163e+00 1.431793922248900897e+00 1.453276558906407390e+00 1.472749497247504813e+00 1.492288598082690765e+00 1.514117737588185131e+00 1.533988744070148069e+00 1.553827054406100805e+00 1.573837774228124209e+00 1.598811483028625080e+00 1.621701413130571590e+00 1.644643380517034847e+00 1.667949447340820956e+00 1.691459143056770253e+00 1.715253629339128727e+00 1.741873154465628071e+00 3.070690586139048772e+00 3.093627982291000222e+00 3.109700216523612504e+00 3.125002389936654357e+00 3.139698530441601854e+00
0.000000000000000000e+00 0.000000000000000000e+00 0.000000000000000000e+00 0.000000000000000000e+00 0.000000000000000000e+00 0.000000000000000000e+00 0.000000000000000000e+00 0.000000000000000000e+00 0.000000000000000000e+00 0.000000000000000000e+00 0.000000000000000000e+00 1.173356853271365630e+00 1.210750629996552030e+00 1.240410757916658557e+00 1.268266312575071941e+00 1.292106655911931190e+00 1.316141171205517324e+00 1.338193352593579410e+00 1.362605324644637461e+00 1.382743245418042832e+00 1.405213808015947308e+00 1.427880944971077870e+00 1.448513629953447346e+00 1.471523445014026876e+00 1.492431953082865137e+00 1.518251693139231140e+00 1.539422232384878519e+00 1.560979793649846181e+00 1.587588124263063394e+00 1.609601422437440199e+00 1.636921986302545262e+00 1.661898100514287657e+00 1.689960186068992121e+00 2.948444894363039470e+00 3.004938123182421261e+00 3.038185422049588080e+00 3.066052236176742607e+00 3.089456217897217361e+00 3.108649355983036600e+00 3.127482859648884617e+00 3.142348752904736475e+00
0.000000000000000000e+00 0.000000000000000000e+00 0.000000000000000000e+00 0.000000000000000000e+00 0.000000000000000000e+00 0.000000000000000000e+00 0.000000000000000000e+00 0.000000000000000000e+00 0.000000000000000000e+00 0.000000000000000000e+00 0.000000000000000000e+00 0.000000000000000000e+00 0.000000000000000000e+00 1.226509451437687748e+00 1.264499515541988917e+00 1.298719075471936879e+00 1.328750134036915664e+00 1.354567077254033247e+00 1.382951165404822991e+00 1.409355777672199883e+00 1.433550793077542185e+00 1.460366467779744770e+00 1.484947783085278861e+00 1.509830556433299220e+00 1.535085960501286317e+00 1.560408077471507005e+00 1.586089416001796648e+00 1.614588224390390625e+00 1.643669976127094090e+00 1.672918382562750939e+00 1.702845704329724930e+00 1.735767321243054440e+00 1.772145995048725498e+00 1.809481179786466498e+00 2.936764004710526343e+00 3.009044106997096790e+00 3.049488803928007918e+00 3.077351386042102455e+00 3.103039501359232677e+00 3.121727828070944621e+00 3.142185369642919834e+00
2.236506449719096179e-01 1.929725217192747588e-01 1.689362227227914348e-01 1.488230134406585969e-01 0.000000000000000000e+00 0.000000000000000000e+00 0.000000000000000000e+00 0.000000000000000000e+00 0.000000000000000000e+00 0.000000000000000000e+00 0.000000000000000000e+00 0.000000000000000000e+00 0.000000000000000000e+00 0.000000000000000000e+00 1.212228683906663385e+00 1.245616589982339706e+00 1.271250308551907793e+00 1.295054959763839664e+00 1.316899291286798945e+00 1.338866667805046040e+00 1.358929522769804166e+00 1.381144435594879205e+00 1.399281175006018341e+00 1.419668550286429909e+00 1.437929127468436263e+00 1.458656514253548364e+00 1.479459468393144128e+00 1.500462162908557939e+00 1.521592045446311214e+00 1.542912368331081918e+00 1.564565625979293051e+00 1.586259396471319416e+00 1.610674868133133320e+00 1.635316559795684910e+00 1.660260511234590286e+00 1.688129959339998321e+00 1.716358129899644203e+00 2.187991090525969184e+00 2.343210702913672616e+00 3.044517018525890073e+00 3.140351548077341626e+00
0.000000000000000000e+00 0.000000000000000000e+00 0.000000000000000000e+00 0.000000000000000000e+00 0.000000000000000000e+00 0.000000000000000000e+00 0.000000000000000000e+00 0.000000000000000000e+00 0.000000000000000000e+00 0.000000000000000000e+00 1.178478876856812629e+00 1.213105552658544362e+00 1.241897370423317160e+00 1.266752012707958341e+00 1.291719475769524728e+00 1.316885667252026826e+00 1.339914156376562415e+00 1.363222337319474287e+00 1.386556255273539540e+00 1.410080261402445467e+00 1.433715993297270952e+00 1.455311626126176039e+00 1.479230538659052741e+00 1.501175717294571221e+00 1.525614210228116940e+00 1.550241566279849215e+00 1.575201078633697405e+00 1.597912705353069285e+00 1.623343213324329959e+00 1.654294071415714829e+00 1.680514535404477483e+00 1.707060539042342340e+00 1.739308343342098384e+00 2.972314777547092390e+00 3.015072740177185739e+00 3.047325635815206546e+00 3.071160297966075259e+00 3.090435519796584263e+00 3.108560291339020232e+00 3.126275474756188721e+00 3.143170550452470291e+00
0.000000000000000000e+00 0.000000000000000000e+00 0.000000000000000000e+00 0.000000000000000000e+00 0.000000000000000000e+00 0.000000000000000000e+00 0.000000000000000000e+00 0.000000000000000000e+00 0.000000000000000000e+00 0.000000000000000000e+00 0.000000000000000000e+00 1.201659189998095956e+00 1.233399107241512027e+00 1.261357107938553712e+00 1.283495006791644188e+00 1.307649772334688043e+00 1.327853583718969777e+00 1.350140586527745601e+00 1.370376165091923948e+00 1.390795317441420487e+00 1.411150474836894153e+00 1.431667093264956003e+00 1.452211878099551878e+00 1.470609653625709390e+00 1.493523338286734115e+00 1.511999494863816684e+00 1.533042300003759184e+00 1.553912250521584326e+00 1.575165313426071023e+00 1.596364012563120216e+00 1.620166329326534038e+00 1.641849393667344614e+00 1.665938944984452386e+00 1.690455748471654251e+00 1.714992020495200498e+00 1.742609437201794842e+00 1.770369196093183550e+00 3.899656389224953390e+00 4.079190878047999291e+00 4.239947029891420804e+00 4.347453225238099961e+00
0.000000000000000000e+00 0.000000000000000000e+00 0.000000000000000000e+00 0.000000000000000000e+00 0.000000000000000000e+00 0.000000000000000000e+00 0.000000000000000000e+00 0.000000000000000000e+00 0.000000000000000000e+00 0.000000000000000000e+00 0.000000000000000000e+00 1.180927593273907839e+00 1.221934526177557823e+00 1.255303813921131662e+00 1.282791053794841263e+00 1.308406266022522635e+00 1.332056530042806664e+00 1.355797188622832827e+00 1.379845294850090776e+00 1.401694908337104195e+00 1.423781451843434187e+00 1.445842632658413951e+00 1.468118777083854187e+00 1.490672670742487993e+00 1.513224841856353198e+00 1.535967788898754849e+00 1.561333698320228613e+00 1.584463218241835447e+00 1.610330297747851525e+00 1.636493873311015035e+00 1.665333568968202504e+00 1.692105350052324431e+00 1.721764950662272975e+00 1.754480394912802499e+00 1.792997154406422045e+00 1.835093156286555782e+00 1.891965297376149158e+00 2.521247533829419130e+00 0.000000000000000000e+00 3.092574895874207641e+00 3.140472123574245877e+00
0.000000000000000000e+00 0.000000000000000000e+00 0.000000000000000000e+00 0.000000000000000000e+00 0.000000000000000000e+00 0.000000000000000000e+00 0.000000000000000000e+00 0.000000000000000000e+00 0.000000000000000000e+00 0.000000000000000000e+00 0.000000000000000000e+00 1.210364534142662540e+00 1.247784536011511181e+00 1.277031120296845179e+00 1.304388945295620106e+00 1.331884133797677672e+00 1.355229449364302230e+00 1.378612865898339424e+00 1.404470031589468926e+00 1.428075057464918363e+00 1.451979495113438157e+00 1.475904163192507612e+00 1.500106771586220411e+00 1.524291002948999996e+00 1.548878238514037609e+00 1.573720886345028935e+00 1.598496123324467888e+00 1.626339861139141751e+00 1.654390784208509269e+00 1.680147422435819049e+00 1.709073227476887835e+00 1.740909772251914234e+00 1.770791394692030396e+00 1.809213268470151403e+00 2.965028768379374124e+00 3.023841804504718400e+00 3.059610577802849729e+00 3.083381899937620130e+00 3.105647657553296526e+00 0.000000000000000000e+00 0.000000000000000000e+00
0.000000000000000000e+00 0.000000000000000000e+00 0.000000000000000000e+00 0.000000000000000000e+00 0.000000000000000000e+00 0.000000000000000000e+00 0.000000000000000000e+00 0.000000000000000000e+00 0.000000000000000000e+00 0.000000000000000000e+00 0.000000000000000000e+00 1.159074989968043923e+00 1.202896988011445734e+00 1.235123637423419352e+00 1.259452911441171885e+00 1.283920369283185092e+00 1.306467054875062317e+00 1.326952865176742158e+00 1.349681677899682963e+00 1.370326620141677720e+00 1.391167549764823264e+00 1.412013728339528651e+00 1.430807827333260507e+00 1.451913846173159994e+00 1.470774563583644223e+00 1.492034139982365781e+00 1.513503944515431243e+00 1.535109706335124224e+00 1.559205640922508573e+00 1.578770668824931889e+00 1.600888210449971094e+00 1.625621568404966855e+00 1.648289865388057107e+00 1.673453146576075135e+00 1.701500822821074843e+00 1.729988007515631532e+00 1.761379069300495814e+00 1.795929883344318467e+00 1.833825073399439454e+00 3.099392432726731261e+00 3.140471056783798787e+00
1.787534938031176690e-01 1.595080403449984363e-01 0.000000000000000000e+00 0.000000000000000000e+00 0.000000000000000000e+00 0.000000000000000000e+00 0.000000000000000000e+00 0.000000000000000000e+00 0.000000000000000000e+00 0.000000000000000000e+00 0.000000000000000000e+00 0.000000000000000000e+00 1.185918946691815634e+00 1.223732912915408644e+00 1.253893534254000075e+00 1.280217307999798049e+00 1.302548251810745850e+00 1.324986190602496006e+00 1.347571618697639861e+00 1.370350411293230986e+00 1.388860479124829572e+00 1.409639901697841369e+00 1.430534316440641218e+00 1.451533324329550512e+00 1.472692033592343686e+00 1.494071431448956488e+00 1.513092431355201217e+00 1.536986114864807851e+00 1.558783148395606943e+00 1.583146168448996916e+00 1.605284868900173523e+00 1.630023320599981007e+00 1.652637158076676105e+00 1.680429618811666526e+00 1.708664335348260011e+00 1.737263188518977319e+00 1.771548677861393584e+00 1.811322770379132585e+00 2.206688106636222280e+00 3.068583042840394626e+00 3.138850181972272946e+00
0.000000000000000000e+00 0.000000000000000000e+00 0.000000000000000000e+00 0.000000000000000000e+00 0.000000000000000000e+00 0.000000000000000000e+00 0.000000000000000000e+00 0.000000000000000000e+00 0.000000000000000000e+00 0.000000000000000000e+00 1.183430000805861804e+00 1.213756458069059185e+00 1.242223945540249952e+00 1.268874134003082910e+00 1.289349518273296580e+00 1.316312779937160116e+00 1.337010359559519745e+00 1.359958590731772610e+00 1.380809359412182635e+00 1.406248823304350415e+00 1.427398791910462039e+00 1.450967151641858299e+00 1.472406671900883923e+00 1.496292445626677514e+00 1.518117181688970030e+00 1.542495053732882315e+00 1.564674751086420734e+00 1.589363659262921225e+00 1.614603395669654606e+00 1.640082207070441944e+00 1.665792561585791365e+00 2.882777698816441969e+00 2.958904955086297583e+00 3.000969341482629726e+00 3.033418930468723573e+00 3.057778665444796484e+00 3.077854645707135184e+00 3.097013262780822007e+00 3.112308099562257180e+00 3.126978782162686876e+00 3.141201177869719530e+00
0.000000000000000000e+00 0.000000000000000000e+00 0.000000000000000000e+00 0.000000000000000000e+00 0.000000000000000000e+00 0.000000000000000000e+00 0.000000000000000000e+00 0.000000000000000000e+00 0.000000000000000000e+00 0.000000000000000000e+00 0.000000000000000000e+00 1.177338650604803361e+00 1.215042845966898710e+00 1.245016903668346053e+00 1.271028040071436660e+00 1.295129413461624024e+00 1.319377440541606994e+00 1.341690666166089008e+00 1.366269141762856076e+00 1.388832516009537832e+00 1.409291518746542904e+00 1.434397444230454344e+00 1.455199092982315756e+00 1.478533723578679737e+00 1.499547204040045711e+00 1.523196438104142070e+00 1.547000946197236493e+00 1.571100803694837511e+00 1.595573265034729848e+00 1.620343108679934918e+00 1.647842392873925421e+00 1.673142829673883947e+00 1.701475143775788013e+00 1.732844573036503633e+00 2.970112752706432602e+00 3.023286897894462477e+00 3.056079196122532871e+00 3.083181981307469677e+00 3.105716790854965659e+00 3.124323856762449836e+00 3.139114004290972648e+00
1.555780094866595631e-01 1.375473966642130896e-01 0.000000000000000000e+00 0.000000000000000000e+00 0.000000000000000000e+00 0.000000000000000000e+00 0.000000000000000000e+00 0.000000000000000000e+00 0.000000000000000000e+00 0.000000000000000000e+00 0.000000000000000000e+00 0.000000000000000000e+00 0.000000000000000000e+00 1.218472822936123467e+00 1.247945652503425595e+00 1.275732419304487442e+00 1.297544619250091458e+00 1.321574720380847445e+00 1.343682983244377072e+00 1.363734705421461468e+00 1.386043941805062740e+00 1.404184442037727631e+00 1.424625001940371449e+00 1.447233532343043416e+00 1.467865068886695878e+00 1.488632459430943245e+00 1.507261840383974372e+00 1.530614827675245593e+00 1.554126415852202570e+00 1.575530492939546612e+00 1.597036291638178396e+00 1.621237463091672382e+00 1.645653185677611763e+00 1.672696025994046209e+00 1.702674306284131189e+00 1.732952970129061132e+00 3.661512878812804406e+00 3.686844218321771116e+00 3.714696321364828968e+00 3.736685841561155019e+00 3.763647323676986289e+00
0.000000000000000000e+00 0.000000000000000000e+00 0.000000000000000000e+00 0.000000000000000000e+00 0.000000000000000000e+00 0.000000000000000000e+00 0.000000000000000000e+00 0.000000000000000000e+00 0.000000000000000000e+00 0.000000000000000000e+00 1.187015911863239737e+00 1.220084529029341391e+00 1.247322639130720390e+00 1.270779608693962892e+00 1.296357453820992323e+00 1.320014548502324470e+00 1.341658286726074234e+00 1.363459263582755154e+00 1.385286298395015381e+00 1.407240315130019237e+00 1.427214749630477453e+00 1.449426490537164769e+00 1.474061069133040913e+00 1.494168622332849417e+00 1.516950378253825615e+00 1.539789918854438611e+00 1.562816740562824602e+00 1.586023586377968364e+00 1.609557215511774997e+00 1.633262524077719879e+00 1.659593179989827139e+00 1.686460664397371190e+00 1.711026369764789834e+00 1.743619613645998712e+00 1.771753130896182027e+00 3.017284368158460239e+00 3.053677024955859576e+00 3.081500409651578121e+00 3.104809370429482573e+00 3.124423418620321691e+00 3.142919900169256486e+00
0.000000000000000000e+00 0.000000000000000000e+00 0.000000000000000000e+00 0.000000000000000000e+00 0.000000000000000000e+00 0.000000000000000000e+00 0.000000000000000000e+00 0.000000000000000000e+00 0.000000000000000000e+00 0.000000000000000000e+00 1.168964708312481227e+00 1.201438520154007206e+00 1.232174768242860319e+00 1.255108925568747535e+00 1.278128168133976450e+00 1.303349092926399333e+00 1.324551988220469934e+00 1.345787484328010430e+00 1.367152118318955889e+00 1.386453588469500176e+00 1.408015224018150269e+00 1.429730173128100468e+00 1.449273401799302974e+00 1.471306874319649793e+00 1.491032410753526660e+00 1.515530521964454591e+00 1.535629244851727249e+00 1.558215747526304540e+00 1.581036588359060469e+00 1.601673228686524952e+00 1.627370002869152010e+00 1.650876139533459908e+00 1.677175008728333250e+00 1.703829472359867925e+00 1.733204993862543564e+00 1.763251513318535801e+00 3.023686510505223524e+00 3.069444429888225745e+00 3.096742003183114544e+00 3.122135433724777975e+00 3.140276685151331737e+00
0.000000000000000000e+00 0.000000000000000000e+00 0.000000000000000000e+00 0.000000000000000000e+00 0.000000000000000000e+00 0.000000000000000000e+00 0.000000000000000000e+00 0.000000000000000000e+00 0.000000000000000000e+00 0.000000000000000000e+00 0.000000000000000000e+00 1.193251845366691599e+00 1.226583722714912339e+00 1.254058815515860070e+00 1.279705156009996347e+00 1.301317020836387339e+00 1.327162610802218756e+00 1.348944652220905427e+00 1.370876794293727885e+00 1.392885592618654744e+00 1.412843447324882762e+00 1.437318894116074608e+00 1.457434003265070332e+00 1.477717444775355160e+00 1.500427334855939598e+00 1.523267892644560639e+00 1.546373630777228447e+00 1.569592651448693532e+00 1.593142892171732994e+00 1.619326991564860263e+00 1.643328035301648837e+00 1.670166200192219064e+00 1.697131286357719260e+00 1.724821055712876916e+00 1.757986322638324994e+00 1.791837506017541548e+00 3.021829561382629148e+00 3.068410170320170494e+00 3.098557137787193216e+00 3.123946454593365729e+00 3.141973961109345126e+00
1.479111665347016547e-01 0.000000000000000000e+00 0.000000000000000000e+00 0.000000000000000000e+00 0.000000000000000000e+00 0.000000000000000000e+00 0.000000000000000000e+00 0.000000000000000000e+00 0.000000000000000000e+00 0.000000000000000000e+00 0.000000000000000000e+00 0.000000000000000000e+00 0.000000000000000000e+00 1.222340804966003391e+00 1.252856011482828880e+00 1.277410484361208631e+00 1.302203741308344043e+00 1.325000315345699509e+00 1.345767453494756349e+00 1.368796318100457876e+00 1.389778737158174016e+00 1.410960911085942238e+00 1.432274449177159958e+00 1.453579017301763754e+00 1.475120873383513942e+00 1.496830078202727510e+00 1.518699709839984813e+00 1.540794160858722783e+00 1.560672645336040665e+00 1.585420879333933275e+00 1.610501332513200268e+00 1.635837290493362906e+00 1.661506339114331654e+00 1.687510642856427934e+00 1.716357882625199727e+00 1.745680636985671441e+00 1.780688247666245116e+00 2.223835049836568434e+00 2.528193721010846939e+00 3.094158618169738251e+00 3.141592653589793116e+00
0.000000000000000000e+00 0.000000000000000000e+00 0.000000000000000000e+00 0.000000000000000000e+00 0.000000000000000000e+00 0.000000000000000000e+00 0.000000000000000000e+00 0.000000000000000000e+00 0.000000000000000000e+00 1.172634854245105274e+00 1.204994442472797189e+00 1.233546547852978792e+00 1.260276473694937227e+00 1.285077296690544157e+00 1.309919198203222557e+00 1.332780518961686145e+00 1.353679949582480280e+00 1.378925388418452469e+00 1.399871960426785966e+00 1.423334970839130742e+00 1.444476301062131762e+00 1.468164008654366137e+00 1.492058566364684813e+00 1.516007140713741652e+00 1.540208082172315418e+00 1.564655961828418818e+00 1.586892122082635970e+00 1.611788446417732112e+00 1.639500549955792419e+00 1.665040938516482161e+00 1.693536057106154624e+00 1.722485099154663635e+00 1.754330012318725762e+00 2.959987891874985788e+00 3.009963801792497229e+00 3.043142548484004006e+00 3.070871651083048715e+00 3.090828050454198728e+00 3.110040390112945641e+00 3.125152721936320432e+00 3.142772372949008020e+00
2.362744436968214345e-01 2.206527410532613254e-01 0.000000000000000000e+00 0.000000000000000000e+00 0.000000000000000000e+00 0.000000000000000000e+00 0.000000000000000000e+00 0.000000000000000000e+00 0.000000000000000000e+00 0.000000000000000000e+00 0.000000000000000000e+00 1.181183230097695880e+00 1.217194531629144816e+00 1.241945279735575225e+00 1.266781207826717104e+00 1.287781783927645529e+00 1.308797068044319278e+00 1.327929108018475857e+00 1.347058905391066874e+00 1.366339345243521075e+00 1.385533679498338389e+00 1.404856878394761255e+00 1.424302727903881793e+00 1.441706409685174162e+00 1.461231207388441922e+00 1.480852136389209095e+00 1.500561408575916689e+00 1.520418489882876534e+00 1.538094895727379008e+00 1.558214032825457229e+00 1.578395797841918968e+00 1.601017852367955019e+00 1.621467176046344827e+00 1.644461866411506490e+00 1.667766385103737647e+00 3.927860232283343578e+00 4.035730997183324398e+00 4.124398740268812702e+00 4.230486304774310646e+00 4.367983115780230463e+00 4.432401862190601172e+00
0.000000000000000000e+00 0.000000000000000000e+00 0.000000000000000000e+00 0.000000000000000000e+00 0.000000000000000000e+00 0.000000000000000000e+00 0.000000000000000000e+00 0.000000000000000000e+00 0.000000000000000000e+00 0.000000000000000000e+00 0.000000000000000000e+00 0.000000000000000000e+00 0.000000000000000000e+00 1.228730657048714203e+00 1.266311769351163852e+00 1.299969373899224623e+00 1.329506356778415999e+00 1.357199277649947078e+00 1.380634290019951305e+00 1.408714158042811748e+00 1.432585922056877070e+00 1.458837024642833269e+00 1.482995193625948005e+00 1.507293500463752878e+00 1.532011232306133675e+00 1.556852080795644078e+00 1.584433863965175826e+00 1.612326909115623597e+00 1.638154659847850914e+00 1.666797449103859297e+00 1.695827986957111122e+00 1.728048043166089842e+00 1.763561561369388908e+00 1.802572400416108556e+00 1.845401580339971481e+00 2.982700089020655643e+00 3.036643081889768503e+00 3.072190754025953652e+00 3.098939581274947841e+00 3.121324313889213720e+00 3.142180050159489202e+00
0.000000000000000000e+00 0.000000000000000000e+00 0.000000000000000000e+00 0.000000000000000000e+00 0.000000000000000000e+00 0.000000000000000000e+00 0.000000000000000000e+00 0.000000000000000000e+00 0.000000000000000000e+00 1.145863865760865297e+00 1.182785334398245292e+00 1.212321912617220221e+00 1.236004085880876957e+00 1.259881605983815378e+00 1.281870737368365321e+00 1.301939664170372213e+00 1.322124507805372273e+00 1.342191338526794508e+00 1.362339441603616752e+00 1.380545836431502860e+00 1.400918806627713176e+00 1.421338758833579297e+00 1.441853936832178551e+00 1.460176867161453007e+00 1.480958755245101788e+00 1.499486175946321387e+00 1.520437524070263891e+00 1.539208100844724925e+00 1.560362993258989528e+00 1.581764553636868076e+00 1.603262992700089651e+00 1.624848755141332202e+00 1.646826835820936141e+00 1.671230874543931044e+00 1.693627123407643875e+00 1.718562449790044688e+00 1.746436518767997770e+00 3.022898165117942959e+00 3.083035474585323676e+00 3.115823789545817846e+00 4.395290477566432763e+00
0.000000000000000000e+00 0.000000000000000000e+00 0.000000000000000000e+00 0.000000000000000000e+00 0.000000000000000000e+00 0.000000000000000000e+00 0.000000000000000000e+00 0.000000000000000000e+00 0.000000000000000000e+00 0.000000000000000000e+00 0.000000000000000000e+00 1.175599601794167670e+00 1.219190496195623030e+00 1.248909176580828229e+00 1.276583681458709485e+00 1.300463972265958779e+00 1.326509951934920384e+00 1.348358028971174072e+00 1.372436381090421653e+00 1.394533517735079720e+00 1.416752592527966925e+00 1.439209806203972430e+00 1.459335285317862940e+00 1.484271871086046302e+00 1.506978599872716540e+00 1.530025303683183902e+00 1.553119999638516768e+00 1.576547941789905760e+00 1.600001242439579308e+00 1.626250735421051141e+00 1.650381676155655342e+00 1.679803869569613806e+00 1.709571632061433144e+00 1.737286260049655251e+00 1.773188798219201612e+00 1.807392700465999980e+00 1.853031940175916992e+00 2.502369941005998299e+00 3.057953094928987703e+00 3.109016560947512442e+00 3.143124390622260123e+00
0.000000000000000000e+00 0.000000000000000000e+00 0.000000000000000000e+00 0.000000000000000000e+00 0.000000000000000000e+00 0.000000000000000000e+00 0.000000000000000000e+00 0.000000000000000000e+00 0.000000000000000000e+00 0.000000000000000000e+00 1.175073159758558416e+00 1.209698750417645741e+00 1.234526887266432338e+00 1.259555543793487553e+00 1.284714284920881688e+00 1.305787489408016810e+00 1.326959558822391472e+00 1.350243207614595820e+00 1.369419127213552523e+00 1.390787858844108937e+00 1.410036653399117990e+00 1.431682633411636818e+00 1.451074227153844820e+00 1.475105695157593155e+00 1.494815632511196757e+00 1.516841843034871573e+00 1.536674159396355765e+00 1.558914357605827750e+00 1.579120909858837019e+00 1.601768495606501030e+00 1.627229375630191655e+00 1.650316636270898973e+00 1.676181233197571174e+00 1.699689442879960044e+00 1.726191714980756187e+00 1.755595894653119826e+00 3.021324169176874630e+00 3.071007789211408934e+00 3.100782888589382225e+00 3.122894968660132164e+00 3.143509427631031361e+00
0.000000000000000000e+00 0.000000000000000000e+00 0.000000000000000000e+00 0.000000000000000000e+00 0.000000000000000000e+00 0.000000000000000000e+00 0.000000000000000000e+00 0.000000000000000000e+00 0.000000000000000000e+00 0.000000000000000000e+00 0.000000000000000000e+00 1.184105512435366103e+00 1.223926894024078393e+00 1.256011142262032365e+00 1.282034869182069547e+00 1.310399793587168960e+00 1.334673265750244697e+00 1.356870390265184190e+00 1.381321224883978127e+00 1.403726060075396687e+00 1.424060375899814268e+00 1.446752204804626407e+00 1.469547944773126114e+00 1.492431953082865137e+00 1.515601592512202833e+00 1.538983108423943591e+00 1.562344693983548138e+00 1.586046776569604244e+00 1.612400702725308665e+00 1.636654870380409577e+00 1.663603239753938201e+00 1.690942221478925367e+00 1.721244671700019602e+00 1.751998381636360902e+00 1.785923386733155205e+00 1.820560230296236259e+00 2.952004038742082948e+00 3.050371581519818687e+00 3.088957433638490624e+00 3.120736247972157429e+00 3.141980744096721789e+00
0.000000000000000000e+00 0.000000000000000000e+00 0.000000000000000000e+00 0.000000000000000000e+00 0.000000000000000000e+00 0.000000000000000000e+00 0.000000000000000000e+00 0.000000000000000000e+00 0.000000000000000000e+00 0.000000000000000000e+00 0.000000000000000000e+00 1.196264365765684623e+00 1.226138162601460690e+00 1.254132968985364194e+00 1.280353174276265493e+00 1.302402944885081126e+00 1.326705737197360069e+00 1.349056169126045646e+00 1.371400460205981497e+00 1.394022208334475765e+00 1.414396692525274890e+00 1.437204500926298811e+00 1.460127902443061343e+00 1.480946571866112782e+00 1.504174427920466517e+00 1.527695208071865762e+00 1.549013326885568365e+00 1.572860247220389862e+00 1.597063823898490220e+00 1.621386586226461812e+00 1.648669448224730383e+00 1.673645137147419915e+00 1.704133143784461790e+00 1.732483976064859377e+00 2.945896677545920994e+00 3.018104157649912800e+00 3.057363061775940860e+00 3.084222444430008814e+00 3.106224748042771377e+00 3.127108148209622573e+00 3.141204658943184569e+00
0.000000000000000000e+00 0.000000000000000000e+00 0.000000000000000000e+00 0.000000000000000000e+00 0.000000000000000000e+00 0.000000000000000000e+00 0.000000000000000000e+00 0.000000000000000000e+00 0.000000000000000000e+00 0.000000000000000000e+00 0.000000000000000000e+00 0.000000000000000000e+00 1.197250476409088327e+00 1.241573070383338750e+00 1.275597172734224127e+00 1.303538006606032917e+00 1.331639362196126219e+00 1.360114187314674927e+00 1.384125296379281611e+00 1.413057942717930837e+00 1.437630791135571018e+00 1.462337640208793754e+00 1.489774803939516667e+00 1.515016718480070468e+00 1.540497014508732443e+00 1.566282991465752339e+00 1.592529823195307115e+00 1.621467176046344827e+00 1.648429216848963152e+00 1.680823028329052615e+00 1.711255260713406390e+00 1.747667492140542178e+00 1.782252929056858726e+00 2.589051232104151001e+00 2.852090532163985337e+00 2.977726450794537350e+00 3.034584431107611113e+00 3.069977853314412641e+00 3.096557464784007507e+00 3.121691867931728481e+00 3.142768839532732006e+00
6.316875308826661040e-02 5.814274810859354492e-02 0.000000000000000000e+00 0.000000000000000000e+00 0.000000000000000000e+00 0.000000000000000000e+00 0.000000000000000000e+00 0.000000000000000000e+00 0.000000000000000000e+00 0.000000000000000000e+00 0.000000000000000000e+00 0.000000000000000000e+00 0.000000000000000000e+00 0.000000000000000000e+00 1.221510716983792655e+00 1.262243472799876143e+00 1.292849828367619081e+00 1.321509158365620218e+00 1.348175760441246540e+00 1.375172937168209764e+00 1.397773691916280647e+00 1.420705649325799902e+00 1.443704558156980289e+00 1.469435728310928946e+00 1.492822983462269049e+00 1.516445066988724832e+00 1.540370378863338940e+00 1.564522322956748424e+00 1.591447398696725024e+00 1.618723167087827264e+00 1.646348816652811520e+00 1.674408330855974514e+00 1.702907307189532204e+00 1.736985337465984047e+00 1.771994259164653585e+00 2.588036516852175506e+00 2.873730351185509235e+00 3.028542917949251123e+00 3.081087351156455600e+00 3.116725165566654798e+00 3.141214011592253108e+00
