3.809708522664302155e+00 3.870209751546355381e+00 3.953556119688709014e+00 4.148728516727537396e+00 4.110349174162345243e+00 4.096823919896676713e+00 3.924998106360562566e+00 4.164873457261456302e+00 4.299464647305206277e+00 3.174384100476157489e+00 3.217548228250072917e+00 3.260356835650267460e+00 3.302850773073508606e+00 3.345087599481511020e+00 3.387065556999475202e+00 3.428875328892123431e+00 3.470486978732855832e+00 3.511961327108209296e+00 3.553338396259936971e+00 3.594612310489924578e+00 3.635814834124522665e+00 3.677006223159589027e+00 3.718214430803340242e+00 3.759450841699272239e+00 3.800757387290267353e+00 3.842142817937317822e+00 3.883710608078118742e+00 3.925430592189081302e+00 3.967358218245743195e+00 4.009567657997704870e+00 4.052118629266077576e+00 4.095059992628891088e+00 4.138530407852171855e+00 4.182700351346828604e+00 4.227666668939606076e+00 4.862514125261102826e+00 4.899085734000345305e+00 4.928637437108531749e+00 4.954795971004261723e+00 4.978908789157043380e+00 5.001644376233281619e+00
3.651973788474921712e+00 3.811318924237908412e+00 4.283099029394493940e+00 4.320009874308283315e+00 3.896329796486345032e+00 4.169909929945513127e+00 4.123654657667935375e+00 4.015091204873489694e+00 3.980591186422065775e+00 4.082310449330917024e+00 4.066861967947613010e+00 3.911423415015748084e+00 3.269496984410760199e+00 3.310892837435161162e+00 3.352048939914522574e+00 3.392999342173597110e+00 3.433825281363439341e+00 3.474538581276406468e+00 3.515180756108487792e+00 3.555766267630674271e+00 3.596326214451698533e+00 3.636872289830745064e+00 3.677472078452737492e+00 3.718112025338244919e+00 3.758848956919414341e+00 3.799733327806448457e+00 3.840772543963128172e+00 3.882041399198635556e+00 3.923512162887704768e+00 3.965272560313881645e+00 4.007389898660581373e+00 4.049889142864987690e+00 4.092873544081634840e+00 4.136476135979759050e+00 4.180864184626962299e+00 4.226279142273184242e+00 4.738425194687469144e+00 4.781224813190716461e+00 4.811029629069615510e+00 4.836545208073624202e+00 4.859659962650042075e+00
3.654113980777981663e+00 4.200063000945014835e+00 3.819577068648217111e+00 4.080305953788806228e+00 4.014618749653911856e+00 3.951034893876589127e+00 3.939647367002342637e+00 3.931902212902156801e+00 4.050364183607197965e+00 3.788322324239064010e+00 3.138753844973460438e+00 3.178595613538053311e+00 3.218155996613939696e+00 3.257532176793894951e+00 3.296672465069300006e+00 3.335765662462212067e+00 3.374655647382919899e+00 3.413397235844850552e+00 3.452132727599110051e+00 3.490791292570199378e+00 3.529453287685736740e+00 3.568095734753252479e+00 3.606777968135503443e+00 3.645518076266989205e+00 3.684342240636209631e+00 3.723290561458426851e+00 3.762355918869924931e+00 3.801598053581796144e+00 3.841035982276362226e+00 3.880696307794656352e+00 3.920624548612305027e+00 3.960891409035001587e+00 4.001545424439783893e+00 4.042600646816103982e+00 4.613022493648488265e+00 4.662068587256097629e+00 4.695314892313973587e+00 4.723665564478034540e+00 4.749351266149515638e+00 4.773269689737470678e+00 4.796031626402838199e+00
3.587394447817208398e+00 4.248147529110257281e+00 4.285852539021995256e+00 3.717984026438997169e+00 3.910887631817864474e+00 3.941009313227271882e+00 3.863641067744806534e+00 3.879970345940927157e+00 3.883627444300606246e+00 3.943490473357225135e+00 3.811900058911182221e+00 3.147515857321737442e+00 3.185479874846034676e+00 3.223184506292215978e+00 3.260696123934202717e+00 3.297991032271192946e+00 3.335186214563645724e+00 3.372124231809454642e+00 3.409122533604207916e+00 3.445923128346852327e+00 3.482694491073853982e+00 3.519425850527913457e+00 3.556162969884180569e+00 3.592897118772887310e+00 3.629662720571811718e+00 3.666526001203727514e+00 3.703449694808312209e+00 3.740492913843979750e+00 3.777680092312764693e+00 3.815046543567831350e+00 3.852636648206115844e+00 3.890455878061996664e+00 3.928568967062050721e+00 3.967032591224649796e+00 4.005912173828961365e+00 4.045363873505655405e+00 4.085495808962215314e+00 4.200870475455897868e+00 4.640846271967240533e+00 4.672704533897722889e+00 4.697267986046351318e+00
3.666069489309602858e+00 4.180344158825665346e+00 4.085646224585895325e+00 4.010648964491926982e+00 3.904071388733965087e+00 3.869728358889664044e+00 3.877659832291212361e+00 4.017240087970749052e+00 3.602530084590177761e+00 3.061167696332164123e+00 3.098722481231600767e+00 3.135932208114398545e+00 3.172873312686664615e+00 3.209421745925429725e+00 3.245811521940304090e+00 3.282008309765720000e+00 3.317964705150449056e+00 3.353735222604175004e+00 3.389338110686098915e+00 3.424825089290083113e+00 3.460159720972719732e+00 3.495427980201895490e+00 3.530608995437899189e+00 3.565735380484940098e+00 3.600833731502447677e+00 3.635931392771489357e+00 3.671021097981630898e+00 3.706169399394657837e+00 3.741348132443723440e+00 3.776642496154690942e+00 3.812005738801366395e+00 3.847501528694803330e+00 3.883171996782514235e+00 3.919034129974422687e+00 3.955174686882003243e+00 3.991596638655462659e+00 4.710250335951678302e+00 4.738327576379779416e+00 4.764043720309798502e+00 4.722566338368455519e+00 4.811128828283939285e+00
4.107977134581507705e+00 4.021522076769469045e+00 3.944008912076277795e+00 3.871654648405361776e+00 3.796926560536816098e+00 3.811416553798824935e+00 3.951308784383318340e+00 3.232573334708896073e+00 3.011710651650136850e+00 3.048738238106456500e+00 3.085402539847272418e+00 3.121639901494918767e+00 3.157695303454517877e+00 3.193335647344671457e+00 3.228704587568083539e+00 3.263866223151228318e+00 3.298801201605884525e+00 3.333495378247554264e+00 3.368019253843400840e+00 3.402376108376094610e+00 3.436570723222802215e+00 3.470631516110671555e+00 3.504600647320354589e+00 3.538472212585860088e+00 3.572238213331317969e+00 3.605977601331437299e+00 3.639709921986594932e+00 3.673412808428056398e+00 3.707110787692391884e+00 3.740855686100642341e+00 3.774646727381286926e+00 3.808547766113619559e+00 3.842564637426578500e+00 3.876720294630742636e+00 3.911101352417678534e+00 3.945728921500761821e+00 3.980727786852616745e+00 4.702010109321735243e+00 4.052142140904658518e+00 4.761645624727904647e+00 4.785997538629835901e+00
3.427357164890153296e+00 3.881288033157288542e+00 3.659987190044834637e+00 3.656029689720348586e+00 3.838561087957885309e+00 3.568230157841710604e+00 3.762253450474113858e+00 3.786392394170332132e+00 3.794621296794579379e+00 3.681433304699962328e+00 3.050259965337954515e+00 3.085078038451290361e+00 3.119540803593711331e+00 3.153734021080960126e+00 3.187670644325253377e+00 3.221311073606958342e+00 3.254780025345733296e+00 3.288000895455562844e+00 3.321086825663698505e+00 3.353992998539615744e+00 3.386761219510509235e+00 3.419399860432658755e+00 3.451918230960944634e+00 3.484369120127109198e+00 3.516756309474555309e+00 3.549060542797494833e+00 3.581341212283999820e+00 3.613620569840167107e+00 3.645919321996587303e+00 3.678205590872498210e+00 3.710575139146567558e+00 3.743007853384995531e+00 3.775553633455523972e+00 3.808204950666435273e+00 3.841035982276362226e+00 3.874065208819032158e+00 3.907374655534076702e+00 4.096511022391945644e+00 4.078190665781907143e+00 4.052670984936427523e+00 4.046611477287535230e+00
4.088052493365576190e+00 4.373795497724259462e+00 3.818569355633777640e+00 3.756009615384614975e+00 3.940682360261329453e+00 3.900916715428125237e+00 3.866468740290675221e+00 3.814729015522478672e+00 3.940464421754128477e+00 3.864680956784585231e+00 3.694985767462229287e+00 3.151699519708399233e+00 3.189991747630044117e+00 3.228047522473526776e+00 3.265930095198387395e+00 3.303647367274209490e+00 3.341243215230614183e+00 3.378588026008232603e+00 3.416086280579201162e+00 3.453372563645656257e+00 3.490571965122204467e+00 3.527849257076451028e+00 3.565087309687251071e+00 3.602380342087579734e+00 3.639709921986594932e+00 3.677159290377637113e+00 3.714710252600297302e+00 3.752397364983183436e+00 3.790254222687772234e+00 3.828324029345843815e+00 3.866602223296278229e+00 3.905206256551497113e+00 3.944090783282590440e+00 3.983407049256888044e+00 4.023195804777890849e+00 4.063584770510772159e+00 4.104837551053917011e+00 4.579787415837861531e+00 4.638440392630337250e+00 4.667476611137423070e+00 4.691628892154630748e+00
3.613570346485802887e+00 4.178969507224136848e+00 4.222254002628693215e+00 4.090871901164534918e+00 4.032734680822955831e+00 3.900047357717915553e+00 3.828350676922006368e+00 3.936001988716793853e+00 4.014757695529082682e+00 3.077482619217479787e+00 3.116062958320926057e+00 3.154286675592129718e+00 3.192249772725695323e+00 3.229885373429725703e+00 3.267383173671843277e+00 3.304601657808498238e+00 3.341594497507727191e+00 3.378494846071637969e+00 3.415252937814516887e+00 3.451894399646525446e+00 3.488453219842321928e+00 3.524898918339841813e+00 3.561328165915994326e+00 3.597744490953747931e+00 3.634127250363412998e+00 3.670563466120005724e+00 3.707034441095908850e+00 3.743578722607749043e+00 3.780224614073432132e+00 3.816979311972128919e+00 3.853909309255575177e+00 3.891023547640719116e+00 3.928352366315412514e+00 3.965989897162577549e+00 4.004004004004004358e+00 4.042403417921785369e+00 4.727387330601953153e+00 4.754724158074201235e+00 4.780147838195459187e+00 4.804260692911655362e+00 4.827386452974359976e+00
4.259821637145645212e+00 3.731884809155556759e+00 3.658225139599251108e+00 3.874842584520004074e+00 3.812032159689492161e+00 3.795144974538027238e+00 3.787904875377929859e+00 3.786731293547409116e+00 2.986214799124969232e+00 3.022209727298284410e+00 3.057806440852293584e+00 3.093058894653225810e+00 3.128019407622635306e+00 3.162710935248764788e+00 3.197130922511276285e+00 3.231290127706205162e+00 3.265249409476171039e+00 3.299055908468746967e+00 3.332662172201432238e+00 3.366129722224170173e+00 3.399449150484595616e+00 3.432670617740601227e+00 3.465772035378600791e+00 3.498827892655960170e+00 3.531782580694306173e+00 3.564713529835254135e+00 3.597620035976199393e+00 3.630524331494798140e+00 3.663459411634593987e+00 3.696445135687433492e+00 3.729462059629954140e+00 3.762594239050153000e+00 3.795852168811898242e+00 3.829256915289874552e+00 3.862902092990588621e+00 3.896763598661183714e+00 3.930980262341209119e+00 3.965658786369265165e+00 4.000938151014720390e+00 4.642718554243582929e+00 4.075429992401740087e+00
3.228044148654867218e+00 3.524728388577115901e+00 3.583045870012715906e+00 3.597620035976199393e+00 3.700556454044571009e+00 3.737308722463301258e+00 3.695592663564193803e+00 3.679175864606328172e+00 3.763590744354613715e+00 3.682831750178929386e+00 3.026890046459242090e+00 3.060826979798541903e+00 3.094451086574301790e+00 3.127736769673464146e+00 3.160844858710234906e+00 3.193668205644461189e+00 3.226281570217212735e+00 3.258706640134785282e+00 3.290947792964373786e+00 3.323064142060991433e+00 3.355024498668474742e+00 3.386878265918327635e+00 3.418612601424654063e+00 3.450250833235576131e+00 3.481845656745727435e+00 3.513388766800542129e+00 3.544891533269849404e+00 3.576365724661105361e+00 4.063276929540023730e+00 4.059837881727977660e+00 4.059977566903613777e+00 4.061430862744288106e+00 4.063332897156355372e+00 4.065264724526637785e+00 4.066861967947613010e+00 4.067675082387656182e+00 4.066497573886193706e+00 4.050251045732920829e+00 4.038097359919794904e+00 4.029063891392826058e+00 4.010510302862674514e+00
3.718801401702066745e+00 3.838192759523515019e+00 3.924538694574497555e+00 4.157069061865365178e+00 4.031473294964828646e+00 4.267885538063343809e+00 4.246166268733597704e+00 4.108377608645697343e+00 4.147111882166727881e+00 4.270031267648314532e+00 4.289529397113560627e+00 3.306923871856699559e+00 3.352283044431718206e+00 3.397351452541080175e+00 3.442222298716051121e+00 3.486969196114121150e+00 3.531562474032628351e+00 3.576095179148613745e+00 3.620590016919295273e+00 3.665080770081875716e+00 3.709606506924598257e+00 3.754171301446051157e+00 3.798841008143333475e+00 3.843698736384040249e+00 3.888699854868165939e+00 3.933937457296073692e+00 3.979444112824101154e+00 4.025317861306978884e+00 4.071576942452745485e+00 4.118333447731484576e+00 4.165654181275384005e+00 4.213696586214995321e+00 4.262662514008345838e+00 4.312793937443950121e+00 4.869751299743480644e+00 4.906035786805488463e+00 4.936849467231661848e+00 4.964567946573087198e+00 4.990296645411699039e+00 5.014528393908378234e+00 5.037611899656217140e+00
0.000000000000000000e+00 0.000000000000000000e+00 3.543167591827093066e+00 3.714554043257033644e+00 3.877579282647832137e+00 3.857971533681469722e+00 3.937579010631463650e+00 3.819789286532811801e+00 3.613846592212160314e+00 3.849617444266475896e+00 3.887862925061442265e+00 3.864503481566318399e+00 3.756338821761723512e+00 3.202695834406700026e+00 3.238957618943676842e+00 3.274987457494843213e+00 3.310801489860670355e+00 3.346423083489840966e+00 3.381852565031643998e+00 3.417182149756264220e+00 3.452371088463556781e+00 3.487504272192733623e+00 3.522513002217110945e+00 3.557527309253755821e+00 3.592475146289733079e+00 3.627434566661085213e+00 3.662370866876273556e+00 3.697373469601311857e+00 3.732478088971218355e+00 3.767634623166766783e+00 3.802964929748866130e+00 3.838429533973528596e+00 3.874172414508775475e+00 3.910162306035369628e+00 3.946548501003945830e+00 3.983489124387881830e+00 4.330432630840928887e+00 4.331683168316831534e+00 4.333172845450167898e+00 4.334246047580388783e+00 4.334216229231880213e+00
3.779051458084020432e+00 4.200725830331994537e+00 3.791168644967396251e+00 3.998924427223022438e+00 3.845508446134914049e+00 3.908676563994109010e+00 3.901351539640517618e+00 4.052587474070309170e+00 3.952980339124102294e+00 3.161866484917896791e+00 3.124609423822022336e+00 3.163889474794347123e+00 3.203097255781242492e+00 3.242139536167100822e+00 3.280771190640727308e+00 3.319318433281699399e+00 3.357629513563424428e+00 3.396103491055771695e+00 3.434402904523599087e+00 3.472752781674977918e+00 3.511042573112298282e+00 3.549356940036746177e+00 3.587691458534566280e+00 3.626093929779296676e+00 3.664599279525952547e+00 3.703237887617210955e+00 3.741996285722204885e+00 3.780926258189142519e+00 3.820054592052896769e+00 3.859407305306685299e+00 3.899042645778938443e+00 3.938939526912631273e+00 3.979198397343541416e+00 4.019877601657852573e+00 4.625535677845044269e+00 4.657948995458499830e+00 4.686449369366921580e+00 4.712633322475795694e+00 4.737254040397105292e+00 4.760674111454181734e+00 4.783196423000935837e+00
2.972840974242456191e+00 3.651219024917847111e+00 3.880613273059012602e+00 3.893701937116714085e+00 3.999531089458476796e+00 4.184800803481754095e+00 4.174319585907497299e+00 3.808539289163344943e+00 4.026267927305038796e+00 4.135957745428410881e+00 4.184530955239238459e+00 4.020388137810727791e+00 3.322788096111645828e+00 3.366656360575766449e+00 3.410261406976420329e+00 3.453706517834939760e+00 3.497030952152388572e+00 3.540240736370073638e+00 3.583423504447660779e+00 3.626584920249344535e+00 3.669750180025479924e+00 3.712914637990822886e+00 3.756214828170244768e+00 3.799575829171070840e+00 3.843090123957125126e+00 3.886810524927642785e+00 3.930790502658454866e+00 3.975033997001289787e+00 4.019626867740415221e+00 4.064648580128690014e+00 4.110152075626797519e+00 4.156275976724853827e+00 4.203215115037173710e+00 4.251167328733709283e+00 4.455045167304080955e+00 4.579505686789151042e+00 4.751444370227035918e+00 4.826720725938796974e+00 4.862547426959059393e+00 4.890075184905968264e+00 4.914208985388879292e+00
0.000000000000000000e+00 3.342245989304812870e+00 3.588929532748981632e+00 3.658831245038141500e+00 3.662750518313752313e+00 3.646696987002621348e+00 3.682934117172896205e+00 3.602610833262693379e+00 3.722238305967988659e+00 3.686520550613144653e+00 3.681654938627505924e+00 3.041663719318100867e+00 3.075374636546633678e+00 3.108837577367661975e+00 3.141975394841574065e+00 3.175501694751447612e+00 3.209001590845468765e+00 3.241625226741339016e+00 3.273846839692954980e+00 3.306901089210546374e+00 3.339664781147591910e+00 3.372356313532784533e+00 3.405095134188545369e+00 3.437772873221811576e+00 3.470462890340313411e+00 3.503228465448550821e+00 3.536043375465405703e+00 3.568977350720658137e+00 3.602006040287052180e+00 3.635141530463172010e+00 3.668429358509371241e+00 3.701900994714507842e+00 3.735550682429767733e+00 3.769472753565578316e+00 3.803622431690398820e+00 3.838101884159106802e+00 3.872939907187761044e+00 3.908285565398644579e+00 3.988364976654311445e+00 4.411684856382689368e+00 4.440990340846008522e+00
3.874413649005797211e+00 3.866758531475414262e+00 3.712156625512139652e+00 4.254992640955350680e+00 4.219963888177875155e+00 4.136019908042490201e+00 4.106861939830992014e+00 4.134936769925226407e+00 4.166348403941364964e+00 4.269972451790633450e+00 3.220093382708098417e+00 3.263843557728364875e+00 3.307334013174213716e+00 3.350644999162339044e+00 3.393798352968880661e+00 3.436780424098704767e+00 3.479713271626417193e+00 3.522561662096545199e+00 3.565355712796883569e+00 3.608179465295558774e+00 3.651017807322701536e+00 3.693920364652666599e+00 3.736946637786066727e+00 3.780094708554698091e+00 3.823374023301726599e+00 3.866922620116283404e+00 3.910672018112585580e+00 3.954735622454572219e+00 3.999089862307198651e+00 4.043865661411925494e+00 4.089100813661755041e+00 4.134851283182181092e+00 4.731050087421577288e+00 4.778823578299984831e+00 4.814206034263392553e+00 4.844793577187942901e+00 4.872558573644262481e+00 4.898425700406840555e+00 4.922908618508768264e+00 4.946311906184949869e+00 4.968791902911166680e+00
3.753649381342972990e+00 3.642476884281311111e+00 3.979613209523144235e+00 4.141043957181604895e+00 4.133085348212440557e+00 3.916275621883589242e+00 3.987352398007722787e+00 4.085221882941081795e+00 4.217221473262124043e+00 4.206084342333894277e+00 3.201469892263578032e+00 3.243638672454606020e+00 3.285518552694125294e+00 3.327118091897774743e+00 3.368531045482043407e+00 3.409691875191360744e+00 3.450727068193267577e+00 3.491620111731843501e+00 3.532394132069982540e+00 3.573097325674078117e+00 3.613746134334062887e+00 3.654365933035467862e+00 3.695001986935030569e+00 3.735654050763387524e+00 3.776409115564985264e+00 3.817244227285661928e+00 3.858214137899588003e+00 3.899328904972670706e+00 3.940682360261329453e+00 3.982285694668542764e+00 4.024200710479573395e+00 4.066469546278490554e+00 4.109223151363234905e+00 4.152536507716797942e+00 4.753432657440479936e+00 4.823566177969210500e+00 4.859186257399993103e+00 4.888282379778805087e+00 4.914277012950157619e+00 4.938237734994959105e+00 4.960823088893872246e+00
3.573555687909469203e+00 3.582007301784115416e+00 4.298052913806983177e+00 4.343150231634679059e+00 3.902194287466291378e+00 4.167862364886101290e+00 4.072729280852650291e+00 4.029372737819831407e+00 3.998344545065551703e+00 4.133170761950029970e+00 3.886810524927642785e+00 3.225738588949741636e+00 3.267610333991489924e+00 3.309226537239140065e+00 3.350644999162339044e+00 3.391942406202409277e+00 3.433127579224673820e+00 3.474152306837131388e+00 3.515180756108487792e+00 3.556187766714082432e+00 3.597198417232696510e+00 3.638235798867341497e+00 3.679354655077856862e+00 3.720545680033071623e+00 3.761866980383572923e+00 3.803306802387093732e+00 3.844991898052786627e+00 3.886918437181150932e+00 3.929110573443348908e+00 3.971623435317319206e+00 4.014507599878180066e+00 4.057873674194722113e+00 4.101778804741655904e+00 4.673475278690327528e+00 4.719076171441261458e+00 4.753506572239522221e+00 4.783461701109900766e+00 4.810831242912612993e+00 4.836446369940462731e+00 4.860783065305646744e+00 4.884055279251019677e+00
3.829256915289874552e+00 4.137674213324689987e+00 4.048639517513855424e+00 3.891618426813250320e+00 3.938966746828094667e+00 4.002705276669749068e+00 4.000000000000000000e+00 4.147513220198389305e+00 3.042645441909674897e+00 3.081966294495888103e+00 3.120947103414315915e+00 3.159757330637007033e+00 3.198220120976152714e+00 3.236290522488776134e+00 3.274462674608980439e+00 3.312263656187032002e+00 3.349896711518061565e+00 3.387487037677151758e+00 3.424968720948926570e+00 3.462364102208988381e+00 3.499685028347448768e+00 3.536975261978902996e+00 3.574276209067663856e+00 3.611612723989442664e+00 3.648981727551877441e+00 3.686366703066639605e+00 3.723881111647472153e+00 3.761519653940191610e+00 3.799234626915160007e+00 3.837140781954475166e+00 3.875244797829863419e+00 3.913518115469381886e+00 3.952048478461335446e+00 3.990807381617515137e+00 4.029917011031042939e+00 4.723277543895676445e+00 4.749907067035644914e+00 4.774921283000588268e+00 4.798661858864499585e+00 4.821437059874098097e+00 4.843385664962256421e+00
3.513703443429374129e+00 3.511603233663572965e+00 3.547011816417796393e+00 4.008930237701915367e+00 4.069021641677815992e+00 4.292855856978659901e+00 4.323330199490808212e+00 4.303403853628741338e+00 4.228099128466019430e+00 4.267298043237364169e+00 4.363001745200698167e+00 4.324161078432045890e+00 3.393281303020020623e+00 3.440383076123741724e+00 3.487274865637350896e+00 3.534058623795994780e+00 3.580700026855249796e+00 3.627308049136072743e+00 3.673922085124081249e+00 3.720545680033071623e+00 3.767266638760987885e+00 3.814041219383650816e+00 3.861003861003861282e+00 3.908151581430109101e+00 3.955558948237693606e+00 4.003313086692434908e+00 4.051363043328984226e+00 4.099870054966054944e+00 4.148918515240360705e+00 4.198586246532724608e+00 4.249019984100440794e+00 4.300389115853869626e+00 4.353060405514782794e+00 4.407379606228178481e+00 4.464469689685014231e+00 4.943354573957323694e+00 4.975870436513345929e+00 5.004524638714453744e+00 5.030735727871654461e+00 5.055266357885532358e+00 5.078511035467222712e+00
4.263395313015732491e+00 3.970182559946333178e+00 3.642010939776256340e+00 3.779448200562717908e+00 3.754701910801935494e+00 3.793914561044084532e+00 3.766635975558717764e+00 3.790410949463484336e+00 2.971870896399197992e+00 3.007602940456456153e+00 3.042982122480030416e+00 3.078063897808278604e+00 3.113045042302823084e+00 3.147557495383581649e+00 3.182113753649054022e+00 3.216153480437396794e+00 3.250255871206882308e+00 3.284278786354170698e+00 3.318056448435328765e+00 3.351744652919857792e+00 3.385380682603288616e+00 3.418922690482835591e+00 3.452442603141722355e+00 3.485948143035423996e+00 3.519425850527913457e+00 3.552942323902942068e+00 3.586478974267013786e+00 3.620085907423264526e+00 3.653736117526213523e+00 3.687520872759657120e+00 3.721366154863963605e+00 3.755372268662113822e+00 3.789523002404623586e+00 3.823852496628057818e+00 3.858370251965356879e+00 3.893160551160300908e+00 3.928217002977174577e+00 3.963616731929665793e+00 4.590707585630399379e+00 4.614992526467326606e+00 4.637705235761552025e+00
3.577989857774902749e+00 3.921514667840827695e+00 3.650816611904417197e+00 3.658982802780827104e+00 3.717625676401338453e+00 3.717811121165568888e+00 3.661712990790446209e+00 3.807914924257110645e+00 3.740363369374735569e+00 2.983065898006895367e+00 3.016718231501553937e+00 3.050048523499237607e+00 3.083067652314052332e+00 3.115868773455567453e+00 3.148196083644071663e+00 3.180485646329995753e+00 3.212537275908065038e+00 3.244377562713128160e+00 3.276060363154776667e+00 3.307561913424566402e+00 3.338943667250413583e+00 3.370171176611011621e+00 3.401313323430189772e+00 3.432358029966586788e+00 3.463347394523755174e+00 3.494255444049981563e+00 3.525142560912389644e+00 3.555989401757077673e+00 3.586874797376063295e+00 3.617743641119830489e+00 3.648655160781775209e+00 3.679584554076007485e+00 3.710626133802430004e+00 3.741711070614402779e+00 3.772937746527182057e+00 3.804280161024804041e+00 3.835774072907105925e+00 3.867456732827800892e+00 3.899382255758430560e+00 4.575041071391435565e+00 4.601837987829167531e+00
3.756182049623337793e+00 4.192641570384830096e+00 4.106972955583087170e+00 4.027693867488871149e+00 3.815390591940507115e+00 3.931685244454254491e+00 3.909894089886407187e+00 4.081435004876968975e+00 3.035550434980579304e+00 3.074407652480138253e+00 3.112915833673448152e+00 3.151106038219414707e+00 3.189018683489895256e+00 3.226575761401736742e+00 3.264002222299385192e+00 3.301326852430690018e+00 3.338340844600233392e+00 3.375236783192698375e+00 3.412042420739646698e+00 3.448727764327739642e+00 3.485340657195834080e+00 3.521904867134412420e+00 3.558396070414378443e+00 3.594933908522758959e+00 3.631462431822784609e+00 3.667997757676841886e+00 3.704618424302296820e+00 3.741322210982859442e+00 3.778121243345354596e+00 3.815020080878425812e+00 3.852133118714488269e+00 3.889402073884748567e+00 3.926917989417988863e+00 3.964665785629825301e+00 4.002788148986534900e+00 4.041234288845507727e+00 4.726351119939721457e+00 4.752593558198902279e+00 4.777235434624571120e+00 4.800735198304654006e+00 4.823295137429458812e+00
3.345390678905221016e+00 3.713841625287135351e+00 4.276982933458423730e+00 4.311672312904218707e+00 3.821089635815420937e+00 4.039447292177401394e+00 3.990642631071969149e+00 3.978434143196191375e+00 3.929110573443348908e+00 4.033071183706391949e+00 3.974072602195332315e+00 3.197686543300846118e+00 3.238638363783574281e+00 3.279329063228255237e+00 3.319846457101359061e+00 3.360191530917261638e+00 3.400439975294762274e+00 3.440824696863344023e+00 3.480948767396041088e+00 3.521175382151092936e+00 3.561328165915994326e+00 3.601606870757723122e+00 3.641935860699388794e+00 3.682371169118106913e+00 3.722955886484967891e+00 3.763668961364227350e+00 3.804622270183520616e+00 3.845810470219005239e+00 3.887242209897196155e+00 3.929002240220575093e+00 3.971133964150245887e+00 4.013646397752357764e+00 4.056655665566556657e+00 4.609563123495012071e+00 4.652228556350985755e+00 4.685454420175014789e+00 4.714628330133307621e+00 4.741388196004865385e+00 4.766541601694163965e+00 4.790469049404316060e+00 4.813444638510308238e+00
3.427756601859214491e+00 3.355068341283386157e+00 3.719725566913729242e+00 3.946439204065524287e+00 4.067366621397106030e+00 4.060927681072634243e+00 4.295064085083174277e+00 4.312174020178235700e+00 4.192843297636886568e+00 4.176766224340276779e+00 4.240476027631489231e+00 4.315984900903616861e+00 4.297554486851529632e+00 3.406681266729238544e+00 3.452061225757899976e+00 3.497237182625725360e+00 3.542257042840473602e+00 3.587221214274380454e+00 3.632121927539166961e+00 3.677006223159589027e+00 3.721956094703104956e+00 3.766925003313498888e+00 3.812013287589173682e+00 3.857227479990632091e+00 3.902656594095838649e+00 3.948317880434042415e+00 3.994242781094835770e+00 4.040516628815850275e+00 4.087231212591443175e+00 4.134423902482721402e+00 4.182207108380868732e+00 4.230724613946378554e+00 4.280201307532464305e+00 4.330879168471200025e+00 4.838423900451132909e+00 4.891836069137950105e+00 4.927355720865298494e+00 4.957038995373429735e+00 4.983615510649917368e+00 5.008198352096925987e+00 5.031325168342625886e+00
2.966269280750324366e+00 3.071081579094310232e+00 0.000000000000000000e+00 0.000000000000000000e+00 3.537171511204511454e+00 3.735240611749406359e+00 3.703805317018298737e+00 3.755894668020644200e+00 3.762761440924645040e+00 3.719725566913729242e+00 3.767003836763166635e+00 3.826548043677312716e+00 3.753910323253389247e+00 3.668505533905989324e+00 3.183655390066995494e+00 3.218318394401495475e+00 3.252842776958799309e+00 3.287220928639912110e+00 3.321569441561137648e+00 3.355796625027394509e+00 3.389830508474576121e+00 3.424035330454348713e+00 3.458101640523417508e+00 3.492229788720097261e+00 3.526385662130766097e+00 3.560582259922504544e+00 3.594859351127886793e+00 3.629232068452899806e+00 3.663712654325255169e+00 3.698328076590280844e+00 3.733123172325113703e+00 3.768134145575581684e+00 3.803333102828296397e+00 3.838824222980846912e+00 3.874628104891717939e+00 3.910779342851849805e+00 3.947368421052630971e+00 4.035015729722335465e+00 4.107290789226366812e+00 4.478465471031218392e+00 4.514827102643909740e+00
3.805701632991973948e+00 3.796245168415239846e+00 3.974756807642689793e+00 4.041502045139396593e+00 4.242769902764059964e+00 4.177710203885955487e+00 4.148918515240360705e+00 4.054091196437896727e+00 4.218329679752709005e+00 4.349805957874847806e+00 3.239257038492022289e+00 3.283555543394239162e+00 3.327602462425822250e+00 3.371404981422870151e+00 3.415014914554932890e+00 3.458460431754200037e+00 3.501809268121863106e+00 3.545039377741322717e+00 3.588211345648258277e+00 3.631380609797875803e+00 3.674533403588562841e+00 3.717753650627543038e+00 3.761021883575477620e+00 3.804438049914227182e+00 3.847977406875510376e+00 3.891699560793906887e+00 3.935648691569425761e+00 3.979853706067217889e+00 4.024396167109580702e+00 4.069302287085827530e+00 4.114652346746633604e+00 4.160556559697165646e+00 4.207099653086700641e+00 4.826943864682406549e+00 4.866647017293733057e+00 4.898725650952190591e+00 4.927085970807015158e+00 4.953083294350733468e+00 4.977463152946381975e+00 5.000582259578170152e+00 5.022669888415279615e+00
3.193579516658682671e+00 4.198701843987251436e+00 3.857971533681469722e+00 3.765296517100721108e+00 3.739171981137955125e+00 3.984927187690070038e+00 3.929164742295045532e+00 3.838021534789920253e+00 3.881045941881336780e+00 3.904261920199674663e+00 3.675820874421235285e+00 3.125043403380602047e+00 3.161044690147375213e+00 3.196730995086763283e+00 3.232107474599851038e+00 3.267178756386639460e+00 3.302055529567155645e+00 3.336670003336670298e+00 3.371080259229191967e+00 3.405331776610235561e+00 3.439380911435941712e+00 3.473331758756269316e+00 3.507131166705634406e+00 3.540830637210658605e+00 3.574423624190599114e+00 3.607979184735472522e+00 3.641485451235013659e+00 3.674941062265983049e+00 3.708409161144112787e+00 3.741892566106768570e+00 3.775424048764750129e+00 3.809048915113613099e+00 3.842749212579513962e+00 3.876639784015783352e+00 3.910698848745145284e+00 3.945046198567325746e+00 3.979744472958322010e+00 4.225078960492049340e+00 4.169562195969422902e+00 4.140043884465175239e+00 4.128052178579537212e+00
3.634568172155093091e+00 4.231116043559686624e+00 4.216492707541300788e+00 3.746670572286899148e+00 4.048526475967109128e+00 4.004833419644397985e+00 3.926404033863512222e+00 3.892702951376600939e+00 3.928352366315412514e+00 3.971267531056008604e+00 3.798395005455876827e+00 3.185507326666850769e+00 3.225173177777154176e+00 3.264500982823168584e+00 3.303600925008259193e+00 3.342525277847413712e+00 3.381269149024262344e+00 3.419829427283259449e+00 3.458316906328028129e+00 3.496699116034462929e+00 3.535013966770868432e+00 3.573280271289043242e+00 3.611559716799203290e+00 3.649836101699583946e+00 3.688136725491287571e+00 3.726528049024546263e+00 3.765007739182574475e+00 3.803622431690398820e+00 3.842392063713846895e+00 3.881406022307870796e+00 3.920678483729183927e+00 3.960313490078371856e+00 4.000386244189094498e+00 4.041040533691318437e+00 4.082479933573207376e+00 4.125185633353500414e+00 4.170547592898946831e+00 4.375619594571497295e+00 4.591431155944190046e+00 4.727840815655319773e+00 4.755570565085841750e+00
3.892781670559447793e+00 3.795014041551953987e+00 3.973473638057656299e+00 3.826699228398283026e+00 4.043897201344247350e+00 4.282951091461729476e+00 4.285189568624249823e+00 4.251700680272108457e+00 4.205939337943778611e+00 4.329093570265311719e+00 4.307279986873051136e+00 3.309865467759841362e+00 3.354461783595284352e+00 3.398741771923618149e+00 3.442743729042297307e+00 3.486507217069939379e+00 3.530101172699609435e+00 3.573539315804664884e+00 3.616837770915060091e+00 3.660044058643573184e+00 3.703221116589744621e+00 3.746331716860573646e+00 3.789496892612547629e+00 3.832676303109942229e+00 3.875968992248061795e+00 3.919357500412564033e+00 3.962929230426953886e+00 4.006714701188888839e+00 4.050778916725597867e+00 4.095203059602556372e+00 4.140072451267896803e+00 4.185443029144635396e+00 4.231619754839061720e+00 4.278665332459197224e+00 4.951482350028538981e+00 4.997364403704894542e+00 5.030591434398368200e+00 5.059102624580401830e+00 5.084967050787826182e+00 5.109438652212938692e+00 5.048758558683172026e+00
3.447062961660217528e+00 3.740881601097325149e+00 4.415041494491545926e+00 4.252050585685676509e+00 3.842881062831104977e+00 4.027302332363539961e+00 4.002180498340474735e+00 3.831871416329346136e+00 3.863108008360869317e+00 3.983352334381824900e+00 3.913598725677327028e+00 3.147997873352547771e+00 3.185507326666850769e+00 3.222552261391021577e+00 3.259339394317653404e+00 3.295886453205425060e+00 3.332199459906003636e+00 3.368322644064534188e+00 3.404290795909292733e+00 3.440114487010127231e+00 3.475818729101640248e+00 3.511429358303497672e+00 3.546987147387747896e+00 3.582500861178091078e+00 3.617970179576558198e+00 3.653433883186620879e+00 3.688906830741818244e+00 3.724446161061605309e+00 3.760015313516913427e+00 3.795721187025534960e+00 3.831524389394340258e+00 3.867483442336512756e+00 3.903635958063796707e+00 3.940001382456625567e+00 3.976633848010311389e+00 4.013646397752357764e+00 4.051071438549437076e+00 4.089115456174904573e+00 4.128165787138011744e+00 4.733938911605696021e+00 4.760097961436306591e+00
3.161066895200094873e+00 0.000000000000000000e+00 3.633148019934329120e+00 3.855395143579045669e+00 3.786072860868833878e+00 3.693997602386461132e+00 3.697034841130196980e+00 3.692890836753321970e+00 3.536993414118262180e+00 3.856908687686818382e+00 3.899341289846394165e+00 3.822337741762861896e+00 3.161577697528348718e+00 3.198153414028769514e+00 3.234448280468853909e+00 3.270475262681789452e+00 3.306366514245514754e+00 3.342063621978501597e+00 3.377586610970953362e+00 3.413064374573366422e+00 3.448418555250562179e+00 3.483713638738895391e+00 3.518940178016973341e+00 3.554155574449105792e+00 3.589350672658120356e+00 3.624577423064859083e+00 3.659858391633000529e+00 3.695182318901205853e+00 3.730595720868537857e+00 3.766117270044302856e+00 3.801834557984889340e+00 3.837692998266184929e+00 3.873797220550494025e+00 3.910177633783934237e+00 3.946876428146075089e+00 3.984063745019920333e+00 4.021840639677161988e+00 4.060452568408302376e+00 4.156304767974286385e+00 4.624548761380186335e+00 4.655971625961150551e+00
3.935458480913025525e+00 3.820771101076762655e+00 4.032959009839029108e+00 4.113138736169570819e+00 4.210468190257942389e+00 4.030044677909101480e+00 4.133313126024717121e+00 4.072307617976131944e+00 4.202114834843108326e+00 4.343060409902177454e+00 3.214243290267131403e+00 3.257554754643748218e+00 3.300625055869955471e+00 3.343526445204477504e+00 3.386293114767693346e+00 3.428803347631675713e+00 3.471257983893362375e+00 3.513655027971449574e+00 3.556038990921641663e+00 3.598341994727044746e+00 3.640684998317041732e+00 3.683087678334410420e+00 3.725576774478418507e+00 3.768155659084680309e+00 3.810896392120451726e+00 3.853829743307412237e+00 3.896953417488970395e+00 3.940355461540056670e+00 3.984063745019920333e+00 4.028101125820128026e+00 4.072560605223921826e+00 4.700904924197907953e+00 4.761740450640074229e+00 4.800175549277231113e+00 4.832585433206765479e+00 4.861715021329918507e+00 4.888747054869394759e+00 4.914206150948031926e+00 4.938508707551116039e+00 4.961821539818617843e+00 4.984330085552953093e+00
3.646270484472390550e+00 3.725808120881774155e+00 4.304748415227700242e+00 4.095885370747047283e+00 3.922135293024791913e+00 4.142359073492353438e+00 4.092434452841513526e+00 4.023195804777890849e+00 3.991576397395840470e+00 4.116666323611139156e+00 4.025206118313299442e+00 3.219462349787585165e+00 3.261080736032860639e+00 3.302440292582156545e+00 3.343619607542648531e+00 3.384679146231953872e+00 3.425591264043176043e+00 3.466468846844473539e+00 3.507179402541672708e+00 3.547998859074876332e+00 3.588780918727914493e+00 3.629586715712620926e+00 3.670461785645031672e+00 3.711442238961895956e+00 3.752553821350641527e+00 3.793813274131110802e+00 3.835274941272352134e+00 3.876961846541542744e+00 3.918926351685826148e+00 3.961194195808082963e+00 4.003838162100220366e+00 4.046944556859570774e+00 4.090537223888737195e+00 4.134737306356469411e+00 4.680487872029955199e+00 4.722353398705519290e+00 4.754489202486115396e+00 4.782531462224833163e+00 4.808187656695401380e+00 4.832200148368961834e+00 4.855008634979643745e+00
0.000000000000000000e+00 0.000000000000000000e+00 3.542601519845514524e+00 3.723829752020522132e+00 3.758822792387687350e+00 3.592897118772887310e+00 3.726987609524210932e+00 3.765874205853842138e+00 3.723521624007060993e+00 3.794987856038860574e+00 3.802544247787610576e+00 3.701272399681550862e+00 3.807809471060648043e+00 3.163422401248497273e+00 3.198353543219490280e+00 3.233061568737699787e+00 3.267587616538164319e+00 3.301953070113811783e+00 3.336182989636981233e+00 3.370265829717318695e+00 3.404243493726465175e+00 3.438210446546352994e+00 3.472077552324208671e+00 3.505893406816858793e+00 3.539700166574125895e+00 3.573505609002430639e+00 3.607378476437574921e+00 3.641252590891266294e+00 3.675221380080300193e+00 3.709300728121994517e+00 3.743482936524141547e+00 3.777835780912999653e+00 3.812402090582673431e+00 3.847210772190162054e+00 3.882337444451376740e+00 3.917919584700523927e+00 4.225851304561193622e+00 4.230435939600291739e+00 4.234943750384218220e+00 4.238997408741906447e+00 4.242091281459278385e+00
3.754145201993868586e+00 4.214733893938261033e+00 4.248379448807027003e+00 3.814120567818531260e+00 4.055568157603502755e+00 3.994113937355475930e+00 3.958314849822898829e+00 3.923701220477590290e+00 4.044940685826667881e+00 3.882983518121745359e+00 3.143401999203670805e+00 3.183214770116533199e+00 3.222755455914807055e+00 3.262053983523157008e+00 3.301079040211268634e+00 3.339990119195897389e+00 3.378704508157158060e+00 3.417301308338215104e+00 3.455783253274354649e+00 3.494182186659212430e+00 3.532540935915550850e+00 3.570864492559554737e+00 3.609156151529032464e+00 3.647500086025944555e+00 3.685879603872260102e+00 3.724343412050319824e+00 3.762908867921898270e+00 3.801624330395714235e+00 3.840535480375549149e+00 3.879620905614365345e+00 3.918988900863576319e+00 3.958693085255233335e+00 3.998814144770860945e+00 4.039408192467529801e+00 4.080672826868808833e+00 4.689507058047941435e+00 4.722954242102741951e+00 4.752197030221217311e+00 4.779055270813131528e+00 4.804293665881965048e+00 4.828289697381842771e+00
3.637661464124421595e+00 4.182264456237058781e+00 4.271060807506044554e+00 3.769054665252107750e+00 4.046278452538524917e+00 3.962695999726710827e+00 3.914673845857999712e+00 3.884437970381160454e+00 4.015244317408465768e+00 3.953556119688709014e+00 3.126780527800552711e+00 3.165736878020640077e+00 3.204369087590732246e+00 3.242765872304019137e+00 3.280977312390924716e+00 3.318928262748487068e+00 3.356784200735695833e+00 3.394456644475694507e+00 3.432038768309926713e+00 3.469523703785944324e+00 3.506938236628938110e+00 3.544324910349428315e+00 3.581686561098750943e+00 3.619078109449273661e+00 3.656483704500923970e+00 3.693920364652666599e+00 3.731472203987146852e+00 3.769136936171379126e+00 3.806939704996781249e+00 3.844939098911058561e+00 3.883118143869526584e+00 3.921541647460285773e+00 3.960285974334567971e+00 3.999365617867510103e+00 4.038884710732291161e+00 4.078951916761726970e+00 4.676753782668500392e+00 4.711119607816360855e+00 4.739076086209975891e+00 4.764043720309798502e+00 4.787278328199150224e+00
3.624097460344009924e+00 3.770222100356457329e+00 4.282181978920613474e+00 4.220431037464973834e+00 4.150841583130979728e+00 4.098864614501782633e+00 3.856988380822502727e+00 3.916933041428561246e+00 4.008680867533831460e+00 4.080272562207155396e+00 3.664193911907247081e+00 3.202539753265197575e+00 3.242765872304019137e+00 3.282741857752509151e+00 3.322489098082646475e+00 3.362050851019121822e+00 3.401431377857376148e+00 3.440682631434075933e+00 3.479785923569982398e+00 3.518843059599541689e+00 3.557849942446544844e+00 3.596792507387529092e+00 3.635764951225870067e+00 3.674737221621321659e+00 3.713765001203534588e+00 3.752892854908991715e+00 3.792108201487348840e+00 3.831443838559377646e+00 3.870985580578712337e+00 3.910725679745870931e+00 3.950733658171433849e+00 3.991054532943402844e+00 4.031706983736503602e+00 4.072869854550224211e+00 4.114577261474527070e+00 4.157069061865365178e+00 4.743148213070466745e+00 4.778320079183589364e+00 4.806503886401713110e+00 4.831608245037394056e+00 4.854806605311158485e+00
0.000000000000000000e+00 4.182263022521485851e+00 3.691013426931862629e+00 3.765375282403145896e+00 3.779601148998748883e+00 3.884572697003329189e+00 3.750573004208976435e+00 3.863907652607101895e+00 3.847369361199279858e+00 3.886217114622585900e+00 3.922945099415688031e+00 3.847475094469254842e+00 3.332754730081582739e+00 3.215658860538272990e+00 3.252820264378157855e+00 3.289773005662609329e+00 3.326541644143207854e+00 3.363181569764996937e+00 3.399685008776737849e+00 3.436088749263695785e+00 3.472439249675326689e+00 3.508723650173372288e+00 3.544987251680460361e+00 3.581242553425941111e+00 3.617517131030644428e+00 3.653862063260072013e+00 3.690268136275336008e+00 3.726759513588870032e+00 3.763407137928872270e+00 3.800179644855937955e+00 3.837140781954475166e+00 3.874360038743600576e+00 3.911826067859887957e+00 3.949638642710144865e+00 3.987882434427318490e+00 4.026644099260188625e+00 4.066161268090971781e+00 4.168887795410122443e+00 4.317578813222933576e+00 4.645824223874070569e+00 4.672929308200304277e+00
3.848162502405100938e+00 3.802517958255266617e+00 3.875915338934953436e+00 4.156247657852242483e+00 4.094350490281121857e+00 4.088836794079363735e+00 4.058553228957433312e+00 4.173245324226384056e+00 4.310344827586206407e+00 3.179540349058233684e+00 3.223297433274238788e+00 3.266724587315378070e+00 3.309865467759841362e+00 3.352798189488977343e+00 3.395465638595125846e+00 3.438009255120915153e+00 3.480439927606849615e+00 3.522707649801416263e+00 3.564912869335458812e+00 3.607103218645948850e+00 3.649232972541242681e+00 3.691399040236249096e+00 3.733587770425836450e+00 3.775864673010119077e+00 3.818277748465745969e+00 3.860841242208120416e+00 3.903601586094959774e+00 3.946575826184492097e+00 3.989846528489568112e+00 4.033470972681779010e+00 4.077542416807767189e+00 4.122124817939486263e+00 4.167349838771382764e+00 4.802151363810986950e+00 4.843955435609990978e+00 4.877378580751527970e+00 4.906906989923562001e+00 4.934007647711853295e+00 4.959474975032779120e+00 4.983664654742787192e+00 5.006790030315085183e+00
3.032504213770390145e+00 3.135560742779500476e+00 3.566089234525230189e+00 3.549727506212023709e+00 3.634711494775102025e+00 3.720342552295381466e+00 3.749965909400823527e+00 3.714059466997428061e+00 3.716985937403203710e+00 3.776197369249166158e+00 3.713433000041260534e+00 3.051635052189894726e+00 3.084769464895323221e+00 3.117617309011299742e+00 3.150201612903225090e+00 3.182554068826191074e+00 3.214602682096759256e+00 3.246528976997997251e+00 3.278276881870430870e+00 3.309842644564272796e+00 3.341268846844589024e+00 3.372565214398787869e+00 3.403746900159072997e+00 3.434836249439209954e+00 3.465844106332096608e+00 3.496796934008447710e+00 3.527702842913468029e+00 3.558569873566105990e+00 3.589449778765643195e+00 3.620337944622753490e+00 3.651244178676734009e+00 3.682192085371275958e+00 3.713254254770499418e+00 3.744383424862705922e+00 3.775657307613097924e+00 4.025261989034631505e+00 4.004501612157113755e+00 3.992977866510618590e+00 3.981670345636927788e+00 3.970271719824193468e+00 3.969774001462548441e+00
3.443834503089119981e+00 3.092592210791084817e+00 3.793286572455222050e+00 3.985651654045436310e+00 4.420805415486634082e+00 4.004473964014968246e+00 4.257832351284903893e+00 4.258154021551753488e+00 4.190884482734929861e+00 4.123824709957662371e+00 4.189387799953298241e+00 4.252225559990672643e+00 4.045589609809856491e+00 3.377522587182301805e+00 3.421610894409087944e+00 3.465483781535902530e+00 3.509165941439038594e+00 3.552761930789464451e+00 3.596326214451698533e+00 3.639799811010394404e+00 3.683316621989400019e+00 3.726810954063604520e+00 3.770423125261834763e+00 3.814116316925822314e+00 3.857971533681469722e+00 3.902031146570045017e+00 3.946303062467256151e+00 3.990862301489004338e+00 4.035793311716324716e+00 4.081160682097988435e+00 4.127029982872824299e+00 4.173535610692598041e+00 4.220839877941614304e+00 4.269237390256498621e+00 4.459140552110201661e+00 4.834075466045726799e+00 4.876943049669259622e+00 4.909146694848804948e+00 4.937052579609972902e+00 4.962505513895014708e+00 4.986270679362303504e+00
4.062269776024345802e+00 4.360118540722825564e+00 3.735524841240194238e+00 3.718470469147023838e+00 3.874896208137281306e+00 3.846584233200917691e+00 3.850111653237943798e+00 3.845546376602596794e+00 3.818012689685811978e+00 3.034580098800282233e+00 3.070910106085984914e+00 3.106833653222131453e+00 3.142458100558659151e+00 3.177805103831327749e+00 3.212918727125415597e+00 3.247762844211035116e+00 3.282512588784981755e+00 3.317001706873794475e+00 3.351300025134750449e+00 3.385521024776486421e+00 3.419590765709181301e+00 3.453539532667030620e+00 3.487406973418983647e+00 3.521224005081609487e+00 3.555022689409517600e+00 3.588780918727914493e+00 3.622532149972831128e+00 3.656307129798903155e+00 3.690088283621577592e+00 3.723958153744301836e+00 3.757907263199649073e+00 3.791978930386161739e+00 3.826193424512681851e+00 3.860551369461659998e+00 3.895137338369189184e+00 3.929977454339867116e+00 3.965134165099982511e+00 4.621951551072564612e+00 4.659704519913383969e+00 4.687086058975769021e+00 4.112603072114493941e+00
3.667464743900245239e+00 3.797031411805315670e+00 4.057297289862945355e+00 4.264099037138927351e+00 3.913784909563613024e+00 4.127086758242135112e+00 4.093555079130501539e+00 4.044530971510049255e+00 4.012650049307987743e+00 4.113791660856225718e+00 4.005690843543241009e+00 3.220476630541320162e+00 3.261261761358905442e+00 3.301697915715379406e+00 3.341881274552597425e+00 3.381852565031643998e+00 3.421596558851461189e+00 3.461189680116849576e+00 3.500640617232953833e+00 3.539991694634870179e+00 3.579245880425655280e+00 3.618473699958944412e+00 3.657644476956839252e+00 3.696806099032552417e+00 3.736015884986058300e+00 3.775294472968890869e+00 3.814649641769719768e+00 3.854148026813858152e+00 3.893756083993880956e+00 3.933606344345089934e+00 3.973691422307481069e+00 4.014090843028285782e+00 4.054843476169203598e+00 4.096141296046876157e+00 4.138045187453446516e+00 4.180864184626962299e+00 4.225108225108224147e+00 4.449821311862945272e+00 4.818845817586033142e+00 4.851052200054660091e+00 4.875770852504498265e+00
3.625741395705206482e+00 3.804095973883152126e+00 4.271561048874925604e+00 4.124306600952714064e+00 4.109054301152589517e+00 4.063164998932558447e+00 3.978597887227329100e+00 3.944254535892715907e+00 4.077316987208281063e+00 3.952212892534477717e+00 3.143182437293510212e+00 3.182303563472812069e+00 3.221108061173043158e+00 3.259610649910880564e+00 3.297813137663087257e+00 3.335835209740638518e+00 3.373610107060483809e+00 3.411187302029308199e+00 3.448632617167293635e+00 3.485923839535953750e+00 3.523121347352132116e+00 3.560234277377153589e+00 3.597296493327706735e+00 3.634254244040172388e+00 3.671275387215649832e+00 3.708256364123306614e+00 3.745292375555724806e+00 3.782356339229223874e+00 3.819524017861482879e+00 3.856802435295251907e+00 3.894216393260223619e+00 3.931820846928006041e+00 3.969639105051707251e+00 4.007739082365947780e+00 4.046167456469409451e+00 4.084995132047467337e+00 4.770431620356607283e+00 4.805876900895952986e+00 4.833720030935807266e+00 4.858355002052825888e+00 4.881167630296238791e+00
3.683983707060736634e+00 3.701117318435754200e+00 4.009512222099324674e+00 4.308487720809995203e+00 3.927783902976846875e+00 4.165613881737538549e+00 4.146246966782443977e+00 4.000469020505851958e+00 4.033608849327617207e+00 4.153474279099853561e+00 3.897089013688524339e+00 3.237908873981994340e+00 3.279420589179307122e+00 3.320604349991697735e+00 3.361556400613483930e+00 3.402234365344424027e+00 3.442720024236748610e+00 3.483058403923317226e+00 3.523243041594992242e+00 3.563343674016935747e+00 3.603353890929249292e+00 3.643312802463704259e+00 3.683241252302025703e+00 3.723187876197107560e+00 3.763144874108866222e+00 3.803201604259585977e+00 3.843329421373029131e+00 3.883602873866125904e+00 3.924069259822435818e+00 3.964727595871214483e+00 4.005663178977173722e+00 4.046944556859570774e+00 4.088647419994178911e+00 4.130865829477857964e+00 4.173825937545651676e+00 4.217775503713025564e+00 4.799188251587160003e+00 4.859685147159479079e+00 4.891525260249811602e+00 4.917714855654678807e+00 4.941321803582458649e+00
3.739275549985111358e+00 3.784308194059324393e+00 3.851972209771402866e+00 3.928217002977174577e+00 4.204779662652595285e+00 4.181633716307000093e+00 4.070060223094486673e+00 4.085193596632138657e+00 4.087401105676638835e+00 4.197575040255432377e+00 3.272889334558926500e+00 3.238007316518659806e+00 3.279786744078938554e+00 3.321293643874288826e+00 3.362592558862883330e+00 3.403699613089656406e+00 3.444641171729141416e+00 3.485462137424800932e+00 3.526166227624400573e+00 3.566847524127665814e+00 3.607453554035492171e+00 3.648077531972301113e+00 3.688701437897579538e+00 3.729374098441402996e+00 3.770118724466013926e+00 3.811002016366520806e+00 3.852000632828675108e+00 3.893187616882530122e+00 3.934589180570032596e+00 3.976224917219111088e+00 4.018178795100593170e+00 4.060480513134622882e+00 4.103209393614037914e+00 4.146452709706846207e+00 4.755046206644660600e+00 4.808022529019851277e+00 4.841525285036277104e+00 4.869617700717411957e+00 4.894795880213467676e+00 4.918123631930397366e+00 4.940135167587224707e+00
3.373629463030643816e+00 3.713560685770873171e+00 3.937863233936234053e+00 3.977030902227834286e+00 4.072897970454231853e+00 4.249538472256086941e+00 4.255348355170591290e+00 4.017267441068728573e+00 4.180773922936685594e+00 4.212736275803008468e+00 4.289332498161713580e+00 4.079262137533359756e+00 3.366649132035770542e+00 3.412755347230444158e+00 3.458627893142232512e+00 3.504369949326810563e+00 3.550024014868335964e+00 3.595629926704466683e+00 3.641235271890350234e+00 3.686828284233591546e+00 3.732529687435198529e+00 3.778302923719498274e+00 3.824224725351133003e+00 3.870343492985002243e+00 3.916686483235182870e+00 3.963345883928632407e+00 4.010316192688778258e+00 4.057687943164858702e+00 4.105539741624698813e+00 4.153945209462686528e+00 4.203070308408896061e+00 4.253013122603392482e+00 4.304090969045254234e+00 4.568232786068273654e+00 4.753271269191332138e+00 4.841007482814423390e+00 4.883450604928844641e+00 4.915569894557564545e+00 4.943255545714815291e+00 4.968453721916325172e+00 4.991896715605489199e+00
0.000000000000000000e+00 0.000000000000000000e+00 3.540314463225851416e+00 4.401226841982202487e+00 3.918926351685826148e+00 3.938150312979314727e+00 4.158205872772761325e+00 4.169714203687120424e+00 4.120140503774467611e+00 3.958003499708357076e+00 4.015841803528402032e+00 4.114250648517474573e+00 4.107262196480284899e+00 3.865535587526268468e+00 3.357705248298876732e+00 3.399307651217160497e+00 3.440745448034210341e+00 3.482063888908232929e+00 3.523316062176165886e+00 3.564524752882466174e+00 3.605727559546509919e+00 3.646973012399708391e+00 3.688272658971381901e+00 3.729668128604482380e+00 3.771160400022347314e+00 3.812798524793589383e+00 3.854652083232950943e+00 3.896743143099346440e+00 3.939102852048678827e+00 3.981781602771878426e+00 4.024886075258547358e+00 4.068432412304594514e+00 4.112558638812794598e+00 4.157352379913854534e+00 4.203070308408896061e+00 4.448155042154822603e+00 4.643104643104642548e+00 4.734621058771057101e+00 4.770068854906948985e+00 4.797280627210176007e+00 4.821142407040225564e+00
