5.001644376233281619e+00 5.417526727608127146e+00 5.805098925715222791e+00 6.224350205198358132e+00 6.638756791177227612e+00 7.024243870835748638e+00 7.389617587289857070e+00 7.767383742528113366e+00 8.185483045818241266e+00 8.560951276727696069e+00 8.892147080185447194e+00 9.194718445551716357e+00 9.474759916351404243e+00 9.734004799405143515e+00 9.965994410962592198e+00 1.012950814099731289e+01 1.019811538827624453e+01 1.021595583459623136e+01 1.021222491241833552e+01 1.019277943504821060e+01 1.014878113138611937e+01
4.859659962650042075e+00 5.259706549359272287e+00 5.630514642771311529e+00 6.041188688722662015e+00 6.478980822216765745e+00 6.855033019540237582e+00 7.203582763049697135e+00 7.551534117967208637e+00 7.974266097204951720e+00 8.442352241951061487e+00 8.810572687224670574e+00 9.136746641399613011e+00 9.437100705406304968e+00 9.717123731375513884e+00 9.976272648835202261e+00 1.019825405890511583e+01 1.032263287859774081e+01 1.036862481063793950e+01 1.039635244314282403e+01 1.042971792353797511e+01 1.046667882151949058e+01
4.796031626402838199e+00 5.184174624829467781e+00 5.567392947968932582e+00 5.972580426225057693e+00 6.434125506516262583e+00 6.815749834718065614e+00 7.173067162916596295e+00 7.536102002158990842e+00 7.975721363442806577e+00 8.404614404424624041e+00 8.756448547379854119e+00 9.070171994828648110e+00 9.358977836855382648e+00 9.628620056008733386e+00 9.881824211822992865e+00 1.011954556494049662e+01 1.033317697605014196e+01 1.044411053238011178e+01 1.047120418848167667e+01 1.047495472116346349e+01 1.047977066205105956e+01
4.697267986046351318e+00 5.086190305996205474e+00 5.430934326942247203e+00 5.793071486502143763e+00 6.191487045504026732e+00 6.576761656801523692e+00 6.912255021549970735e+00 7.232878207883837618e+00 7.558115782162846408e+00 7.951826881252718415e+00 8.378038728159669546e+00 8.719044014274899723e+00 9.020863289834231580e+00 9.298411125514974174e+00 9.557896449343147083e+00 9.801999607920015123e+00 1.003097402113282222e+01 1.023775846972452186e+01 1.036522163282726616e+01 1.040814809307858013e+01 1.042146008716130190e+01
4.811128828283939285e+00 5.199318615613006678e+00 5.566568007168652521e+00 5.951647990805730259e+00 6.352545799806007309e+00 6.738361012796080018e+00 7.099315325646958108e+00 7.455655792705657703e+00 7.823661473569630154e+00 8.184191658888302356e+00 8.505927146058917643e+00 8.796814053080931117e+00 9.065876446988301751e+00 9.317650871672988444e+00 9.554852306378709415e+00 9.778730923044758327e+00 9.989740266753065256e+00 1.018570358928005248e+01 1.032507102704088808e+01 1.037056116258735372e+01 1.037217815741305493e+01
4.785997538629835901e+00 5.179475646241813003e+00 5.526935280270206086e+00 5.884204332416492100e+00 6.246520280821824755e+00 6.609790667248146789e+00 6.961744531276660375e+00 7.301836276604376508e+00 7.642261027173987031e+00 7.984302050206374624e+00 8.303629293583925985e+00 8.592881547809838594e+00 8.860052069844472911e+00 9.109742025601748949e+00 9.344845099035040903e+00 9.567056984625335048e+00 9.777544015805906596e+00 9.976205401980411835e+00 1.016150010838933504e+01 1.030976462739971389e+01 1.037533096632059681e+01
4.046611477287535230e+00 5.043944502791442908e+00 5.375862377923124491e+00 5.695737803915648101e+00 6.034465024103573327e+00 6.368736280115991910e+00 6.703502071991549016e+00 7.016587758438637579e+00 7.320495353518920112e+00 7.629167943871121516e+00 7.956260965359663651e+00 8.274776852329145171e+00 8.561352965557539108e+00 8.823190058300925287e+00 9.066801191636725932e+00 9.295761268566076652e+00 9.511987803068121750e+00 9.716664754822907923e+00 9.910067819919911258e+00 1.008999735899397798e+01 1.023368032964649821e+01
4.691628892154630748e+00 5.077221799120405166e+00 5.425041717884097281e+00 5.791453177804425145e+00 6.213003611735065768e+00 6.594915795843164119e+00 6.930948724569534036e+00 7.254040568391364907e+00 7.585198027848512048e+00 8.013908885930835169e+00 8.444861808281368454e+00 8.786752281176072543e+00 9.090477385741518646e+00 9.370416644032809828e+00 9.632473646366113584e+00 9.879032258064516014e+00 1.011061007421187696e+01 1.031894301650356383e+01 1.044066335259804035e+01 1.048090446824623889e+01 1.049794104898136027e+01
4.827386452974359976e+00 5.219206680584550284e+00 5.602279171135964297e+00 6.000027272851239601e+00 6.424407280083654470e+00 6.814867314533384679e+00 7.184153809312031846e+00 7.555800608548264741e+00 7.946480116820048956e+00 8.315080717125010068e+00 8.639600418480645416e+00 8.934010152284264095e+00 9.206856400119146855e+00 9.462412438647488599e+00 9.703046352261010199e+00 9.930081345049922348e+00 1.014329088929612332e+01 1.033317697605014196e+01 1.042209484106305339e+01 1.044488470195016028e+01 1.044270324532267757e+01
4.075429992401740087e+00 5.065162632789398600e+00 5.399568034557234775e+00 5.741469816272966042e+00 6.092843988964421698e+00 6.450035984411281120e+00 6.794737167212304030e+00 7.122507122507122368e+00 7.447377507565858146e+00 7.782996521338945151e+00 8.120893027536595810e+00 8.428780205961320604e+00 8.707273610886117510e+00 8.964589870013444539e+00 9.205423077183409575e+00 9.432436802673421994e+00 9.647430275390281196e+00 9.851419009190159670e+00 1.004489867461269803e+01 1.022695717546342919e+01 1.038302577552437533e+01
4.010510302862674514e+00 4.937424995714041032e+00 5.270795684792727975e+00 5.575287024035681327e+00 5.900676519424203015e+00 6.224648238971769665e+00 6.551335858327362871e+00 6.862531934554547242e+00 7.161271841879116806e+00 7.459295978083232193e+00 7.771278988915701014e+00 8.098488508993403556e+00 8.401653228538517482e+00 8.674202379984278011e+00 8.924828602723424709e+00 9.158875968466327677e+00 9.379533722460271505e+00 9.588569344938653316e+00 9.787245531616177274e+00 9.976407145264575504e+00 1.015613362763551564e+01
5.037611899656217140e+00 5.458402139140889453e+00 5.880020238209191952e+00 6.355845327428547797e+00 6.805313588850173900e+00 7.203778585748749741e+00 7.602446358631830492e+00 8.085887069375552016e+00 8.545327536978886585e+00 8.928027920378225346e+00 9.271854844713349308e+00 9.589488288582387554e+00 9.884433371471899932e+00 1.015214684065190376e+01 1.035098638811463267e+01 1.044713748432929279e+01 1.050101981057775546e+01 1.055109163217271195e+01 1.060087372806395578e+01 1.063743839711307970e+01 1.063414502820067398e+01
4.334216229231880213e+00 5.077256634739413244e+00 5.427464343620323817e+00 5.757446983509026950e+00 6.110767851929304051e+00 6.455470841657492187e+00 6.796848980812495000e+00 7.117920211503914629e+00 7.434741386954416775e+00 7.768101721247801628e+00 8.137468975899528445e+00 8.479423937548368428e+00 8.780935912676968158e+00 9.056073313644256828e+00 9.312243575901534953e+00 9.553233871295580215e+00 9.781171581986454200e+00 9.997007698375995233e+00 1.020001486094880327e+01 1.038106601414251706e+01 1.049296632773256910e+01
4.783196423000935837e+00 5.172038327526132129e+00 5.566053942621541850e+00 5.993551764997658182e+00 6.454637487175654442e+00 6.837722564484463028e+00 7.201282643550096729e+00 7.579397573239313957e+00 8.040323234507175343e+00 8.448571853413898936e+00 8.790436005625879901e+00 9.097574885261927591e+00 9.381179598971444378e+00 9.646128731972531511e+00 9.895219118105540446e+00 1.012993327750614547e+01 1.034783608486578110e+01 1.046660814369640136e+01 1.048615151474149876e+01 1.047481314284941867e+01 1.046159245685436723e+01
4.914208985388879292e+00 5.332786380884011912e+00 5.719888870730511776e+00 6.151532756911930022e+00 6.580018451185760675e+00 6.960081883316274087e+00 7.318312722344569643e+00 7.684617843274598847e+00 8.186794227295179027e+00 8.645611001539998952e+00 9.018905796511784700e+00 9.355741917113549633e+00 9.668041376512741536e+00 9.958270106221547735e+00 1.022051955435827431e+01 1.041885135546549890e+01 1.053228550595479263e+01 1.061276912157366326e+01 1.069569396776399195e+01 1.078660832400528946e+01 1.087896643061787039e+01
4.440990340846008522e+00 4.807131035524697893e+00 5.129011742017548059e+00 5.453417588635076640e+00 5.788455776197870328e+00 6.197348079843636448e+00 6.527858998245638311e+00 6.830507779948360891e+00 7.123763518189342392e+00 7.421781908555474594e+00 7.768578145763057385e+00 8.214918563679196595e+00 8.555011417908939819e+00 8.844018722107325203e+00 9.105859008684541678e+00 9.348770094774851103e+00 9.577242840841167393e+00 9.793657762318057181e+00 9.999662173575215363e+00 1.019636442211598037e+01 1.038470616001887947e+01
4.968791902911166680e+00 5.376270909610593840e+00 5.798021770191265745e+00 6.300599573185189151e+00 6.744236743146764468e+00 7.136351896910299253e+00 7.527131889036390966e+00 8.010318376213426461e+00 8.476530183228677018e+00 8.855659510031907544e+00 9.194243722374702443e+00 9.505959764845476556e+00 9.795851728899803490e+00 1.006330361938953821e+01 1.027770077015139272e+01 1.036480032517020611e+01 1.037966663745981144e+01 1.038211579429927411e+01 1.038428601290618225e+01 1.037155768673854972e+01 1.030830593435023879e+01
4.960823088893872246e+00 5.368610149426316092e+00 5.753030614341483329e+00 6.172713891319536295e+00 6.597741803836212782e+00 6.981583531596748493e+00 7.344041126630309613e+00 7.717419513461092784e+00 8.142880408229737910e+00 8.527301006903702074e+00 8.862669219476224214e+00 9.167880062557300036e+00 9.450328398911860717e+00 9.712666936462971634e+00 9.951057045957636404e+00 1.013178115352708275e+01 1.021049855633016890e+01 1.022910485171184902e+01 1.022467193022846388e+01 1.020746158682088023e+01 1.016978832023383639e+01
4.884055279251019677e+00 5.287626267828570370e+00 5.696597827056780972e+00 6.156329733020499795e+00 6.613982094518576105e+00 7.007946875680383769e+00 7.391935330738244048e+00 7.822809953335236877e+00 8.306545287555040957e+00 8.698252194949576577e+00 9.040981283819341741e+00 9.354156499105254596e+00 9.645347974476925046e+00 9.918426006517822913e+00 1.017465365748476991e+01 1.040765570934255990e+01 1.053811962116810896e+01 1.058129738837405398e+01 1.060882492060274274e+01 1.064417467225373493e+01 1.068426640339191458e+01
4.843385664962256421e+00 5.232682231601269329e+00 5.630630630630629518e+00 6.051562059456597531e+00 6.497637837911009129e+00 6.882500051107673045e+00 7.248487640312430536e+00 7.626310772163965801e+00 8.041409882149419985e+00 8.412540112212429477e+00 8.735102925243770855e+00 9.028272748871467357e+00 9.300256767958593684e+00 9.554787558446838247e+00 9.793525466543290037e+00 1.001597141387617995e+01 1.019753503292250407e+01 1.025502631223856298e+01 1.023381904439173162e+01 1.017542431519394341e+01 1.009191089316797907e+01
5.078511035467222712e+00 5.507656322245492397e+00 5.937634364570749668e+00 6.430340260770819327e+00 6.875940335899897171e+00 7.276782981848847420e+00 7.684461067664059009e+00 8.220723015986250104e+00 8.689866800635446253e+00 9.082036545030632624e+00 9.437292922709248799e+00 9.766085416203619474e+00 1.006831588834305258e+01 1.032496467775241911e+01 1.048296011740915290e+01 1.057566653643552712e+01 1.065931603853648291e+01 1.074905354245538014e+01 1.083780981999811566e+01 1.090879706943920624e+01 1.093198550499699628e+01
4.637705235761552025e+00 5.007511266900349867e+00 4.678233829134389232e+00 5.719382579033016611e+00 6.115792334873606073e+00 6.498125803715559812e+00 6.841427894059473047e+00 7.171708287382529079e+00 7.508421608019804516e+00 7.879685356012337216e+00 8.243521740599344838e+00 8.557457212713936556e+00 8.838332726119633165e+00 9.097080787508485145e+00 9.339026981667084115e+00 9.567040527612105549e+00 9.782755363648629299e+00 9.987246016910837909e+00 1.018117090207871023e+01 1.036227319828514482e+01 1.044917990791238793e+01
4.601837987829167531e+00 4.219175808214250978e+00 4.509274758309705255e+00 5.630089394834049799e+00 5.963764986530116552e+00 6.308720279483092774e+00 6.643471590597775922e+00 6.954577066259391316e+00 7.256155864940560640e+00 7.560998869256025046e+00 7.882416096437283137e+00 8.198054147808882419e+00 8.481073636073737987e+00 8.738653299010975317e+00 8.977811978966267148e+00 9.202495500250359228e+00 9.414856508104225696e+00 9.616231114602451058e+00 9.807237064592490228e+00 9.987785208629984979e+00 1.015482726638819777e+01
4.823295137429458812e+00 5.211547692518686326e+00 5.600289575948805165e+00 6.001213881898837421e+00 6.437012142237639623e+00 6.824634199606901319e+00 7.190943520275035361e+00 7.561513937709475108e+00 7.958479862325100740e+00 8.330203816872076672e+00 8.654730351057500215e+00 8.948667190932017235e+00 9.221026652835128345e+00 9.475914256512998790e+00 9.715812484819041472e+00 9.941500693199877503e+00 1.015194071266623865e+01 1.031136271734735033e+01 1.036093993363580879e+01 1.035568039527564288e+01 1.032744061721645146e+01
4.813444638510308238e+00 5.209904302284130928e+00 5.612709364326439854e+00 6.079899442562028078e+00 6.540088699952992357e+00 6.926430443698985862e+00 7.299967252483352986e+00 7.710882490209208129e+00 8.237344443536747107e+00 8.645260641100108501e+00 8.993170599770099471e+00 9.308663127575902863e+00 9.601372792024733371e+00 9.875741526140275894e+00 1.013433089610610516e+01 1.037770814380538376e+01 1.056380947221582645e+01 1.061205177599783589e+01 1.062131298370947619e+01 1.064417467225373493e+01 1.068477217090225473e+01
5.031325168342625886e+00 5.454012448783413625e+00 5.865662683472471883e+00 6.332729888420052689e+00 6.778006723782669773e+00 7.170074159052730600e+00 7.556057780016610437e+00 8.022899258221771746e+00 8.519269776876267741e+00 8.915846566385909000e+00 9.269345530078011208e+00 9.595631960211914446e+00 9.898190045248869140e+00 1.017033629462992650e+01 1.036722878588979668e+01 1.046689086071606845e+01 1.053484602917341917e+01 1.060660311712527282e+01 1.068339948476263146e+01 1.075312449277714677e+01 1.079415079224993690e+01
4.514827102643909740e+00 4.890918734974201598e+00 5.215636070526237233e+00 5.546161650321272063e+00 5.899017059134215479e+00 6.307288345913631744e+00 6.634928452214833960e+00 6.937690021289185438e+00 7.232680799961789475e+00 7.535488075599275248e+00 7.934032251502041611e+00 8.385143979057591679e+00 8.716733404156792986e+00 9.006934662476975717e+00 9.273737722451244281e+00 9.523616542724564482e+00 9.759446471118769395e+00 9.983428866371465205e+00 1.019636442211598037e+01 1.039816884195458435e+01 1.054139524826337215e+01
5.022669888415279615e+00 5.432088706008569190e+00 5.848311130152124449e+00 6.320811782536887691e+00 6.765396350745207954e+00 7.154489271672992423e+00 7.537586071084188433e+00 7.987220447284344438e+00 8.441782093967164613e+00 8.817026356126476117e+00 9.152294175073217630e+00 9.460287211597359303e+00 9.745005684586649508e+00 9.999527049396313316e+00 1.017088432808174403e+01 1.022799626102388260e+01 1.023300278041457112e+01 1.022432577004069465e+01 1.020394372288521545e+01 1.015228426395938932e+01 1.003427817174104675e+01
4.128052178579537212e+00 5.184351444455813862e+00 5.539976745776622025e+00 5.869476649840833282e+00 6.195530957003015260e+00 6.528222536798559794e+00 6.857360120037748530e+00 7.180890701423983558e+00 7.498858128421354685e+00 7.822809953335236877e+00 8.145091225021719339e+00 8.445318253373061523e+00 8.720458601481800187e+00 8.975933699569424107e+00 9.215777953961767466e+00 9.441979038806534774e+00 9.655833676576838442e+00 9.857709068412500386e+00 1.004584681769147636e+01 1.020477123741298975e+01 1.028883187913330133e+01
4.755570565085841750e+00 5.174045354592305301e+00 5.537249969237499236e+00 5.908078448416362427e+00 6.296410361701398450e+00 6.679616944416045143e+00 7.033357233090921312e+00 7.377925787542812586e+00 7.740673846028490956e+00 8.158714186644184352e+00 8.539709649871904062e+00 8.869810145437803328e+00 9.169326903484343205e+00 9.447331128956069080e+00 9.708408296276179072e+00 9.954695975458626833e+00 1.018694047723454688e+01 1.040231282591661888e+01 1.056989935032147265e+01 1.066467411608871174e+01 1.072990519653383146e+01
5.048758558683172026e+00 5.572908783179447489e+00 5.979926474085852206e+00 6.395689033434483584e+00 6.796017533725236426e+00 7.186415621214299776e+00 7.566136136406625745e+00 7.967266687372557499e+00 8.374247837215426316e+00 8.731082654249126662e+00 9.053346675107379227e+00 9.350480397869715077e+00 9.625813449023860713e+00 9.875941934872896510e+00 1.007444269400063597e+01 1.017616217163344317e+01 1.021664704529154477e+01 1.023231391662010381e+01 1.023245168195924393e+01 1.021049855633016890e+01 1.015008593739426956e+01
4.760097961436306591e+00 5.163013547747548948e+00 5.506911173522770042e+00 5.851852859922973771e+00 6.213215714656361577e+00 6.568255687973997503e+00 6.900132537199228366e+00 7.212110903214832724e+00 7.521038580895206493e+00 7.854874423580873177e+00 8.228773504709442577e+00 8.554842652001221737e+00 8.844359526590464426e+00 9.110479751115191149e+00 9.358470093584699612e+00 9.590253061114225375e+00 9.804186725807323199e+00 9.982665236717320312e+00 1.007165066919021079e+01 1.008624074299716966e+01 1.006906432037194676e+01
4.655971625961150551e+00 5.055266357885532358e+00 5.395548331136411413e+00 5.740645822655047859e+00 6.106053225574071597e+00 6.480969825968903919e+00 6.819049697234193630e+00 7.137128019684878311e+00 7.453331978182063722e+00 7.796504454176892196e+00 8.197887519563140657e+00 8.545628271899012418e+00 8.848242509388592580e+00 9.124334261537212498e+00 9.381496179908749511e+00 9.623334553192641749e+00 9.851950821220830434e+00 1.006741083879218301e+01 1.026561427124336134e+01 1.040016857789590254e+01 1.045340814826304765e+01
4.984330085552953093e+00 5.394899744779742434e+00 5.822715440471297299e+00 6.322328816075208024e+00 6.766174540238440116e+00 7.162936533679316042e+00 7.561640876070105932e+00 8.039073952724841376e+00 8.478024959305479058e+00 8.845852578127109567e+00 9.176602362975108562e+00 9.481561748670888079e+00 9.765098863207800406e+00 1.002682854123194289e+01 1.023658636783017961e+01 1.031643819914097016e+01 1.031963901498033742e+01 1.030254466119442114e+01 1.027638055059765243e+01 1.022391040875329082e+01 1.010441226002020798e+01
4.855008634979643745e+00 5.250739876982665422e+00 5.645298418636286009e+00 6.085636530229885821e+00 6.551827686931832595e+00 6.934624170564559265e+00 7.300515129805886794e+00 7.688905521722860570e+00 8.200999030791022548e+00 8.617998724264756660e+00 8.970438328236491898e+00 9.289395172226742048e+00 9.585397794008452266e+00 9.862402481244430419e+00 1.012159408359087109e+01 1.035308765614215609e+01 1.047615829137237675e+01 1.051042958012181217e+01 1.053032052936940310e+01 1.056109185441940923e+01 1.059912217526599676e+01
4.242091281459278385e+00 4.944138106257767618e+00 5.279795306397351062e+00 5.599295308200234800e+00 5.942501178254544492e+00 6.294730216073456397e+00 6.632886810128486132e+00 6.941845033518222685e+00 7.240981221266626022e+00 7.544932769259788508e+00 7.890351324694758972e+00 8.281404852088678936e+00 8.609527425073382645e+00 8.897340985499370802e+00 9.161051281529283941e+00 9.407146724417975392e+00 9.639339365840083218e+00 9.859468804235520523e+00 1.006851999513467355e+01 1.026631635113503549e+01 1.044481431815578176e+01
4.828289697381842771e+00 5.229513724033055588e+00 5.618747430450869551e+00 6.027562398969834589e+00 6.465724780234141100e+00 6.862765082794842542e+00 7.241521667038893995e+00 7.630571339029009081e+00 8.049133534448937866e+00 8.433239105941721547e+00 8.768853034023148751e+00 9.073304172365695308e+00 9.355424790519835554e+00 9.619553435941902819e+00 9.868198715782359187e+00 1.010298307413568963e+01 1.032409562946618209e+01 1.051971434929497562e+01 1.061772145050248106e+01 1.066358758405216101e+01 1.069764922543602914e+01
4.787278328199150224e+00 5.178205206821604456e+00 5.543616628112295608e+00 5.930349072616101225e+00 6.352979752438724148e+00 6.736756149841787611e+00 7.088524768941355525e+00 7.435647847717933523e+00 7.814411133157564748e+00 8.230228745944401680e+00 8.585025552280777461e+00 8.897884884463341137e+00 9.184410813293082398e+00 9.451349180095457214e+00 9.701673538685422926e+00 9.937132427499491882e+00 1.015606486340092651e+01 1.032820748221253027e+01 1.039939098991326993e+01 1.041786460834917349e+01 1.042230644288034647e+01
4.854806605311158485e+00 5.254573867707573065e+00 5.624065513504615588e+00 6.024343825732162649e+00 6.447628290835544007e+00 6.830227856401290154e+00 7.183908045977010381e+00 7.536920726531998405e+00 7.937315559173704571e+00 8.355467396694495008e+00 8.707038526958072566e+00 9.020740921607725227e+00 9.309605083853906393e+00 9.578867130319814294e+00 9.830908375933933740e+00 1.006350890076564397e+01 1.024818128493314973e+01 1.033240432329549208e+01 1.035918616066894593e+01 1.037023070396358193e+01 1.037840752097583952e+01
4.672929308200304277e+00 5.068527866629223055e+00 5.411584850268211788e+00 5.765627252198145314e+00 6.146155579684906556e+00 6.531545322801216358e+00 6.867991758409889513e+00 7.187122845558222117e+00 7.507507507507506617e+00 7.873107230363045161e+00 8.304969366916269635e+00 8.654320737239947547e+00 8.959721977111984259e+00 9.239381504932199007e+00 9.500413946607674021e+00 9.746261132582757725e+00 9.978021385326915293e+00 1.019429929382535960e+01 1.036925314444234836e+01 1.044910946621904024e+01 1.047842458576421443e+01
5.006790030315085183e+00 5.422435153853016665e+00 5.837038042556079276e+00 6.284711074070784775e+00 6.734098345044315259e+00 7.134412328264502001e+00 7.528384042538760035e+00 7.962266951868770093e+00 8.388403543589010525e+00 8.754784591579118924e+00 9.084253057461289416e+00 9.388010558110423176e+00 9.670656657875159823e+00 9.933573451004507504e+00 1.017047329745603257e+01 1.033057851239669311e+01 1.039790682659961263e+01 1.042449349822986626e+01 1.043665623001043663e+01 1.043574275557470621e+01 1.040786672523907619e+01
3.969774001462548441e+00 4.862547426959059393e+00 5.278419490392590951e+00 5.587201221007876306e+00 5.915067785317033255e+00 6.241562018738254558e+00 6.573374445159759993e+00 6.884423480655451399e+00 7.184005421890883980e+00 7.483553191055112741e+00 7.796980195670303537e+00 8.118640398354621368e+00 8.412882565657797684e+00 8.678848696477608371e+00 8.924345886011762374e+00 9.154218060255098877e+00 9.371186634934971948e+00 9.576929043048968637e+00 9.772535804549283611e+00 9.958607420856168346e+00 1.013513513513513331e+01
4.986270679362303504e+00 5.409736155526490897e+00 5.811012209962125752e+00 6.257354091425383125e+00 6.697969421719190741e+00 7.091376477085990615e+00 7.473384559987498399e+00 7.898947941847400678e+00 8.388807706878822046e+00 8.788890841975742774e+00 9.140953503016513437e+00 9.464255534899441713e+00 9.765691227832219212e+00 1.004611774859084505e+01 1.029665123290621231e+01 1.046632544194902970e+01 1.055537512179279069e+01 1.062397228293600548e+01 1.069712993985387151e+01 1.077404801185145189e+01 1.084430673896204489e+01
4.112603072114493941e+00 5.099333641130948891e+00 5.438786118014774296e+00 5.796310818643663154e+00 6.160585940173865183e+00 6.535725227218572186e+00 6.880812072078207997e+00 7.210737195839540981e+00 7.542298022694843063e+00 7.893626577024100754e+00 8.238789843327930740e+00 8.545617319117766897e+00 8.823788934968675335e+00 9.081605682103136346e+00 9.323190422786417741e+00 9.551033679247836972e+00 9.766480093219367831e+00 9.969955404658932707e+00 1.015991709507650320e+01 1.030754202176036571e+01 1.036550252362724756e+01
4.875770852504498265e+00 5.295262459339948435e+00 5.664523702278093431e+00 6.040778649580538229e+00 6.421379093629171919e+00 6.787576020851433078e+00 7.129374380423416646e+00 7.461471673540263971e+00 7.812340781098210840e+00 8.228046077058031926e+00 8.593041666102818610e+00 8.911753387478988486e+00 9.202682311226595857e+00 9.472836640932126073e+00 9.724054454704944561e+00 9.950854961211973659e+00 1.012063800501983657e+01 1.020284057892674134e+01 1.023651742901783201e+01 1.025516468984873519e+01 1.026916009080099457e+01
4.881167630296238791e+00 5.280374152225642881e+00 5.639927972004211476e+00 6.021169885939883670e+00 6.405320504521201386e+00 6.783570192992570469e+00 7.130858102780348595e+00 7.469578444154715946e+00 7.824885858730191046e+00 8.197443210687840320e+00 8.530921204078593334e+00 8.830289916617797275e+00 9.106178035898576439e+00 9.363168822004801939e+00 9.603159574755864014e+00 9.824846698512722298e+00 1.001197377945245215e+01 1.010529719679055738e+01 1.011995520233163681e+01 1.009697158617324675e+01 1.005438816686235448e+01
4.941321803582458649e+00 5.361451166115627665e+00 5.737940079511455238e+00 6.130489888135779886e+00 6.519878838918243602e+00 6.897352372757506345e+00 7.250010163565649535e+00 7.600692205897321863e+00 7.989870469303323119e+00 8.388689591204833818e+00 8.732205592673070171e+00 9.041347295692540698e+00 9.326580072434168756e+00 9.592162998741454061e+00 9.837678307919329512e+00 1.005072581080351846e+01 1.018233802664940413e+01 1.023644849113402344e+01 1.025836124377534730e+01 1.026985392484088422e+01 1.027242192621427641e+01
4.940135167587224707e+00 5.339028296849972932e+00 5.723357430485054742e+00 6.145022531749282813e+00 6.582563671034684205e+00 6.960081883316274087e+00 7.315536709769628665e+00 7.680073946198701762e+00 8.123643215051268740e+00 8.523347152520182490e+00 8.864528352957098178e+00 9.173383697008532067e+00 9.458677826545542899e+00 9.722569188908169124e+00 9.956314131870362516e+00 1.010420806585249132e+01 1.014377104832492371e+01 1.013362878491034991e+01 1.010979234486523559e+01 1.007546455329853075e+01 1.001502253380069973e+01
4.991896715605489199e+00 5.412145127699220737e+00 5.821319727425263935e+00 6.303888075483976117e+00 6.753207773692503579e+00 7.143002918426907044e+00 7.525474748981349826e+00 7.996638701020587270e+00 8.552113593788179813e+00 8.967823718208054018e+00 9.336310127866854103e+00 9.676022410479875546e+00 9.991164276490177798e+00 1.027735331106573291e+01 1.049748665944403569e+01 1.062306280381623402e+01 1.071564212468124389e+01 1.081526845524168756e+01 1.092549754850718635e+01 1.103820029931806879e+01 1.114014299892649618e+01
4.821142407040225564e+00 5.222321695016412413e+00 5.592078343653672512e+00 6.006006006006005649e+00 6.458542952709867890e+00 6.833728550634512011e+00 7.182009743141518854e+00 7.529047880674766269e+00 7.961729260375765449e+00 8.496465470364327643e+00 8.883863673073815193e+00 9.225843214935011360e+00 9.541597303991229850e+00 9.836443684663965570e+00 1.011122345803842215e+01 1.035547012480710372e+01 1.050313399966118766e+01 1.056373793803961370e+01 1.061822411892410933e+01 1.069294333416801379e+01 1.078443267143877726e+01
