5.001644376233281619e+00 5.417526727608127146e+00 5.805138572072502612e+00 6.224350205198358132e+00 6.638788318470203897e+00 7.024243870835748638e+00 7.389580014236805106e+00 7.767360732584759120e+00 8.185465049417206984e+00 8.561003947574041817e+00 8.892147080185447194e+00 9.194656282113690793e+00 9.474824038982132990e+00 9.734070599050928863e+00 9.965966563165244096e+00 1.012952283194446146e+01 1.019815487687922761e+01 1.021601494764292362e+01 1.021215584696644640e+01 1.019271659522764750e+01 1.014880432298737745e+01
4.859685147159479079e+00 5.259706549359272287e+00 5.630554236483277464e+00 6.041176107148495511e+00 6.478980822216765745e+00 6.855090247263104786e+00 7.203582763049697135e+00 7.551534117967208637e+00 7.974319986484202261e+00 8.442352241951061487e+00 8.810572687224670574e+00 9.136746641399613011e+00 9.437141894169192469e+00 9.717116394745961117e+00 9.976247030878859334e+00 1.019829263021396137e+01 1.032263287859774081e+01 1.036866359447004449e+01 1.039634372742676938e+01 1.042964728829170440e+01 1.046667882151949058e+01
4.795998766743173825e+00 5.184176510841840724e+00 5.567399481281317009e+00 5.972567380171075690e+00 6.434091201549599681e+00 6.815796289480498871e+00 7.173062077728665997e+00 7.536102002158990842e+00 7.975677591754375406e+00 8.404671370571449529e+00 8.756390481129978198e+00 9.070171994828648110e+00 9.358945872974191005e+00 9.628554767490744126e+00 9.881824211822992865e+00 1.011947729526610651e+01 1.033315998838363647e+01 1.044407671649079106e+01 1.047120418848167667e+01 1.047495472116346349e+01 1.047969980730874440e+01
4.697300433809510345e+00 5.086190305996205474e+00 5.430945527616358071e+00 5.793110968744461964e+00 6.191487045504026732e+00 6.576761656801523692e+00 6.912316241890005486e+00 7.232906344002434373e+00 7.558115782162846408e+00 7.951772837559554219e+00 8.377982122467180659e+00 8.719049078709852907e+00 9.020863289834231580e+00 9.298376826827837505e+00 9.557896449343147083e+00 9.801999607920015123e+00 1.003090603480995391e+01 1.023777399605405058e+01 1.036522163282726616e+01 1.040814809307858013e+01 1.042149921670667290e+01
4.811128828283939285e+00 5.199389755833919935e+00 5.566589467462940810e+00 5.951688706157604258e+00 6.352553185737841446e+00 6.738361012796080018e+00 7.099295479439087231e+00 7.455655792705657703e+00 7.823670650443790286e+00 8.184191658888302356e+00 8.505947358392988988e+00 8.796800671263557803e+00 9.065815111495993506e+00 9.317713784139629141e+00 9.554890152407224946e+00 9.778755653343111476e+00 9.989740266753065256e+00 1.018577229739756795e+01 1.032507102704088808e+01 1.037056116258735372e+01 1.037217815741305493e+01
4.785964816321507165e+00 5.175807187561717981e+00 5.526935280270206086e+00 5.884183045436714998e+00 6.246524941481729876e+00 6.609745627005921165e+00 6.961717313723369216e+00 7.301810439541690734e+00 7.642286408330091874e+00 7.984302050206374624e+00 8.303612752171190436e+00 8.592925383636904613e+00 8.860031787900307876e+00 9.109758999286176717e+00 9.344908379267847565e+00 9.567105441715293423e+00 9.777494109738789518e+00 9.976179326913287682e+00 1.016150010838933504e+01 1.030983775571110783e+01 1.037527294427190050e+01
4.046633968003683357e+00 5.043929903006591609e+00 5.375868474954577536e+00 5.695726171183693509e+00 6.034471068440393715e+00 6.368772470467385816e+00 6.703467334277291023e+00 7.016587758438637579e+00 7.320495353518920112e+00 7.629155526749305416e+00 7.956307733800821680e+00 8.274776852329145171e+00 8.561352965557539108e+00 8.823153031190857476e+00 9.066796578975859333e+00 9.295761268566076652e+00 9.511968094141305841e+00 9.716664754822907923e+00 9.910062786356693465e+00 1.009000282520078962e+01 1.023361097368403172e+01
4.691611534564937180e+00 5.077221799120405166e+00 5.425041717884097281e+00 5.791465861377127489e+00 6.213003611735065768e+00 6.594915795843164119e+00 6.930948724569534036e+00 7.254013659444587425e+00 7.585179515915210224e+00 8.013963312347614831e+00 8.444861808281368454e+00 8.786747677301582016e+00 9.090477385741518646e+00 9.370428545426353395e+00 9.632418814875686408e+00 9.879082733934648530e+00 1.011067456520706287e+01 1.031901261212652621e+01 1.044067796610169374e+01 1.048083359817160165e+01 1.049794104898136027e+01
4.827386452974359976e+00 5.219170838569672455e+00 5.602279171135964297e+00 6.000027272851239601e+00 6.424363372927458293e+00 6.814867314533384679e+00 7.184151490711434995e+00 7.555774433148261693e+00 7.946480116820048956e+00 8.315101451053360293e+00 8.639632101335401160e+00 8.934010152284264095e+00 9.206856400119146855e+00 9.462400475823567803e+00 9.703072413418736275e+00 9.930084101732697732e+00 1.014335948065999382e+01 1.033322977591074121e+01 1.042212987991016782e+01 1.044485590846507961e+01 1.044280192581541833e+01
4.075429992401740087e+00 5.065127962928738903e+00 5.399568034557234775e+00 5.741469816272966042e+00 6.092813864536437585e+00 6.450063471369264612e+00 6.794770744435082221e+00 7.122507122507122368e+00 7.447389997267012340e+00 7.783004376233162880e+00 8.120893027536595810e+00 8.428780205961320604e+00 8.707305293089255827e+00 8.964528988706049972e+00 9.205423077183409575e+00 9.432425829917754356e+00 9.647460068347498918e+00 9.851485482554100059e+00 1.004486252791182110e+01 1.022688791059938929e+01 1.038301799723119423e+01
4.010565766363799689e+00 4.937424995714041032e+00 5.270795684792727975e+00 5.575272984402833920e+00 5.900665350886117544e+00 6.224605660971037402e+00 6.551335858327362871e+00 6.862531934554547242e+00 7.161242813422600939e+00 7.459245395611250551e+00 7.771267933045457710e+00 8.098532141049432198e+00 8.401596303297624857e+00 8.674202379984278011e+00 8.924860847112364937e+00 9.158927597330441372e+00 9.379460341194860717e+00 9.588569344938653316e+00 9.787245531616177274e+00 9.976382441566901349e+00 1.015610812555908993e+01
5.037644314707850235e+00 5.458366310963128853e+00 5.880020238209191952e+00 6.355860576760537839e+00 6.805313588850173900e+00 7.203729629075882990e+00 7.602394754347620243e+00 8.085887069375552016e+00 8.545327536978886585e+00 8.928027920378225346e+00 9.271917594986396338e+00 9.589475887870662518e+00 9.884366452731063291e+00 1.015214684065190376e+01 1.035106232818244543e+01 1.044713748432929279e+01 1.050107043169561827e+01 1.055107526881720226e+01 1.060087372806395578e+01 1.063743292319366773e+01 1.063419061617345207e+01
4.334216229231880213e+00 5.077256634739413244e+00 5.427464343620323817e+00 5.757486445917324502e+00 6.110726361673523677e+00 6.455467575010471748e+00 6.796848980812495000e+00 7.117924851139552089e+00 7.434743231004230957e+00 7.768065819159427399e+00 8.137413794272616130e+00 8.479462741240714863e+00 8.780876601665664083e+00 9.056059048228620512e+00 9.312243575901534953e+00 9.553233871295580215e+00 9.781146839466925869e+00 9.996960383667126138e+00 1.020001486094880327e+01 1.038111586818018317e+01 1.049296632773256910e+01
4.783152370735307635e+00 5.172021432856817924e+00 5.566039016575936138e+00 5.993529712242465557e+00 6.454637487175654442e+00 6.837747099085792257e+00 7.201282643550096729e+00 7.579430381907695136e+00 8.040337966748431597e+00 8.448593036724126648e+00 8.790436005625879901e+00 9.097648089493899803e+00 9.381181892959354229e+00 9.646149352281449652e+00 9.895219118105540446e+00 1.013000168833361592e+01 1.034783608486578110e+01 1.046660814369640136e+01 1.048612604861260600e+01 1.047481314284941867e+01 1.046159245685436723e+01
4.914239692040978547e+00 5.332786380884011912e+00 5.719877608402017088e+00 6.151574803149605586e+00 6.580029610133245832e+00 6.960070817031225765e+00 7.318290939682235319e+00 7.684617843274598847e+00 8.186767454870444993e+00 8.645631233193775245e+00 9.018905796511784700e+00 9.355678490074843978e+00 9.668041376512741536e+00 9.958282869062038856e+00 1.022054868208714318e+01 1.041883725776203384e+01 1.053221439807719406e+01 1.061278773752829352e+01 1.069576637196896840e+01 1.078654109335077216e+01 1.087898140500030131e+01
4.440982755322346875e+00 4.807131035524697893e+00 5.129022643941862469e+00 5.453454763592735510e+00 5.788472670139750420e+00 6.197365431095624544e+00 6.527818815235242766e+00 6.830507779948360891e+00 7.123715187082328981e+00 7.421781908555474594e+00 7.768538096235298340e+00 8.214918563679196595e+00 8.555016906342933325e+00 8.844060976762397885e+00 9.105809506465124770e+00 9.348770094774851103e+00 9.577252003129466118e+00 9.793657762318057181e+00 9.999659875514437246e+00 1.019645163483107808e+01 1.038470616001887947e+01
4.968806934246120299e+00 5.376269971464412656e+00 5.798050490787919564e+00 6.300593077565779687e+00 6.744190799288794835e+00 7.136351896910299253e+00 7.527158802707064389e+00 8.010318376213426461e+00 8.476587664869628114e+00 8.855659510031907544e+00 9.194283319136276944e+00 9.505961595915152884e+00 9.795841158746672050e+00 1.006328387240566435e+01 1.027777026478781686e+01 1.036473011055712234e+01 1.037970733295794368e+01 1.038211579429927411e+01 1.038428601290618225e+01 1.037147505422993454e+01 1.030836944653550624e+01
4.960830112238781453e+00 5.368610149426316092e+00 5.753038958226167843e+00 6.172712495627662221e+00 6.597741803836212782e+00 6.981567293410633646e+00 7.344041126630309613e+00 7.717407492654924539e+00 8.142825153186898035e+00 8.527341635083917737e+00 8.862669219476224214e+00 9.167832452768685414e+00 9.450328398911860717e+00 9.712628454605347628e+00 9.951051584099833036e+00 1.013178069422961336e+01 1.021049855633016890e+01 1.022910485171184902e+01 1.022467193022846388e+01 1.020739258578265662e+01 1.016983626563612475e+01
4.884055279251019677e+00 5.287669561326798551e+00 5.696653216235461059e+00 6.156344078747081561e+00 6.613936997136232954e+00 7.007946875680383769e+00 7.391935330738244048e+00 7.822773712782817412e+00 8.306609201271863085e+00 8.698290684737532530e+00 9.041038155900126938e+00 9.354159236054563564e+00 9.645363093580400005e+00 9.918426006517822913e+00 1.017466508394098490e+01 1.040772604702399740e+01 1.053811962116810896e+01 1.058129281693006796e+01 1.060889660718026484e+01 1.064413996027091613e+01 1.068419142845623249e+01
4.843407849049396141e+00 5.232684571055778555e+00 5.630591967479896987e+00 6.051540082953695610e+00 6.497636912049354230e+00 6.882500051107673045e+00 7.248457993134478805e+00 7.626272170180601329e+00 8.041379028356082870e+00 8.412483039348710889e+00 8.735043776789158443e+00 9.028272748871467357e+00 9.300241670513482717e+00 9.554761568326638255e+00 9.793459319996216550e+00 1.001590363076506485e+01 1.019753503292250407e+01 1.025502631223856298e+01 1.023382953941034224e+01 1.017549334183552290e+01 1.009190360213679050e+01
5.078511035467222712e+00 5.507656322245492397e+00 5.937634364570749668e+00 6.430296272480384268e+00 6.875940335899897171e+00 7.276782981848847420e+00 7.684461067664059009e+00 8.220723015986250104e+00 8.689911618883378708e+00 9.082036545030632624e+00 9.437292922709248799e+00 9.766088613690156350e+00 1.006831588834305258e+01 1.032493167324627947e+01 1.048303101624531664e+01 1.057562589401324615e+01 1.065932657343129009e+01 1.074905354245538014e+01 1.083775875149019008e+01 1.090879706943920624e+01 1.093198550499699628e+01
4.637681159420290022e+00 5.007476917589276155e+00 4.678266014461345712e+00 5.719343637230203115e+00 6.115787665349595059e+00 6.498125803715559812e+00 6.841395918423194722e+00 7.171690264942728099e+00 7.508429919045473966e+00 7.879631830995482034e+00 8.243517597525581664e+00 8.557490162255403376e+00 8.838306580459182271e+00 9.097096341619552717e+00 9.339090183127375155e+00 9.567040527612105549e+00 9.782741613337137210e+00 9.987313412691984027e+00 1.018115671515159626e+01 1.036227593260483282e+01 1.044917899307911568e+01
4.601836551132679531e+00 4.219175808214250978e+00 4.509274758309705255e+00 5.630095915127999007e+00 5.963724105784126372e+00 6.308715627785777436e+00 6.643437233076182835e+00 6.954529648796252239e+00 7.256155864940560640e+00 7.561028299848779000e+00 7.882362534315456415e+00 8.197998604307674242e+00 8.481073636073737987e+00 8.738653299010975317e+00 8.977881764017737964e+00 9.202495500250359228e+00 9.414856508104225696e+00 9.616165993986511396e+00 9.807237064592490228e+00 9.987785208629984979e+00 1.015481042112200605e+01
4.823261903121339955e+00 5.211547692518686326e+00 5.600289575948805165e+00 6.001254807823453774e+00 6.437033486269943872e+00 6.824587624292802523e+00 7.190925865624659963e+00 7.561565448414454771e+00 7.958507847223626364e+00 8.330172834155060713e+00 8.654671832423915134e+00 8.948667190932017235e+00 9.220994252022560289e+00 9.475978394769260404e+00 9.715746931780612883e+00 9.941500693199877503e+00 1.015194298776388315e+01 1.031137643307781104e+01 1.036095132371244887e+01 1.035565627290516311e+01 1.032737090786365108e+01
4.813494054317907000e+00 5.209904302284130928e+00 5.612709364326439854e+00 6.079899442562028078e+00 6.540044145297980727e+00 6.926430443698985862e+00 7.299960796506833383e+00 7.710836796386141501e+00 8.237343524232644043e+00 8.645202250454211423e+00 8.993109790318543517e+00 9.308663127575902863e+00 9.601406403191452554e+00 9.875808328147407167e+00 1.013445037497466217e+01 1.037773602566624298e+01 1.056385412461310658e+01 1.061205177599783589e+01 1.062134891131173475e+01 1.064421212491016711e+01 1.068476580874941106e+01
5.031290491550188371e+00 5.453975266222167662e+00 5.865662683472471883e+00 6.332690985107962689e+00 6.777990017869246486e+00 7.170058916238829738e+00 7.556029306599381101e+00 8.022844710361708209e+00 8.519280836388915645e+00 8.915870930857762389e+00 9.269345530078011208e+00 9.595631960211914446e+00 9.898170872259358433e+00 1.017038789859445203e+01 1.036718818818140520e+01 1.046689086071606845e+01 1.053484602917341917e+01 1.060660311712527282e+01 1.068347172260838995e+01 1.075312449277714677e+01 1.079418193593653008e+01
4.514798119065645210e+00 4.890918734974201598e+00 5.215624914216695274e+00 5.546159797873286834e+00 5.898984967758996056e+00 6.307308339211110670e+00 6.634891404430482531e+00 6.937690021289185438e+00 7.232710779442877325e+00 7.535539232325426440e+00 7.933956650502369534e+00 8.385177170678929315e+00 8.716746288625659034e+00 9.006934662476975717e+00 9.273737722451244281e+00 9.523552217434177791e+00 9.759469735477704688e+00 9.983338617307600416e+00 1.019643327413549727e+01 1.039818949171202966e+01 1.054139524826337215e+01
5.022705380487133553e+00 5.432091974256009870e+00 5.848315341163195846e+00 6.320854742680042548e+00 6.765391265128166687e+00 7.154475934637786416e+00 7.537586071084188433e+00 7.987220447284344438e+00 8.441806001851750452e+00 8.817036398880034653e+00 9.152232127724483135e+00 9.460354357844659390e+00 9.744939737021974580e+00 9.999527049396313316e+00 1.017087062652563034e+01 1.022799626102388260e+01 1.023298681232295415e+01 1.022432577004069465e+01 1.020394372288521545e+01 1.015228426395938932e+01 1.003417041818083000e+01
4.128052178579537212e+00 5.184422175683694789e+00 5.536985009125771739e+00 5.866823115283072987e+00 6.195533769063180429e+00 6.528169732413042325e+00 6.857360120037748530e+00 7.180911086642820074e+00 7.498834640562614062e+00 7.822773712782817412e+00 8.145091225021719339e+00 8.445255673304819410e+00 8.720399651184013834e+00 8.975989228812926157e+00 9.215721887003141433e+00 9.441972625072173386e+00 9.655833676576838442e+00 9.857737986725812362e+00 1.004581707110130750e+01 1.020477123741298975e+01 1.028882687199488899e+01
4.755537789295215312e+00 5.174055217517280703e+00 5.537249969237499236e+00 5.908078448416362427e+00 6.296419165487497693e+00 6.679616944416045143e+00 7.033347535285087382e+00 7.377875848624939614e+00 7.740673846028490956e+00 8.158658716507007469e+00 8.539767528550610720e+00 8.869810145437803328e+00 9.169301717221431502e+00 9.447394880861601507e+00 9.708410584864317627e+00 9.954732870124365363e+00 1.018694047723454688e+01 1.040238309139911976e+01 1.056989342024134437e+01 1.066465073268850539e+01 1.072997577319935480e+01
5.044101809060297370e+00 5.572923746092156350e+00 5.979915731302452464e+00 6.395689033434483584e+00 6.796017533725236426e+00 7.186440677966100310e+00 7.566152713590446055e+00 7.967259330886407476e+00 8.374297035635015263e+00 8.731082654249126662e+00 9.053320001080992441e+00 9.350543754446587030e+00 9.625813449023860713e+00 9.875941934872896510e+00 1.007444269400063597e+01 1.017611462375512055e+01 1.021670161854062542e+01 1.023229338898978114e+01 1.023243206613810408e+01 1.021049855633016890e+01 1.015010049271679904e+01
4.760065123209801463e+00 5.163113629261267157e+00 5.506907429565973899e+00 5.851858481408301671e+00 6.213215714656361577e+00 6.568279316077915375e+00 6.900097413139949509e+00 7.212061833224471918e+00 7.521038580895206493e+00 7.854821235102924959e+00 8.228787265614460722e+00 8.554838535842751668e+00 8.844379736845686679e+00 9.110502233432825392e+00 9.358441785779207933e+00 9.590188291865899828e+00 9.804253017343386389e+00 9.982683100743606985e+00 1.007165066919021079e+01 1.008620341855054470e+01 1.006906432037194676e+01
4.655946407972091805e+00 5.055261627101741873e+00 5.395548331136411413e+00 5.740645822655047859e+00 6.106041588927710428e+00 6.480925612618020359e+00 6.819049697234193630e+00 7.137128019684878311e+00 7.453348194443494279e+00 7.796504454176892196e+00 8.197887519563140657e+00 8.545559361117705421e+00 8.848242509388592580e+00 9.124398232318073454e+00 9.381500768195353501e+00 9.623399770935977315e+00 9.851950821220830434e+00 1.006743152119565821e+01 1.026569232639498530e+01 1.040013506668917564e+01 1.045333764955016953e+01
4.984330085552953093e+00 5.394885102605250893e+00 5.822731673629118809e+00 6.322358715677410146e+00 6.766177314852783731e+00 7.162883981744879058e+00 7.561616959821245487e+00 8.039132863702635134e+00 8.478082461221250199e+00 8.845763899757081106e+00 9.176556955830170281e+00 9.481541254791203244e+00 9.765095209678293031e+00 1.002689647229392378e+01 1.023659412921157674e+01 1.031641531716189775e+01 1.031963901498033742e+01 1.030250038973274407e+01 1.027638055059765243e+01 1.022391040875329082e+01 1.010443510104435028e+01
4.854999623908478945e+00 5.250721974271462145e+00 5.645283434535365075e+00 6.085636530229885821e+00 6.551827686931832595e+00 6.934624170564559265e+00 7.300503599553858969e+00 7.688905521722860570e+00 8.200999030791022548e+00 8.617998724264756660e+00 8.970364075378036262e+00 9.289458160144834054e+00 9.585397794008452266e+00 9.862399265048601649e+00 1.012159408359087109e+01 1.035308037755129362e+01 1.047615829137237675e+01 1.051046978409460841e+01 1.053029484825574968e+01 1.056109185441940923e+01 1.059901300910705046e+01
4.242100797788633137e+00 4.944138106257767618e+00 5.279758639605046433e+00 5.599295308200234800e+00 5.942541768555074100e+00 6.294773285529547735e+00 6.632870611645426351e+00 6.941845033518222685e+00 7.240933606729331729e+00 7.544963906524015052e+00 7.890297654677040917e+00 8.281404852088678936e+00 8.609469060144260055e+00 8.897340985499370802e+00 9.161051281529283941e+00 9.407146724417975392e+00 9.639301386576429209e+00 9.859451814479115228e+00 1.006851999513467355e+01 1.026631635113503549e+01 1.044485590846507961e+01
4.828318779401011618e+00 5.229486152049007686e+00 5.618747430450869551e+00 6.027564254512207675e+00 6.465751932919523881e+00 6.862811714343954428e+00 7.241525365833663130e+00 7.630546495688404818e+00 8.049113233287858549e+00 8.433194140290265040e+00 8.768829191364401865e+00 9.073304172365695308e+00 9.355418402579134707e+00 9.619524270799697518e+00 9.868198715782359187e+00 1.010292781491978786e+01 1.032409562946618209e+01 1.051971434929497562e+01 1.061770872533734789e+01 1.066371502233980806e+01 1.069764922543602914e+01
4.787274057761880641e+00 5.178234843306613655e+00 5.543616628112295608e+00 5.930389497075704952e+00 6.352939586247912551e+00 6.736710307847246781e+00 7.088559739681083549e+00 7.435654303470198734e+00 7.814411133157564748e+00 8.230286103634142592e+00 8.585083586266568645e+00 8.897884884463341137e+00 9.184472838272238704e+00 9.451285374810971973e+00 9.701689993690509439e+00 9.937132427499491882e+00 1.015610812555908993e+01 1.032813776250683269e+01 1.039929230790008496e+01 1.041785687881007760e+01 1.042227003765465199e+01
4.854800440350913071e+00 5.254570093199479430e+00 5.624068301937931835e+00 6.024341045392394456e+00 6.447674378725418265e+00 6.830231551612204299e+00 7.183908045977010381e+00 7.536920726531998405e+00 7.937315559173704571e+00 8.355401025558094830e+00 8.707009142359597220e+00 9.020713982779861695e+00 9.309594998640934094e+00 9.578934496392614406e+00 9.830908375933933740e+00 1.006348777522625859e+01 1.024812683244651978e+01 1.033239238779562008e+01 1.035911602209944604e+01 1.037020970868521985e+01 1.037836957848896269e+01
4.672929308200304277e+00 5.068527866629223055e+00 5.411589020639389958e+00 5.765604438837110379e+00 6.146155579684906556e+00 6.531500884474077395e+00 6.867945056439547891e+00 7.187153476528810536e+00 7.507456730671679956e+00 7.873053794676187600e+00 8.304974882514988721e+00 8.654291710960285045e+00 8.959721977111984259e+00 9.239339353516005104e+00 9.500387427146851138e+00 9.746258857927973196e+00 9.978021385326915293e+00 1.019429929382535960e+01 1.036929604001328187e+01 1.044910809398768947e+01 1.047842458576421443e+01
5.006824370203221797e+00 5.422442132375367763e+00 5.837030119075413914e+00 6.284675528284418888e+00 6.734052539213950972e+00 7.134363852556480090e+00 7.528435102854701633e+00 7.962271084706315172e+00 8.388410463865570321e+00 8.754784591579118924e+00 9.084314642694922171e+00 9.388022504238117349e+00 9.670591258597021067e+00 9.933573451004507504e+00 1.017045685692201218e+01 1.033057851239669311e+01 1.039788801339572011e+01 1.042442293373045281e+01 1.043657409289906468e+01 1.043572541844548240e+01 1.040786672523907619e+01
3.969774954826699176e+00 4.854568080189259227e+00 5.278419490392590951e+00 5.587201221007876306e+00 5.915043468691536965e+00 6.241597849049355773e+00 6.573406462480227752e+00 6.884423480655451399e+00 7.184006349293230009e+00 7.483553191055112741e+00 7.796980195670303537e+00 8.118599780320241877e+00 8.412882565657797684e+00 8.678848696477608371e+00 8.924345886011762374e+00 9.154242250866621688e+00 9.371180225451581691e+00 9.576982639171895073e+00 9.772583830445668696e+00 9.958684915283889438e+00 1.013506665495503434e+01
4.986270679362303504e+00 5.409736155526490897e+00 5.811012209962125752e+00 6.257354091425383125e+00 6.697968959311530135e+00 7.091336412999432959e+00 7.473333786262653433e+00 7.898947482126099651e+00 8.388804015713661855e+00 8.788902817899383990e+00 9.140953503016513437e+00 9.464255534899441713e+00 9.765691227832219212e+00 1.004611774859084505e+01 1.029663801220693564e+01 1.046632544194902970e+01 1.055530370179913824e+01 1.062397228293600548e+01 1.069714223814005116e+01 1.077410961131891298e+01 1.084436973878624322e+01
4.112631261481095812e+00 5.099404389567298246e+00 5.438773012808310270e+00 5.796310818643663154e+00 6.160553502037720897e+00 6.535769723046757740e+00 6.880812072078207997e+00 7.210737195839540981e+00 7.542298022694843063e+00 7.893626577024100754e+00 8.238746621092552402e+00 8.545617319117766897e+00 8.823806765367567806e+00 9.081544133593579815e+00 9.323190422786417741e+00 9.551098376313277072e+00 9.766486031890289965e+00 9.969954490888003562e+00 1.015991709507650320e+01 1.030746070280607007e+01 1.036557274870599699e+01
4.875804336032194541e+00 5.295243784877325943e+00 5.664523702278093431e+00 6.040761410517788477e+00 6.421392022603298777e+00 6.787576020851433078e+00 7.129374380423416646e+00 7.461522286210427346e+00 7.812393853344382855e+00 8.228010305245692990e+00 8.593041666102818610e+00 8.911685873277187753e+00 9.202682311226595857e+00 9.472836640932126073e+00 9.724079251245896671e+00 9.950850864984435162e+00 1.012070629035631519e+01 1.020277164034892081e+01 1.023645533922663908e+01 1.025516468984873519e+01 1.026916009080099457e+01
4.881167630296238791e+00 5.280193104204953691e+00 5.639925167822164020e+00 6.021162016615701162e+00 6.405276857870994434e+00 6.783563220753591416e+00 7.130875331925267346e+00 7.469578444154715946e+00 7.824885858730191046e+00 8.197443210687840320e+00 8.530863445250135513e+00 8.830321967124030280e+00 9.106168409750393877e+00 9.363232350646265800e+00 9.603159574755864014e+00 9.824780128196440643e+00 1.001190605043835724e+01 1.010525744669307002e+01 1.011988692713006621e+01 1.009697158617324675e+01 1.005438816686235448e+01
4.941321803582458649e+00 5.361457230501940785e+00 5.737940079511455238e+00 6.130497864543243303e+00 6.519923119239884990e+00 6.897391163224734001e+00 7.249994870286647242e+00 7.600692205897321863e+00 7.989870469303323119e+00 8.388750955573446078e+00 8.732205592673070171e+00 9.041345460972658898e+00 9.326529922616835222e+00 9.592131749956090303e+00 9.837711680416846960e+00 1.005072581080351846e+01 1.018226936485566014e+01 1.023645533922663908e+01 1.025841763907916970e+01 1.026978453721783424e+01 1.027242192621427641e+01
4.940135167587224707e+00 5.339064842258013144e+00 5.723318434536138533e+00 6.145022531749282813e+00 6.582556226001096356e+00 6.960070817031225765e+00 7.315539025324071964e+00 7.680129349546938933e+00 8.123586834373604404e+00 8.523361451406691103e+00 8.864528352957098178e+00 9.173439156315401632e+00 9.458692538442827313e+00 9.722569188908169124e+00 9.956407082503632822e+00 1.010416101556990220e+01 1.014377104832492371e+01 1.013369724566108943e+01 1.010978274144739508e+01 1.007546455329853075e+01 1.001498887596873111e+01
4.991896715605489199e+00 5.412108050339454302e+00 5.821273369705010303e+00 6.303917336457883103e+00 6.753207773692503579e+00 7.143001543157880384e+00 7.525474748981349826e+00 7.996664639022356802e+00 8.552113593788179813e+00 8.967817763072972070e+00 9.336310127866854103e+00 9.676053782732275010e+00 9.991156476362137440e+00 1.027735331106573291e+01 1.049751445947959461e+01 1.062310966161674308e+01 1.071565766506493311e+01 1.081519534946599848e+01 1.092555017949118046e+01 1.103819619720679590e+01 1.114014299892649618e+01
4.821135859608523866e+00 5.222326821458265655e+00 5.592078343653672512e+00 6.006006006006005649e+00 6.458499044821983226e+00 6.833743809034074523e+00 7.181991668889663671e+00 7.529098949995929324e+00 7.961729719517706805e+00 8.496405885446870698e+00 8.883885580978990504e+00 9.225843214935011360e+00 9.541661873278611594e+00 9.836485275590019839e+00 1.011122345803842215e+01 1.035547012480710372e+01 1.050314084307903428e+01 1.056371196727267758e+01 1.061815230623562734e+01 1.069301570113697863e+01 1.078450536192125853e+01
