2.433333333333333126e+00 2.366666666666666696e+00 4.700000000000000178e+00 4.700000000000000178e+00 4.700000000000000178e+00 4.733333333333333393e+00 5.233333333333333393e+00 5.133333333333333748e+00 5.099999999999999645e+00 5.033333333333333215e+00 5.000000000000000000e+00 4.966666666666666785e+00 4.900000000000000355e+00 4.900000000000000355e+00 4.900000000000000355e+00 4.866666666666666252e+00 4.866666666666666252e+00 4.833333333333333037e+00 4.833333333333333037e+00 4.799999999999999822e+00 4.799999999999999822e+00
2.299999999999999822e+00 4.566666666666666430e+00 4.566666666666666430e+00 4.533333333333333215e+00 4.533333333333333215e+00 4.533333333333333215e+00 4.533333333333333215e+00 4.566666666666666430e+00 4.933333333333333570e+00 4.900000000000000355e+00 4.866666666666666252e+00 4.833333333333333037e+00 4.799999999999999822e+00 4.799999999999999822e+00 4.766666666666666607e+00 4.766666666666666607e+00 4.733333333333333393e+00 4.766666666666666607e+00 4.733333333333333393e+00 4.700000000000000178e+00 4.733333333333333393e+00
4.500000000000000000e+00 4.500000000000000000e+00 4.500000000000000000e+00 4.433333333333333570e+00 4.466666666666666785e+00 4.433333333333333570e+00 4.933333333333333570e+00 4.900000000000000355e+00 4.866666666666666252e+00 4.833333333333333037e+00 4.799999999999999822e+00 4.766666666666666607e+00 4.766666666666666607e+00 4.733333333333333393e+00 4.733333333333333393e+00 4.700000000000000178e+00 4.700000000000000178e+00 4.666666666666666963e+00 4.666666666666666963e+00 4.666666666666666963e+00 4.633333333333333748e+00
4.333333333333333037e+00 4.333333333333333037e+00 4.333333333333333037e+00 4.299999999999999822e+00 4.266666666666666607e+00 4.266666666666666607e+00 4.266666666666666607e+00 4.266666666666666607e+00 4.299999999999999822e+00 4.299999999999999822e+00 4.333333333333333037e+00 4.400000000000000355e+00 4.666666666666666963e+00 4.633333333333333748e+00 4.599999999999999645e+00 4.633333333333333748e+00 4.599999999999999645e+00 4.566666666666666430e+00 4.599999999999999645e+00 4.566666666666666430e+00 4.566666666666666430e+00
4.333333333333333037e+00 4.333333333333333037e+00 4.233333333333333393e+00 4.233333333333333393e+00 4.200000000000000178e+00 4.133333333333333748e+00 4.133333333333333748e+00 4.866666666666666252e+00 4.833333333333333037e+00 4.700000000000000178e+00 4.666666666666666963e+00 4.766666666666666607e+00 4.700000000000000178e+00 4.700000000000000178e+00 4.666666666666666963e+00 4.666666666666666963e+00 4.633333333333333748e+00 4.666666666666666963e+00 4.633333333333333748e+00 4.599999999999999645e+00 4.633333333333333748e+00
4.266666666666666607e+00 4.200000000000000178e+00 4.200000000000000178e+00 4.133333333333333748e+00 4.133333333333333748e+00 4.066666666666666430e+00 4.066666666666666430e+00 4.799999999999999822e+00 4.766666666666666607e+00 4.733333333333333393e+00 4.700000000000000178e+00 4.666666666666666963e+00 4.666666666666666963e+00 4.666666666666666963e+00 4.633333333333333748e+00 4.633333333333333748e+00 4.599999999999999645e+00 4.566666666666666430e+00 4.599999999999999645e+00 4.566666666666666430e+00 4.533333333333333215e+00
4.133333333333333748e+00 4.133333333333333748e+00 4.099999999999999645e+00 4.066666666666666430e+00 4.000000000000000000e+00 4.000000000000000000e+00 4.000000000000000000e+00 4.000000000000000000e+00 3.966666666666666785e+00 3.966666666666666785e+00 3.933333333333333126e+00 3.933333333333333126e+00 3.933333333333333126e+00 3.933333333333333126e+00 3.933333333333333126e+00 3.966666666666666785e+00 4.000000000000000000e+00 4.000000000000000000e+00 4.000000000000000000e+00 4.000000000000000000e+00 4.000000000000000000e+00
4.366666666666666252e+00 4.333333333333333037e+00 4.333333333333333037e+00 4.333333333333333037e+00 4.299999999999999822e+00 4.299999999999999822e+00 4.299999999999999822e+00 4.333333333333333037e+00 4.299999999999999822e+00 4.333333333333333037e+00 4.366666666666666252e+00 4.666666666666666963e+00 4.633333333333333748e+00 4.633333333333333748e+00 4.599999999999999645e+00 4.599999999999999645e+00 4.599999999999999645e+00 4.566666666666666430e+00 4.599999999999999645e+00 4.566666666666666430e+00 4.566666666666666430e+00
4.433333333333333570e+00 4.433333333333333570e+00 5.266666666666666607e+00 5.166666666666666963e+00 5.099999999999999645e+00 4.900000000000000355e+00 4.799999999999999822e+00 4.766666666666666607e+00 4.733333333333333393e+00 4.700000000000000178e+00 4.700000000000000178e+00 4.700000000000000178e+00 4.766666666666666607e+00 4.733333333333333393e+00 4.733333333333333393e+00 4.700000000000000178e+00 4.700000000000000178e+00 4.666666666666666963e+00 4.633333333333333748e+00 4.666666666666666963e+00 4.633333333333333748e+00
4.166666666666666963e+00 4.133333333333333748e+00 4.099999999999999645e+00 4.066666666666666430e+00 4.033333333333333215e+00 4.033333333333333215e+00 4.000000000000000000e+00 4.033333333333333215e+00 4.000000000000000000e+00 4.000000000000000000e+00 4.000000000000000000e+00 4.000000000000000000e+00 4.000000000000000000e+00 4.000000000000000000e+00 4.000000000000000000e+00 4.533333333333333215e+00 4.500000000000000000e+00 4.500000000000000000e+00 4.500000000000000000e+00 4.500000000000000000e+00 4.466666666666666785e+00
4.066666666666666430e+00 4.066666666666666430e+00 4.000000000000000000e+00 4.000000000000000000e+00 3.933333333333333126e+00 3.966666666666666785e+00 3.966666666666666785e+00 3.933333333333333126e+00 3.933333333333333126e+00 3.933333333333333126e+00 3.933333333333333126e+00 3.933333333333333126e+00 3.966666666666666785e+00 3.966666666666666785e+00 4.000000000000000000e+00 4.000000000000000000e+00 4.033333333333333215e+00 4.400000000000000355e+00 4.366666666666666252e+00 4.366666666666666252e+00 4.366666666666666252e+00
2.500000000000000000e+00 2.466666666666666785e+00 4.933333333333333570e+00 4.966666666666666785e+00 0.000000000000000000e+00 5.266666666666666607e+00 5.200000000000000178e+00 5.133333333333333748e+00 5.099999999999999645e+00 5.033333333333333215e+00 5.033333333333333215e+00 5.000000000000000000e+00 4.966666666666666785e+00 4.933333333333333570e+00 4.900000000000000355e+00 4.900000000000000355e+00 4.866666666666666252e+00 4.900000000000000355e+00 4.866666666666666252e+00 4.866666666666666252e+00 4.866666666666666252e+00
4.233333333333333393e+00 4.266666666666666607e+00 4.200000000000000178e+00 4.233333333333333393e+00 4.200000000000000178e+00 4.166666666666666963e+00 4.166666666666666963e+00 4.166666666666666963e+00 4.200000000000000178e+00 4.200000000000000178e+00 4.233333333333333393e+00 4.266666666666666607e+00 4.566666666666666430e+00 4.566666666666666430e+00 4.533333333333333215e+00 4.533333333333333215e+00 4.500000000000000000e+00 4.500000000000000000e+00 4.500000000000000000e+00 4.500000000000000000e+00 4.466666666666666785e+00
4.500000000000000000e+00 4.466666666666666785e+00 4.466666666666666785e+00 4.433333333333333570e+00 4.433333333333333570e+00 4.466666666666666785e+00 4.966666666666666785e+00 4.866666666666666252e+00 4.833333333333333037e+00 4.799999999999999822e+00 4.799999999999999822e+00 4.766666666666666607e+00 4.766666666666666607e+00 4.733333333333333393e+00 4.733333333333333393e+00 4.700000000000000178e+00 4.666666666666666963e+00 4.700000000000000178e+00 4.666666666666666963e+00 4.633333333333333748e+00 4.666666666666666963e+00
2.333333333333333481e+00 4.733333333333333393e+00 4.700000000000000178e+00 4.700000000000000178e+00 4.700000000000000178e+00 4.700000000000000178e+00 4.733333333333333393e+00 4.799999999999999822e+00 4.933333333333333570e+00 4.900000000000000355e+00 4.900000000000000355e+00 4.866666666666666252e+00 4.833333333333333037e+00 4.833333333333333037e+00 4.799999999999999822e+00 4.766666666666666607e+00 4.799999999999999822e+00 4.766666666666666607e+00 4.766666666666666607e+00 4.766666666666666607e+00 4.733333333333333393e+00
4.066666666666666430e+00 4.033333333333333215e+00 4.000000000000000000e+00 4.000000000000000000e+00 4.000000000000000000e+00 3.966666666666666785e+00 3.966666666666666785e+00 3.966666666666666785e+00 3.966666666666666785e+00 3.966666666666666785e+00 3.966666666666666785e+00 4.000000000000000000e+00 4.000000000000000000e+00 4.033333333333333215e+00 4.033333333333333215e+00 4.366666666666666252e+00 4.366666666666666252e+00 4.366666666666666252e+00 4.333333333333333037e+00 4.333333333333333037e+00 4.333333333333333037e+00
2.500000000000000000e+00 4.866666666666666252e+00 4.833333333333333037e+00 4.866666666666666252e+00 5.366666666666666252e+00 5.266666666666666607e+00 5.200000000000000178e+00 5.099999999999999645e+00 5.066666666666666430e+00 5.033333333333333215e+00 5.000000000000000000e+00 4.966666666666666785e+00 4.933333333333333570e+00 4.933333333333333570e+00 4.900000000000000355e+00 4.900000000000000355e+00 4.866666666666666252e+00 4.866666666666666252e+00 4.833333333333333037e+00 4.799999999999999822e+00 4.833333333333333037e+00
2.366666666666666696e+00 4.666666666666666963e+00 4.633333333333333748e+00 4.633333333333333748e+00 4.599999999999999645e+00 4.666666666666666963e+00 4.700000000000000178e+00 5.099999999999999645e+00 5.033333333333333215e+00 5.000000000000000000e+00 4.966666666666666785e+00 4.933333333333333570e+00 4.900000000000000355e+00 4.866666666666666252e+00 4.866666666666666252e+00 4.833333333333333037e+00 4.833333333333333037e+00 4.799999999999999822e+00 4.766666666666666607e+00 4.799999999999999822e+00 4.766666666666666607e+00
4.733333333333333393e+00 4.700000000000000178e+00 4.700000000000000178e+00 4.766666666666666607e+00 5.133333333333333748e+00 5.066666666666666430e+00 5.033333333333333215e+00 4.966666666666666785e+00 4.933333333333333570e+00 4.900000000000000355e+00 4.866666666666666252e+00 4.833333333333333037e+00 4.833333333333333037e+00 4.799999999999999822e+00 4.799999999999999822e+00 4.766666666666666607e+00 4.766666666666666607e+00 4.766666666666666607e+00 4.733333333333333393e+00 4.733333333333333393e+00 4.733333333333333393e+00
4.500000000000000000e+00 4.466666666666666785e+00 4.433333333333333570e+00 4.366666666666666252e+00 4.299999999999999822e+00 4.266666666666666607e+00 4.266666666666666607e+00 4.200000000000000178e+00 4.200000000000000178e+00 4.766666666666666607e+00 4.733333333333333393e+00 4.733333333333333393e+00 4.733333333333333393e+00 4.733333333333333393e+00 4.799999999999999822e+00 4.766666666666666607e+00 4.733333333333333393e+00 4.733333333333333393e+00 4.700000000000000178e+00 4.733333333333333393e+00 4.700000000000000178e+00
2.500000000000000000e+00 5.000000000000000000e+00 5.033333333333333215e+00 5.066666666666666430e+00 5.200000000000000178e+00 5.333333333333333037e+00 5.266666666666666607e+00 5.166666666666666963e+00 5.133333333333333748e+00 5.066666666666666430e+00 5.033333333333333215e+00 5.033333333333333215e+00 5.000000000000000000e+00 4.966666666666666785e+00 4.966666666666666785e+00 4.933333333333333570e+00 4.933333333333333570e+00 4.900000000000000355e+00 4.933333333333333570e+00 4.900000000000000355e+00 4.866666666666666252e+00
4.166666666666666963e+00 4.133333333333333748e+00 4.099999999999999645e+00 4.066666666666666430e+00 4.033333333333333215e+00 4.033333333333333215e+00 4.000000000000000000e+00 4.000000000000000000e+00 4.700000000000000178e+00 4.666666666666666963e+00 4.633333333333333748e+00 4.599999999999999645e+00 4.566666666666666430e+00 4.566666666666666430e+00 4.533333333333333215e+00 4.566666666666666430e+00 4.533333333333333215e+00 4.500000000000000000e+00 4.533333333333333215e+00 4.500000000000000000e+00 4.466666666666666785e+00
4.066666666666666430e+00 4.033333333333333215e+00 4.000000000000000000e+00 3.966666666666666785e+00 3.933333333333333126e+00 3.933333333333333126e+00 3.899999999999999911e+00 3.899999999999999911e+00 3.899999999999999911e+00 3.899999999999999911e+00 3.899999999999999911e+00 3.899999999999999911e+00 4.533333333333333215e+00 4.533333333333333215e+00 4.500000000000000000e+00 4.466666666666666785e+00 4.500000000000000000e+00 4.466666666666666785e+00 4.433333333333333570e+00 4.466666666666666785e+00 4.433333333333333570e+00
4.466666666666666785e+00 4.433333333333333570e+00 4.400000000000000355e+00 4.299999999999999822e+00 4.266666666666666607e+00 4.200000000000000178e+00 4.200000000000000178e+00 4.900000000000000355e+00 4.866666666666666252e+00 4.733333333333333393e+00 4.833333333333333037e+00 4.766666666666666607e+00 4.766666666666666607e+00 4.733333333333333393e+00 4.733333333333333393e+00 4.700000000000000178e+00 4.700000000000000178e+00 4.666666666666666963e+00 4.700000000000000178e+00 4.666666666666666963e+00 4.633333333333333748e+00
4.599999999999999645e+00 4.599999999999999645e+00 4.599999999999999645e+00 4.633333333333333748e+00 4.733333333333333393e+00 5.000000000000000000e+00 4.933333333333333570e+00 4.900000000000000355e+00 4.866666666666666252e+00 4.833333333333333037e+00 4.799999999999999822e+00 4.799999999999999822e+00 4.766666666666666607e+00 4.766666666666666607e+00 4.733333333333333393e+00 4.733333333333333393e+00 4.700000000000000178e+00 4.700000000000000178e+00 4.700000000000000178e+00 4.700000000000000178e+00 4.666666666666666963e+00
2.466666666666666785e+00 4.933333333333333570e+00 4.900000000000000355e+00 4.900000000000000355e+00 4.933333333333333570e+00 5.066666666666666430e+00 5.200000000000000178e+00 5.133333333333333748e+00 5.066666666666666430e+00 5.033333333333333215e+00 5.033333333333333215e+00 4.966666666666666785e+00 4.966666666666666785e+00 4.933333333333333570e+00 4.900000000000000355e+00 4.900000000000000355e+00 4.900000000000000355e+00 4.900000000000000355e+00 4.866666666666666252e+00 4.833333333333333037e+00 4.866666666666666252e+00
4.166666666666666963e+00 4.133333333333333748e+00 4.099999999999999645e+00 4.099999999999999645e+00 4.099999999999999645e+00 4.066666666666666430e+00 4.066666666666666430e+00 4.066666666666666430e+00 4.066666666666666430e+00 4.099999999999999645e+00 4.099999999999999645e+00 4.099999999999999645e+00 4.133333333333333748e+00 4.133333333333333748e+00 4.466666666666666785e+00 4.433333333333333570e+00 4.433333333333333570e+00 4.400000000000000355e+00 4.433333333333333570e+00 4.400000000000000355e+00 4.400000000000000355e+00
2.533333333333333215e+00 2.500000000000000000e+00 2.433333333333333126e+00 4.833333333333333037e+00 4.900000000000000355e+00 5.366666666666666252e+00 5.266666666666666607e+00 5.233333333333333393e+00 5.133333333333333748e+00 5.066666666666666430e+00 5.033333333333333215e+00 5.000000000000000000e+00 4.966666666666666785e+00 4.933333333333333570e+00 4.933333333333333570e+00 4.933333333333333570e+00 4.900000000000000355e+00 4.900000000000000355e+00 4.866666666666666252e+00 4.866666666666666252e+00 4.866666666666666252e+00
4.233333333333333393e+00 4.200000000000000178e+00 4.200000000000000178e+00 4.166666666666666963e+00 4.099999999999999645e+00 4.066666666666666430e+00 4.099999999999999645e+00 4.066666666666666430e+00 4.066666666666666430e+00 4.066666666666666430e+00 4.066666666666666430e+00 4.066666666666666430e+00 4.066666666666666430e+00 4.066666666666666430e+00 4.066666666666666430e+00 4.566666666666666430e+00 4.599999999999999645e+00 4.566666666666666430e+00 4.533333333333333215e+00 4.566666666666666430e+00 4.099999999999999645e+00
4.433333333333333570e+00 4.466666666666666785e+00 4.433333333333333570e+00 4.433333333333333570e+00 4.400000000000000355e+00 4.433333333333333570e+00 4.466666666666666785e+00 4.466666666666666785e+00 4.733333333333333393e+00 4.733333333333333393e+00 4.666666666666666963e+00 4.666666666666666963e+00 4.633333333333333748e+00 4.666666666666666963e+00 4.633333333333333748e+00 4.599999999999999645e+00 4.633333333333333748e+00 4.599999999999999645e+00 4.566666666666666430e+00 4.599999999999999645e+00 4.566666666666666430e+00
3.200000000000000178e+00 2.566666666666666874e+00 2.433333333333333126e+00 4.900000000000000355e+00 4.900000000000000355e+00 5.433333333333333570e+00 5.333333333333333037e+00 5.266666666666666607e+00 5.166666666666666963e+00 5.133333333333333748e+00 5.000000000000000000e+00 4.933333333333333570e+00 4.966666666666666785e+00 5.000000000000000000e+00 4.966666666666666785e+00 4.966666666666666785e+00 4.933333333333333570e+00 4.933333333333333570e+00 4.900000000000000355e+00 4.900000000000000355e+00 4.866666666666666252e+00
2.200000000000000178e+00 4.333333333333333037e+00 4.299999999999999822e+00 4.299999999999999822e+00 4.266666666666666607e+00 4.233333333333333393e+00 4.200000000000000178e+00 4.200000000000000178e+00 4.166666666666666963e+00 4.166666666666666963e+00 4.200000000000000178e+00 4.233333333333333393e+00 4.266666666666666607e+00 4.333333333333333037e+00 4.666666666666666963e+00 4.633333333333333748e+00 4.666666666666666963e+00 4.633333333333333748e+00 4.599999999999999645e+00 4.633333333333333748e+00 4.599999999999999645e+00
4.266666666666666607e+00 4.266666666666666607e+00 4.233333333333333393e+00 4.233333333333333393e+00 4.200000000000000178e+00 4.200000000000000178e+00 4.166666666666666963e+00 4.166666666666666963e+00 4.200000000000000178e+00 4.200000000000000178e+00 4.233333333333333393e+00 4.233333333333333393e+00 4.366666666666666252e+00 4.566666666666666430e+00 4.533333333333333215e+00 4.566666666666666430e+00 4.533333333333333215e+00 4.533333333333333215e+00 4.500000000000000000e+00 4.533333333333333215e+00 4.500000000000000000e+00
7.333333333333332815e-01 1.699999999999999956e+00 0.000000000000000000e+00 0.000000000000000000e+00 0.000000000000000000e+00 5.299999999999999822e+00 5.200000000000000178e+00 5.133333333333333748e+00 5.066666666666666430e+00 4.933333333333333570e+00 5.000000000000000000e+00 4.966666666666666785e+00 4.966666666666666785e+00 4.933333333333333570e+00 4.933333333333333570e+00 4.900000000000000355e+00 4.900000000000000355e+00 4.866666666666666252e+00 4.833333333333333037e+00 4.833333333333333037e+00 4.833333333333333037e+00
4.633333333333333748e+00 4.633333333333333748e+00 4.599999999999999645e+00 4.633333333333333748e+00 4.599999999999999645e+00 4.666666666666666963e+00 5.000000000000000000e+00 4.966666666666666785e+00 4.900000000000000355e+00 4.866666666666666252e+00 4.866666666666666252e+00 4.833333333333333037e+00 4.799999999999999822e+00 4.799999999999999822e+00 4.766666666666666607e+00 4.766666666666666607e+00 4.733333333333333393e+00 4.733333333333333393e+00 4.733333333333333393e+00 4.700000000000000178e+00 4.700000000000000178e+00
4.133333333333333748e+00 4.166666666666666963e+00 4.133333333333333748e+00 4.099999999999999645e+00 4.099999999999999645e+00 4.099999999999999645e+00 4.099999999999999645e+00 4.099999999999999645e+00 4.099999999999999645e+00 4.099999999999999645e+00 4.133333333333333748e+00 4.133333333333333748e+00 4.166666666666666963e+00 4.200000000000000178e+00 4.466666666666666785e+00 4.433333333333333570e+00 4.433333333333333570e+00 4.400000000000000355e+00 4.433333333333333570e+00 4.433333333333333570e+00 4.400000000000000355e+00
4.566666666666666430e+00 4.533333333333333215e+00 4.533333333333333215e+00 4.633333333333333748e+00 5.000000000000000000e+00 4.933333333333333570e+00 4.900000000000000355e+00 4.833333333333333037e+00 4.799999999999999822e+00 4.799999999999999822e+00 4.733333333333333393e+00 4.733333333333333393e+00 4.733333333333333393e+00 4.700000000000000178e+00 4.700000000000000178e+00 4.700000000000000178e+00 4.666666666666666963e+00 4.666666666666666963e+00 4.666666666666666963e+00 4.633333333333333748e+00 4.633333333333333748e+00
4.433333333333333570e+00 4.433333333333333570e+00 4.400000000000000355e+00 4.400000000000000355e+00 4.366666666666666252e+00 4.333333333333333037e+00 4.333333333333333037e+00 4.866666666666666252e+00 4.833333333333333037e+00 4.799999999999999822e+00 4.766666666666666607e+00 4.733333333333333393e+00 4.733333333333333393e+00 4.700000000000000178e+00 4.700000000000000178e+00 4.666666666666666963e+00 4.666666666666666963e+00 4.666666666666666963e+00 4.633333333333333748e+00 4.633333333333333748e+00 4.633333333333333748e+00
4.533333333333333215e+00 4.533333333333333215e+00 4.500000000000000000e+00 4.466666666666666785e+00 4.500000000000000000e+00 4.466666666666666785e+00 4.466666666666666785e+00 4.966666666666666785e+00 4.933333333333333570e+00 4.866666666666666252e+00 4.833333333333333037e+00 4.799999999999999822e+00 4.799999999999999822e+00 4.766666666666666607e+00 4.766666666666666607e+00 4.733333333333333393e+00 4.733333333333333393e+00 4.700000000000000178e+00 4.733333333333333393e+00 4.700000000000000178e+00 4.666666666666666963e+00
4.333333333333333037e+00 4.299999999999999822e+00 4.266666666666666607e+00 4.266666666666666607e+00 4.233333333333333393e+00 4.233333333333333393e+00 4.233333333333333393e+00 4.266666666666666607e+00 4.233333333333333393e+00 4.266666666666666607e+00 4.333333333333333037e+00 4.333333333333333037e+00 4.599999999999999645e+00 4.599999999999999645e+00 4.566666666666666430e+00 4.566666666666666430e+00 4.566666666666666430e+00 4.566666666666666430e+00 4.533333333333333215e+00 4.533333333333333215e+00 4.533333333333333215e+00
2.533333333333333215e+00 4.866666666666666252e+00 0.000000000000000000e+00 5.400000000000000355e+00 5.299999999999999822e+00 5.266666666666666607e+00 5.166666666666666963e+00 5.099999999999999645e+00 5.033333333333333215e+00 5.000000000000000000e+00 4.966666666666666785e+00 4.966666666666666785e+00 4.900000000000000355e+00 4.900000000000000355e+00 4.900000000000000355e+00 4.866666666666666252e+00 4.833333333333333037e+00 4.833333333333333037e+00 4.833333333333333037e+00 4.833333333333333037e+00 4.833333333333333037e+00
4.033333333333333215e+00 4.000000000000000000e+00 4.000000000000000000e+00 3.966666666666666785e+00 3.933333333333333126e+00 3.933333333333333126e+00 3.899999999999999911e+00 3.866666666666666696e+00 3.899999999999999911e+00 3.899999999999999911e+00 3.899999999999999911e+00 3.899999999999999911e+00 3.899999999999999911e+00 3.899999999999999911e+00 3.899999999999999911e+00 3.899999999999999911e+00 3.899999999999999911e+00 3.899999999999999911e+00 3.966666666666666785e+00 4.166666666666666963e+00 3.933333333333333126e+00
2.433333333333333126e+00 4.799999999999999822e+00 4.799999999999999822e+00 4.799999999999999822e+00 4.866666666666666252e+00 5.166666666666666963e+00 5.099999999999999645e+00 5.066666666666666430e+00 5.033333333333333215e+00 4.966666666666666785e+00 4.966666666666666785e+00 4.900000000000000355e+00 4.900000000000000355e+00 4.900000000000000355e+00 4.866666666666666252e+00 4.866666666666666252e+00 4.833333333333333037e+00 4.799999999999999822e+00 4.833333333333333037e+00 4.799999999999999822e+00 4.766666666666666607e+00
4.233333333333333393e+00 4.200000000000000178e+00 4.166666666666666963e+00 4.133333333333333748e+00 4.099999999999999645e+00 4.099999999999999645e+00 4.066666666666666430e+00 4.033333333333333215e+00 4.066666666666666430e+00 4.066666666666666430e+00 4.066666666666666430e+00 4.033333333333333215e+00 4.066666666666666430e+00 4.633333333333333748e+00 4.599999999999999645e+00 4.599999999999999645e+00 4.566666666666666430e+00 4.533333333333333215e+00 4.566666666666666430e+00 4.533333333333333215e+00 4.500000000000000000e+00
2.299999999999999822e+00 2.233333333333333393e+00 4.500000000000000000e+00 4.500000000000000000e+00 4.500000000000000000e+00 4.466666666666666785e+00 4.466666666666666785e+00 4.466666666666666785e+00 4.466666666666666785e+00 4.866666666666666252e+00 4.833333333333333037e+00 4.833333333333333037e+00 4.833333333333333037e+00 4.766666666666666607e+00 4.766666666666666607e+00 4.766666666666666607e+00 4.766666666666666607e+00 4.733333333333333393e+00 4.700000000000000178e+00 4.733333333333333393e+00 4.700000000000000178e+00
2.233333333333333393e+00 4.433333333333333570e+00 4.433333333333333570e+00 4.400000000000000355e+00 4.400000000000000355e+00 4.299999999999999822e+00 4.333333333333333037e+00 4.266666666666666607e+00 4.966666666666666785e+00 4.900000000000000355e+00 4.866666666666666252e+00 4.833333333333333037e+00 4.799999999999999822e+00 4.799999999999999822e+00 4.766666666666666607e+00 4.766666666666666607e+00 4.733333333333333393e+00 4.733333333333333393e+00 4.700000000000000178e+00 4.700000000000000178e+00 4.700000000000000178e+00
2.333333333333333481e+00 4.599999999999999645e+00 4.566666666666666430e+00 4.566666666666666430e+00 4.533333333333333215e+00 4.533333333333333215e+00 4.533333333333333215e+00 4.599999999999999645e+00 5.000000000000000000e+00 4.933333333333333570e+00 4.900000000000000355e+00 4.866666666666666252e+00 4.866666666666666252e+00 4.833333333333333037e+00 4.833333333333333037e+00 4.833333333333333037e+00 4.799999999999999822e+00 4.766666666666666607e+00 4.766666666666666607e+00 4.733333333333333393e+00 4.733333333333333393e+00
2.399999999999999911e+00 2.299999999999999822e+00 4.633333333333333748e+00 4.633333333333333748e+00 4.599999999999999645e+00 4.599999999999999645e+00 4.599999999999999645e+00 4.666666666666666963e+00 5.066666666666666430e+00 5.000000000000000000e+00 4.933333333333333570e+00 4.900000000000000355e+00 4.900000000000000355e+00 4.866666666666666252e+00 4.866666666666666252e+00 4.833333333333333037e+00 4.833333333333333037e+00 4.799999999999999822e+00 4.799999999999999822e+00 4.799999999999999822e+00 4.766666666666666607e+00
4.933333333333333570e+00 4.900000000000000355e+00 4.900000000000000355e+00 4.900000000000000355e+00 4.900000000000000355e+00 5.000000000000000000e+00 5.133333333333333748e+00 5.066666666666666430e+00 5.033333333333333215e+00 5.000000000000000000e+00 4.966666666666666785e+00 4.966666666666666785e+00 4.900000000000000355e+00 4.900000000000000355e+00 4.900000000000000355e+00 4.866666666666666252e+00 4.866666666666666252e+00 4.866666666666666252e+00 4.833333333333333037e+00 4.799999999999999822e+00 4.833333333333333037e+00
4.599999999999999645e+00 4.566666666666666430e+00 4.566666666666666430e+00 4.599999999999999645e+00 4.599999999999999645e+00 4.599999999999999645e+00 4.566666666666666430e+00 4.599999999999999645e+00 4.666666666666666963e+00 4.833333333333333037e+00 4.799999999999999822e+00 4.766666666666666607e+00 4.766666666666666607e+00 4.766666666666666607e+00 4.733333333333333393e+00 4.733333333333333393e+00 4.700000000000000178e+00 4.700000000000000178e+00 4.700000000000000178e+00 4.666666666666666963e+00 4.700000000000000178e+00
