4.986543164337336798e+00 4.806371875858281406e+00 4.774669695171444239e+00 4.769009612960804390e+00 4.771968095984730596e+00 4.796228793816974978e+00 5.300965727217739953e+00 5.231475819711113751e+00 5.163359172775509265e+00 5.106230290986123244e+00 5.066445751374444306e+00 5.034691090665820212e+00 5.008198352096925987e+00 4.985453403084151525e+00 4.965482996668987958e+00 4.947637503092273015e+00 4.931574405128836602e+00 4.916857308703520779e+00 4.903382643406676067e+00 4.891019812074618223e+00 4.879658011573724252e+00
4.710122667977309163e+00 4.669111083645751670e+00 4.648682645373876987e+00 4.637744419361218284e+00 4.631037628908733161e+00 4.629981549178005196e+00 4.635847371542713091e+00 4.656960100809489411e+00 5.005863031358646076e+00 4.965448752431000479e+00 4.936172546653686766e+00 4.912362095668250994e+00 4.892064520129812522e+00 4.874331495733243536e+00 4.858454737677658564e+00 4.844002647145108753e+00 4.830684507994783772e+00 4.818295951952766387e+00 4.806635904196879139e+00 4.795637340202513421e+00 4.785245038726304578e+00
4.578535551986879781e+00 4.563939429030742012e+00 4.548242379971194183e+00 4.535864253953417524e+00 4.528146547288256940e+00 4.531970995385629308e+00 5.033753732218092303e+00 4.975904353575494099e+00 4.934988382214850589e+00 4.903111749513141326e+00 4.876793237513377122e+00 4.854302552952919569e+00 4.834621414610226431e+00 4.817187725805673892e+00 4.801426709650867153e+00 4.787077625883044085e+00 4.773831103239285945e+00 4.761609009792352687e+00 4.750266772228149748e+00 4.739759714790110934e+00 4.730077120822621772e+00
4.432140519310494575e+00 4.412180375448974345e+00 4.393250868353492322e+00 4.375649510474210580e+00 4.359559892048992857e+00 4.346296334623423796e+00 4.342910715270502209e+00 4.346626190147647506e+00 4.356972176647990302e+00 4.375260635643333451e+00 4.405832220401756594e+00 4.468459550129241897e+00 4.724183024435665068e+00 4.710870333294075785e+00 4.698696111828966515e+00 4.687340783261437771e+00 4.676592964478524905e+00 4.666387598388723745e+00 4.656577415599533865e+00 4.647065759448454791e+00 4.637897855491408983e+00
4.439542449656282308e+00 4.404164688233310088e+00 4.339769510019356069e+00 4.286501602335122563e+00 4.253859348198970380e+00 4.231233439229776572e+00 4.214773818654173887e+00 4.956697737818227090e+00 4.912864882568882763e+00 4.764594975394270016e+00 4.747162022703817819e+00 4.823826948653808344e+00 4.802151363810986950e+00 4.782923596211924533e+00 4.765730314129709377e+00 4.750201367231871252e+00 4.736050957162762032e+00 4.723148217867190191e+00 4.711376951124583989e+00 4.700656729432924230e+00 4.691046310285118537e+00
4.346206382714516536e+00 4.307918927745082449e+00 4.258358746119398575e+00 4.215478966799703464e+00 4.187834683509541911e+00 4.168113928447377603e+00 4.153600132915203247e+00 4.885231463642869087e+00 4.844630648088759095e+00 4.812220289695661180e+00 4.785212326706952624e+00 4.762036219081272392e+00 4.741746612056406462e+00 4.723697902404293103e+00 4.707423402034425663e+00 4.692567800703884906e+00 4.678909814013334056e+00 4.666323554640589677e+00 4.654664932575808045e+00 4.643825419480847927e+00 4.633857140910143890e+00
4.227626499594563825e+00 4.201101928374654904e+00 4.171967116691971178e+00 4.137474485574005101e+00 4.108835388911715292e+00 4.089589268917759313e+00 4.075486295313880625e+00 4.065040650406504419e+00 4.057436800264076382e+00 4.052146939231768386e+00 4.048752565373392009e+00 4.046972794574265286e+00 4.046690435158762256e+00 4.047735361853583846e+00 4.050024788944828202e+00 4.053449625405344925e+00 4.057883298027456398e+00 4.063220963465445479e+00 4.069302287085827530e+00 4.076133890635254886e+00 4.083497134630824199e+00
4.451658413976837814e+00 4.429924137549144270e+00 4.412606264521955701e+00 4.396872724274858868e+00 4.382991254562761618e+00 4.372271600046454765e+00 4.371495119635525839e+00 4.378133957217421823e+00 4.392110932173258320e+00 4.415894460122403054e+00 4.457611543156537515e+00 4.735920930711417398e+00 4.721596857743076470e+00 4.708717359240512046e+00 4.696846205915263361e+00 4.685749210553121991e+00 4.675274672387002006e+00 4.665267086540704433e+00 4.655652852614355020e+00 4.646356770851392426e+00 4.637384238430763084e+00
4.524036554215357775e+00 4.498145380058683251e+00 5.330526833735400594e+00 5.250704071682338991e+00 5.172663507893484613e+00 4.973327973947936798e+00 4.893210842252530668e+00 4.847007665196406911e+00 4.821467930350451070e+00 4.797905371597770419e+00 4.782335419342496508e+00 4.772873477349602211e+00 4.822165427829405715e+00 4.803700221656453273e+00 4.787143101384851995e+00 4.772228357944396038e+00 4.758653507955227013e+00 4.746345657781598781e+00 4.735205912831034425e+00 4.725218284540318336e+00 4.716400771028994576e+00
4.254577157802963860e+00 4.221219586458880180e+00 4.181680059658635429e+00 4.148258768381970718e+00 4.126121789361482328e+00 4.109926843302189603e+00 4.097876744202198829e+00 4.089044133954313764e+00 4.082743603701687540e+00 4.078585353039582806e+00 4.076133890635254886e+00 4.075204796308831590e+00 4.075598905805311034e+00 4.077204281755547832e+00 4.079910933469791168e+00 4.603861746718889592e+00 4.592123480144206127e+00 4.581071286939160991e+00 4.570633339700384212e+00 4.560751280119961670e+00 4.551378860914000235e+00
4.143503332067263401e+00 4.120143380989658155e+00 4.092759976969553293e+00 4.065628897663296826e+00 4.047339920727962337e+00 4.034077700438962744e+00 4.024424091035248452e+00 4.017649951857470647e+00 4.013174282472115273e+00 4.010732166071971250e+00 4.010066650073287775e+00 4.013285358427899574e+00 4.030632809351067714e+00 4.045335180017415766e+00 4.061738424045491236e+00 4.083327565921517355e+00 4.125894803435494751e+00 4.467753132582292785e+00 4.460085717272378680e+00 4.452514627206254794e+00 4.444969197752512535e+00
5.126172184706235591e+00 5.044445656323280680e+00 5.020011277833555496e+00 5.062979358096319160e+00 5.448313436644390606e+00 5.375269624902658805e+00 5.304381970612346286e+00 5.235349631803370762e+00 5.174662094565224635e+00 5.132767588283602578e+00 5.099755349574445873e+00 5.072349526009499954e+00 5.048988837640894012e+00 5.028552534597129586e+00 5.010467071622223934e+00 4.994253188112309338e+00 4.979570119850748711e+00 4.966236489422606759e+00 4.954139803072942883e+00 4.943153732081067453e+00 4.933263902211746377e+00
4.339769510019356069e+00 4.320602415422492903e+00 4.302338286713286664e+00 4.285112000387042208e+00 4.269384382316484761e+00 4.262164354557079093e+00 4.261175106354738951e+00 4.265301770100234258e+00 4.274800739126837001e+00 4.290657439446366794e+00 4.315511867657636280e+00 4.358202760195081460e+00 4.635847371542713091e+00 4.624963759612331415e+00 4.614801804594138801e+00 4.605159152925650368e+00 4.595934998387993353e+00 4.586996559752580360e+00 4.578316546172663593e+00 4.569822800005455932e+00 4.561577897453005015e+00
4.574121560745719961e+00 4.555494202098288703e+00 4.539108546591198667e+00 4.526462395543175532e+00 4.520575573591493423e+00 4.547834954935090046e+00 5.031810693631658005e+00 4.975734772888380064e+00 4.935867992952676531e+00 4.903830436440909324e+00 4.877043549938177236e+00 4.854070240447394546e+00 4.833953690723642893e+00 4.816060875009460673e+00 4.799945143484074528e+00 4.785343177467869857e+00 4.771968095984730596e+00 4.759736765862339070e+00 4.748534148154264223e+00 4.738327576379779416e+00 4.729072142338217155e+00
4.849694122863535739e+00 4.801525513248780186e+00 4.790336017772840904e+00 4.785932094460624953e+00 4.790320814628270973e+00 4.803865052568008664e+00 4.827686090057035528e+00 4.873996883387908596e+00 5.028310074529198204e+00 4.992511233150273675e+00 4.965962465600363807e+00 4.944124619031493140e+00 4.925400701869599551e+00 4.908945872053779524e+00 4.894155275692591900e+00 4.880630769971059379e+00 4.868081838626514113e+00 4.856361149110806963e+00 4.845291877652967649e+00 4.834888555818787736e+00 4.825023952797479865e+00
4.135136252739527229e+00 4.114859443259517136e+00 4.094123198412312092e+00 4.071408362258734925e+00 4.056571990401737438e+00 4.046611477287535230e+00 4.040597734525880114e+00 4.038191711440402010e+00 4.039186959587592440e+00 4.043339112795454326e+00 4.050445205714560792e+00 4.060452568408302376e+00 4.074079189051085237e+00 4.093327875562832396e+00 4.128989636236012117e+00 4.441953913019708544e+00 4.435497628714729856e+00 4.429029906172704756e+00 4.422490746788591665e+00 4.415894460122403054e+00 4.409231829142266967e+00
5.102700349024702930e+00 4.930291161083568241e+00 4.917361016254609751e+00 4.957243772462510911e+00 5.433601391001955605e+00 5.356585888447402688e+00 5.281678064573658737e+00 5.208618893579691544e+00 5.147351516066598798e+00 5.104715653541568088e+00 5.070924415815802000e+00 5.042864346949066601e+00 5.018872335013165653e+00 4.997946049568669835e+00 4.979400289214482633e+00 4.962847571651111345e+00 4.947875505954630881e+00 4.934311971874421054e+00 4.922067268252665606e+00 4.910988336402700938e+00 4.901080998992171089e+00
4.896585493693059732e+00 4.747521312242412250e+00 4.725339633786178162e+00 4.717432622755800331e+00 4.715509170971879271e+00 4.728625569347379098e+00 4.786422969360055291e+00 5.193349778940966388e+00 5.126837971412751216e+00 5.073914593675434404e+00 5.036149897897234773e+00 5.005725727373090628e+00 4.980181606074456369e+00 4.958199622625916625e+00 4.938779709846691901e+00 4.921394395078604767e+00 4.905652555430418893e+00 4.891255674889946725e+00 4.878048780487804770e+00 4.865846554500907750e+00 4.854667660392065542e+00
4.778874643291142199e+00 4.776070522092737747e+00 4.794093676590439834e+00 4.858614323195025619e+00 5.233871412043413329e+00 5.164938224620444274e+00 5.097636735609371250e+00 5.043909651832044538e+00 5.005176586743823819e+00 4.973990176369401439e+00 4.947844298795572193e+00 4.925367008249988743e+00 4.905652555430418893e+00 4.888191231548798754e+00 4.872458258130484943e+00 4.858222027589226499e+00 4.845258811887944717e+00 4.833453018836657122e+00 4.822730216471691200e+00 4.813069857302647137e+00 4.804524489347683058e+00
4.566490141152255156e+00 4.547396271135057511e+00 4.516617678736459141e+00 4.447965750663719575e+00 4.378770608023575761e+00 4.343389774419502913e+00 4.319743283827704339e+00 4.303045445712223582e+00 4.291191982392269288e+00 4.844696762923740962e+00 4.823730034173749459e+00 4.818315104041190011e+00 4.809178660987256215e+00 4.804920238324043247e+00 4.857391102080468315e+00 4.840304052902477672e+00 4.824924179762889231e+00 4.810996563573883833e+00 4.798365813700019800e+00 4.786979415988510844e+00 4.776885334279612039e+00
5.186040561751913636e+00 5.112892670157068054e+00 5.116764567428723431e+00 5.146053112685020636e+00 5.258054383305335477e+00 5.409069434649539154e+00 5.341770591498367082e+00 5.276430118137215075e+00 5.214372457135799444e+00 5.170844709191693589e+00 5.137408554127736338e+00 5.109932604132140455e+00 5.086573480640501188e+00 5.066272318983458867e+00 5.048269757406433911e+00 5.032088178728742811e+00 5.017458004563824403e+00 5.004112969564025626e+00 4.991964987862003156e+00 4.980837610858226405e+00 4.970830888190824304e+00
4.259177841283798394e+00 4.216912539873628241e+00 4.174668113884946408e+00 4.141415535830146766e+00 4.119068541300527464e+00 4.102635421737013566e+00 4.090376522625327915e+00 4.081435004876968975e+00 4.757964418700868947e+00 4.730433828772007132e+00 4.707070155810844092e+00 4.686746157557378112e+00 4.668790508623530400e+00 4.652626681445597434e+00 4.637965842745675360e+00 4.624389166505618043e+00 4.611847630060986525e+00 4.600136610117512070e+00 4.589166826488396467e+00 4.578879746316393273e+00 4.569324149219122333e+00
4.145106356520598112e+00 4.110352514978402816e+00 4.073826013105290578e+00 4.040066312812582439e+00 4.017037780932922075e+00 4.000137935790888832e+00 3.987432712072983776e+00 3.978030107406812288e+00 3.971267531056008604e+00 3.966679888932962861e+00 3.964004061365564713e+00 3.962929230426953886e+00 4.612704903924930377e+00 4.597701149425287070e+00 4.584017515051997727e+00 4.571381785431619882e+00 4.559522493644302621e+00 4.548242379971194183e+00 4.537517015688808719e+00 4.527214734026133947e+00 4.517268284670033829e+00
4.524979946111602480e+00 4.496341612960364387e+00 4.462140454451843041e+00 4.375577333120342693e+00 4.330670772784139366e+00 4.302866264140467578e+00 4.283306159670599911e+00 5.004696187518424821e+00 4.958950906386026425e+00 4.803601328538880999e+00 4.892671329635116528e+00 4.867047347459194206e+00 4.844795938559798287e+00 4.825190250358442512e+00 4.807659288054340507e+00 4.791899606230858311e+00 4.777602599015813745e+00 4.764627406136839660e+00 4.752851711026615966e+00 4.742235448553619115e+00 4.732802436364384135e+00
4.685809576967867152e+00 4.680423440661866330e+00 4.683485890998753121e+00 4.703831547491405196e+00 4.819931434778180979e+00 5.096874596497427135e+00 5.033094318808604584e+00 4.985589597191679267e+00 4.949890831174819539e+00 4.920822597510883689e+00 4.896247819100882914e+00 4.874967385781573626e+00 4.856228283767884513e+00 4.839534851564551765e+00 4.824458626821232166e+00 4.810721811541666781e+00 4.798135581602577027e+00 4.786619347515402190e+00 4.776078078493804391e+00 4.766510085659021456e+00 4.757931609904771264e+00
5.078267075673041475e+00 5.006446657339588491e+00 4.978449451688580218e+00 4.988383217165504036e+00 5.024710562905245759e+00 5.155985755730018383e+00 5.296136571542550797e+00 5.233114598324025479e+00 5.171700455109639272e+00 5.127118354400092670e+00 5.093551563720329689e+00 5.066064215786950875e+00 5.042829510914616620e+00 5.022567618013370705e+00 5.004627566585540421e+00 4.988519571397331376e+00 4.973852732510343877e+00 4.960418577786837702e+00 4.948079526633724967e+00 4.936714068263785116e+00 4.926378017406534582e+00
4.233700254022014775e+00 4.214686454965038465e+00 4.196362235491593928e+00 4.178797739338927286e+00 4.163026861760209307e+00 4.154635534597727720e+00 4.150899015545117088e+00 4.150726723070430779e+00 4.153513872736334989e+00 4.160339483701870122e+00 4.171995650181584026e+00 4.188122210779265053e+00 4.210584442925872750e+00 4.243950631026757847e+00 4.522282519322478933e+00 4.515895953757224746e+00 4.509473362887727710e+00 4.502944232767578825e+00 4.496341612960364387e+00 4.489612668870657686e+00 4.482820452695898794e+00
5.196545664645027429e+00 5.101728465604146834e+00 4.940880986529236907e+00 4.937560433682390837e+00 4.986849745534036593e+00 5.449478505601235589e+00 5.372492836676218353e+00 5.297545470598622686e+00 5.224412253621467883e+00 5.167068549776093533e+00 5.126382414457764547e+00 5.093655342904876981e+00 5.066619195639968432e+00 5.043276766850677717e+00 5.022809057569647351e+00 5.004627566585540421e+00 4.988280956383290388e+00 4.973497390617122704e+00 4.960078259012531632e+00 4.947875505954630881e+00 4.936815616793400530e+00
4.324725071049054570e+00 4.298052913806983177e+00 4.269913637553201191e+00 4.232746438007332301e+00 4.197892795452512260e+00 4.175161961491089535e+00 4.158797902875024377e+00 4.146796599626787483e+00 4.138016648620316040e+00 4.131747660397887323e+00 4.127569411958944556e+00 4.125157271620979671e+00 4.124334950989153370e+00 4.125072188763303060e+00 4.127171924225123689e+00 4.671292161846534619e+00 4.658619130482440696e+00 4.646681381157705459e+00 4.635404950339816033e+00 4.624708367270868870e+00 4.161322891369006349e+00
4.522871814854501515e+00 4.510137559195555035e+00 4.499775011249437462e+00 4.492271251505931318e+00 4.487719966274103633e+00 4.490651280516015476e+00 4.506534474988733940e+00 4.538141012418003939e+00 4.801657257704944115e+00 4.780539108224576061e+00 4.762496376361452732e+00 4.746695960561737593e+00 4.732542747206770706e+00 4.719659090131807844e+00 4.707804570724378301e+00 4.696651563708697630e+00 4.686226568867154718e+00 4.676335678378136684e+00 4.666900011667249437e+00 4.657917089075813699e+00 4.649413695258281187e+00
5.219027475432801211e+00 5.210975960945106067e+00 4.996114133451759365e+00 4.966510543488007912e+00 5.004044364623462471e+00 5.508630187293426239e+00 5.428844809685059225e+00 5.351152212838648836e+00 5.275454065867811515e+00 5.208440414756334569e+00 5.073671075275452580e+00 5.041421408327882325e+00 5.048368831097951315e+00 5.073253669539225186e+00 5.051608322866036893e+00 5.032469770712403978e+00 5.015355231427727212e+00 4.999863017451575686e+00 4.985862007731500789e+00 4.973131276851454174e+00 4.961650575758202564e+00
4.463538470122188961e+00 4.395845925600307069e+00 4.374782115343864852e+00 4.351069119840874855e+00 4.327755337564916260e+00 4.304543001018059201e+00 4.282241131616753904e+00 4.266740072947491136e+00 4.259090066015896348e+00 4.259675302814820874e+00 4.269296185865875337e+00 4.288846922752332702e+00 4.336662697128854660e+00 4.409839454282367122e+00 4.752655287845600540e+00 4.738783162897387768e+00 4.725962658045780529e+00 4.713940091367251561e+00 4.702497856214212568e+00 4.691579634464751791e+00 4.681003386843626046e+00
4.350948921240918033e+00 4.330670772784139366e+00 4.310816728705933798e+00 4.291786075230857200e+00 4.273533729898883138e+00 4.262662514008345838e+00 4.258824843610366173e+00 4.260377799308718849e+00 4.267415529262769347e+00 4.280910591110895780e+00 4.302602733177163685e+00 4.338484422774977034e+00 4.442682560078737630e+00 4.651679464570865008e+00 4.640628354931878974e+00 4.630228583490510808e+00 4.620318530195139495e+00 4.610832014314223848e+00 4.601616747137724950e+00 4.592690082531325935e+00 4.583938158507025129e+00
5.594481930505618372e+00 5.156982622325662291e+00 5.644855952913640174e+00 5.557919005338345819e+00 5.472218232063094767e+00 5.388555798836343946e+00 5.307123952359947161e+00 5.227858985382630941e+00 5.165680595637410555e+00 5.004593256824756864e+00 5.086714738412257297e+00 5.049177606551480402e+00 5.032782025384525681e+00 5.011223768302979664e+00 4.992203955466805176e+00 4.975260008451126481e+00 4.960078259012531632e+00 4.946379868233935717e+00 4.934153375725355062e+00 4.923211575017436559e+00 4.913636022411639992e+00
4.713082560911468377e+00 4.698631178181767787e+00 4.692535418291226890e+00 4.693442294817196547e+00 4.707005934920525547e+00 4.751051772693156927e+00 5.100634132892197137e+00 5.040914269930601321e+00 4.997227565528713278e+00 4.964079370113484657e+00 4.936951021331742240e+00 4.913904301713723832e+00 4.893885400368075622e+00 4.876105708477556533e+00 4.860150870035458759e+00 4.845589489848148190e+00 4.832285187665247506e+00 4.819940783584658384e+00 4.808584009397345760e+00 4.798036917466910189e+00 4.788420231759538126e+00
4.244098268268754914e+00 4.225822501823238042e+00 4.208347706105552533e+00 4.191759001802456197e+00 4.177309675607935979e+00 4.170255821266937168e+00 4.167919320014211948e+00 4.169343704291006425e+00 4.174365291179086945e+00 4.183038806256728748e+00 4.195892221515136633e+00 4.214075010535187182e+00 4.240041032655154751e+00 4.280851475167608555e+00 4.521972676322676854e+00 4.515519493150303099e+00 4.509035413270437331e+00 4.502507550358814115e+00 4.495912806539510420e+00 4.489185144878248046e+00 4.482418575142575357e+00
4.627998701397379122e+00 4.625985611113413221e+00 4.638535314260766818e+00 4.717851941498635071e+00 5.088078768959968912e+00 5.020425567032996916e+00 4.965619978344379959e+00 4.926108374384236654e+00 4.894222749174530485e+00 4.867514482569498924e+00 4.844597591347957533e+00 4.824591632779652528e+00 4.806866952789699887e+00 4.790943747476198666e+00 4.776591969866528231e+00 4.763515612595010218e+00 4.751640693326355525e+00 4.740866960279779718e+00 4.731147406097009345e+00 4.722437051282928344e+00 4.714853839530974255e+00
4.512357706901855892e+00 4.492890864224837522e+00 4.472518096496298057e+00 4.453610507780114247e+00 4.436193882147390077e+00 4.428094556849921482e+00 4.434804903231171380e+00 4.949723018924214735e+00 4.907313971330227176e+00 4.875201702887354216e+00 4.848832524056354565e+00 4.826421208673767893e+00 4.806899961544800703e+00 4.789566954724907788e+00 4.773930189919396661e+00 4.759605435607366708e+00 4.746406292378627434e+00 4.734133790737564240e+00 4.722663308328313825e+00 4.711988254174206858e+00 4.702010109321735243e+00
4.624038096552675725e+00 4.598053490688941203e+00 4.581979825611215418e+00 4.567695320880595489e+00 4.557350108064437855e+00 4.552226452574077875e+00 4.561192544523458459e+00 5.039661445209214108e+00 4.986066335172940178e+00 4.948582197306073738e+00 4.919040787046525587e+00 4.894458921013084662e+00 4.873294346978557456e+00 4.854734049463585777e+00 4.838096554584096154e+00 4.822996045143241872e+00 4.809112581325528879e+00 4.796261656628775683e+00 4.784296571709771406e+00 4.773104593248477912e+00 4.762660739799968290e+00
4.401746724890830187e+00 4.382511041873523361e+00 4.364392102528575457e+00 4.347586054600159677e+00 4.332249124954442365e+00 4.321009164721050233e+00 4.318795672978049005e+00 4.322855554869387440e+00 4.332845028576144841e+00 4.349807365673806103e+00 4.376906347881988069e+00 4.425482481312708494e+00 4.688458807063025091e+00 4.676528640299298267e+00 4.665523156089193435e+00 4.655137673959715450e+00 4.645284694470062092e+00 4.635815767227509987e+00 4.626624497631444122e+00 4.617696114243179828e+00 4.608992350448517072e+00
5.132732461453178630e+00 4.936612523911716011e+00 5.574634723780290457e+00 5.492083940739735937e+00 5.411292476933509121e+00 5.332677003855935460e+00 5.256152087101948034e+00 5.181912398407243714e+00 5.128696080308542626e+00 5.088953532352677556e+00 5.056751788655109436e+00 5.029765185756806645e+00 5.006549664286840340e+00 4.986236620834272770e+00 4.968258349434170107e+00 4.952129415648728106e+00 4.937594294335481138e+00 4.924491135915955553e+00 4.912663755458514636e+00 4.902130010011392258e+00 4.892806196635678617e+00
4.127461611109167983e+00 4.097772860450344723e+00 4.065096666620733323e+00 4.036257910039337204e+00 4.016592682876157561e+00 4.001987193640980323e+00 3.990981781518252891e+00 3.982811026097893059e+00 3.976933784052495202e+00 3.972956496126367920e+00 3.970644613615203600e+00 3.969774954826699176e+00 3.970236913619966224e+00 3.971868216151807296e+00 3.974562798092209359e+00 3.978243125527288537e+00 3.982777918929868655e+00 3.988049843626467084e+00 4.050834540573570841e+00 4.263512584238756453e+00 4.007711389501177557e+00
4.936104864805572312e+00 4.890075184905968264e+00 4.889436750659385211e+00 4.904531923734528398e+00 4.947773501924134010e+00 5.261791195724964787e+00 5.200314755893120200e+00 5.140154890000685484e+00 5.089093055762888618e+00 5.053091604356584554e+00 5.024204444384094081e+00 4.999965753659221690e+00 4.979080944642300999e+00 4.960620825093945641e+00 4.944172057187589786e+00 4.929211052386559544e+00 4.915569894557564545e+00 4.903010172019694579e+00 4.891437267317046533e+00 4.880798526136333138e+00 4.871087693299854138e+00
4.314994606256742138e+00 4.285171234060198842e+00 4.244541241632687090e+00 4.203504758229565930e+00 4.175336288543572749e+00 4.155596430274541397e+00 4.141072537787287011e+00 4.130382404570956290e+00 4.122691292875989788e+00 4.117400822107697422e+00 4.114154061355751679e+00 4.112659451234139674e+00 4.112659451234139674e+00 4.693270937769947970e+00 4.678061248703362374e+00 4.664083130422853607e+00 4.651130977216297424e+00 4.639041628576496379e+00 4.627679046283697417e+00 4.616996058325753438e+00 4.606964079432311010e+00
4.690334462232460311e+00 4.622060335133867603e+00 4.588412546226543931e+00 4.573691036930847886e+00 4.559774498424804534e+00 4.549527814158682126e+00 4.543483199438258957e+00 4.546801049897696956e+00 4.565712182955582676e+00 4.966407769669043404e+00 4.933128699846524690e+00 4.907246136407619197e+00 4.885695091912139354e+00 4.867114075556804309e+00 4.850621357764067554e+00 4.835756968671202749e+00 4.822065772977143006e+00 4.809310825758667640e+00 4.797313504437514808e+00 4.785964816321507165e+00 4.775185643992609030e+00
4.610514726121662576e+00 4.521990789052607873e+00 4.498674621246202321e+00 4.472733528298640238e+00 4.446390215205286545e+00 4.407743854985227472e+00 4.372361211690600769e+00 4.350768635792324091e+00 5.048609926658706115e+00 4.992716105955010697e+00 4.953867112514706683e+00 4.922942278501783342e+00 4.897058316377556508e+00 4.874833500405091335e+00 4.855265227411049267e+00 4.837728755459721697e+00 4.821800046840343690e+00 4.807197060742367967e+00 4.793699708953946370e+00 4.781094187555495090e+00 4.769376455869443809e+00
4.785186726308124250e+00 4.684131128117874354e+00 4.662068587256097629e+00 4.648460197559558083e+00 4.638187287274313952e+00 4.634240814519698937e+00 4.639168224426584608e+00 4.664915036804807791e+00 5.082850462539392211e+00 5.030423727061612560e+00 4.994048189144443484e+00 4.965140575542544177e+00 4.940982706560526516e+00 4.920183686857642513e+00 4.901791570299285361e+00 4.885298691290406836e+00 4.870218954069033934e+00 4.856361149110806963e+00 4.843486202983586786e+00 4.831451367990943879e+00 4.820206304829846466e+00
4.907381808128282508e+00 4.750822787424779037e+00 4.703380298971390872e+00 4.693733865289837048e+00 4.684163394640766143e+00 4.683131086348672589e+00 4.696975976349344606e+00 4.756652419688404798e+00 5.149400365878447516e+00 5.088743561707891772e+00 5.046888320545609652e+00 5.014321727124732675e+00 4.987394871864943013e+00 4.964387415277902171e+00 4.944225077380508537e+00 4.926276897813964162e+00 4.910050600799246823e+00 4.895235074704044287e+00 4.881536790286428840e+00 4.868916426078190973e+00 4.857224951085692410e+00
5.000924828564186519e+00 4.974378543392934837e+00 4.970041693127535964e+00 4.977702619771707582e+00 5.002535531707851923e+00 5.057754083794682387e+00 5.223762621229095515e+00 5.169118597264447779e+00 5.116974026239842210e+00 5.080114783134018985e+00 5.051401422583858825e+00 5.027548209366390353e+00 5.007133450395082619e+00 4.989167355809645876e+00 4.973090810000680762e+00 4.958506938466306302e+00 4.945122872566931171e+00 4.932723137211915798e+00 4.921259842519685179e+00 4.910586405859966419e+00 4.900742704105580216e+00
4.697852114378880728e+00 4.666964071239833700e+00 4.655079170574422776e+00 4.648777986668944706e+00 4.647252995086213367e+00 4.650622020695267977e+00 4.659417161729740187e+00 4.680155462555364743e+00 4.727290166551338046e+00 4.905033108973484879e+00 4.882308850732002270e+00 4.863280179735875564e+00 4.846780304323191402e+00 4.832085044696786014e+00 4.818713128239724419e+00 4.806404877814320464e+00 4.794896562267638274e+00 4.784034991798796987e+00 4.773692860601348009e+00 4.763849190145636570e+00 4.754456441599425709e+00
