4.994834109927404064e+00 4.806371875858281406e+00 4.774623911870129689e+00 4.769013850875009730e+00 4.771949237525501708e+00 4.796228793816974978e+00 5.300949351838465162e+00 5.231493591420350420e+00 5.163368995001858863e+00 5.106243915059334171e+00 5.066411063946322457e+00 5.034698598448767548e+00 5.008232711306256135e+00 4.985424557370465415e+00 4.965479712954460112e+00 4.947637503092273015e+00 4.931540626990595477e+00 4.916863456624261275e+00 4.903396282953205620e+00 4.891038530514645544e+00 4.879691548511694066e+00
4.716817535462837441e+00 4.669111083645751670e+00 4.648710156390935211e+00 4.637769440560408185e+00 4.631037628908733161e+00 4.630013544517234791e+00 4.635811993606731463e+00 4.656960100809489411e+00 5.005863031358646076e+00 4.965445937857102976e+00 4.936172546653686766e+00 4.912362095668250994e+00 4.892064520129812522e+00 4.874331495733243536e+00 4.858445713809784294e+00 4.844002647145108753e+00 4.830687794688964587e+00 4.818281938325990055e+00 4.806635904196879139e+00 4.795670194909737560e+00 4.785245038726304578e+00
4.580311599986119475e+00 4.563908340372196726e+00 4.548200745361853592e+00 4.535864253953417524e+00 4.528115480666318859e+00 4.531970995385629308e+00 5.033773901923037641e+00 4.975938271100022625e+00 4.934988382214850589e+00 4.903129149783785223e+00 4.876775558425145540e+00 4.854301604693415761e+00 4.834635053146938866e+00 4.817187725805673892e+00 4.801426709650867153e+00 4.787045837698332917e+00 4.773855638605487783e+00 4.761613234563870201e+00 4.750299475401710936e+00 4.739792273451667093e+00 4.730077120822621772e+00
4.432163657643058308e+00 4.412210793370652695e+00 4.393250868353492322e+00 4.375638113891609393e+00 4.359559892048992857e+00 4.346290712520033850e+00 4.342940653371293536e+00 4.346644933441999648e+00 4.356966997703946909e+00 4.375273454590912436e+00 4.405832220401756594e+00 4.468459550129241897e+00 4.724150679866902180e+00 4.710894455482047327e+00 4.698663644781027493e+00 4.687327671776771787e+00 4.676592964478524905e+00 4.666387598388723745e+00 4.656577415599533865e+00 4.647062441484600015e+00 4.637902576764107998e+00
4.439526814741960870e+00 4.404164688233310088e+00 4.339799404827510365e+00 4.286474789305937172e+00 4.253830162400257464e+00 4.231204089701527060e+00 4.214773818654173887e+00 4.956713630962484629e+00 4.912848829565662712e+00 4.769541294550280419e+00 4.747194683141954918e+00 4.823828353240116940e+00 4.802151363810986950e+00 4.782923596211924533e+00 4.765752885352561918e+00 4.750174738570739130e+00 4.736018449880569747e+00 4.723115887466630802e+00 4.711359920184020389e+00 4.700644956138834374e+00 4.691037399125699281e+00
4.346236366270446183e+00 4.307927955033437506e+00 4.258358746119398575e+00 4.215472858574340620e+00 4.187834683509541911e+00 4.168090194738639731e+00 4.153600132915203247e+00 4.885197850512945195e+00 4.844625925669595823e+00 4.812220289695661180e+00 4.785212326706952624e+00 4.762036219081272392e+00 4.741746612056406462e+00 4.723697902404293103e+00 4.707413483970564805e+00 4.692567800703884906e+00 4.678942008642281714e+00 4.666323554640589677e+00 4.654633071167970648e+00 4.643812639487655325e+00 4.633856198301381291e+00
4.227626499594563825e+00 4.201101928374654904e+00 4.171967116691971178e+00 4.137474485574005101e+00 4.108829189122559455e+00 4.089582654624347668e+00 4.075486295313880625e+00 4.065040650406504419e+00 4.057436800264076382e+00 4.052142140904658518e+00 4.048721907702865330e+00 4.046972315965648548e+00 4.046666986742021521e+00 4.047749725576290203e+00 4.050028144263375651e+00 4.053450585689258645e+00 4.057883298027456398e+00 4.063220963465445479e+00 4.069330353755853835e+00 4.076105730037444808e+00 4.083525397451603034e+00
4.449202619468041853e+00 4.429924137549144270e+00 4.412575841147270417e+00 4.396872724274858868e+00 4.382961238186549480e+00 4.372267332916925930e+00 4.371508864448530929e+00 4.378133957217421823e+00 4.392105190919322055e+00 4.415894460122403054e+00 4.457611543156537515e+00 4.735920930711417398e+00 4.721596857743076470e+00 4.708708380818496408e+00 4.696813764427160365e+00 4.685744999000832856e+00 4.675306817009866833e+00 4.665283328923363726e+00 4.655620977680404948e+00 4.646363878620576315e+00 4.637364885600300468e+00
4.524018425093221829e+00 4.498149624813429170e+00 5.330526833735400594e+00 5.250685698099389676e+00 5.172636751584119175e+00 4.971929315738226940e+00 4.901588528902113495e+00 4.857025584895334092e+00 4.820139921776013914e+00 4.789993020295884030e+00 4.775418872455382768e+00 4.768977122535460467e+00 4.822157474004495015e+00 4.803700221656453273e+00 4.787143101384851995e+00 4.772180263922317422e+00 4.758635223417924109e+00 4.746345657781598781e+00 4.735205912831034425e+00 4.725218284540318336e+00 4.716368532935973690e+00
4.254589123348772262e+00 4.221219586458880180e+00 4.181691048439064140e+00 4.148258768381970718e+00 4.126121789361482328e+00 4.109898690997265902e+00 4.097905206423293478e+00 4.089044133954313764e+00 4.082762438585564979e+00 4.078557158559093843e+00 4.076105730037444808e+00 4.075176648547095937e+00 4.075570752599039004e+00 4.077204281755547832e+00 4.079910933469791168e+00 4.603861746718889592e+00 4.592123480144206127e+00 4.581074609046927648e+00 4.570605466721144872e+00 4.560739520509712541e+00 4.551410247569132927e+00
4.143503332067263401e+00 4.120171673819742253e+00 4.092731586176278746e+00 4.065628897663296826e+00 4.047360983440119853e+00 4.034081029386193507e+00 4.024446809091156041e+00 4.017650423555688022e+00 4.013202050884633998e+00 4.010732166071971250e+00 4.010094375496940700e+00 4.013090979540154812e+00 4.030632809351067714e+00 4.045335658238884413e+00 4.061738424045491236e+00 4.083327565921517355e+00 4.125866431950709234e+00 4.467783841744222606e+00 4.460089064547781312e+00 4.452512244408671549e+00 4.444961123686171689e+00
5.132030025797003958e+00 5.044467324981169121e+00 5.020045799321949609e+00 5.063013998549514838e+00 5.448329405995885999e+00 5.375283222992603527e+00 5.304354330869301748e+00 5.235352910380277613e+00 5.174679476267965761e+00 5.132802715594823262e+00 5.099751132144750621e+00 5.072349526009499954e+00 5.048968073922424971e+00 5.028574535026739234e+00 5.010467071622223934e+00 4.994253188112309338e+00 4.979563043342946749e+00 4.966222881361697539e+00 4.954139803072942883e+00 4.943153732081067453e+00 4.933297703961025960e+00
4.339769510019356069e+00 4.320602415422492903e+00 4.302328808948843175e+00 4.285131274656508893e+00 4.269384382316484761e+00 4.262164354557079093e+00 4.261168384879724158e+00 4.265301770100234258e+00 4.274800739126837001e+00 4.290617848970251558e+00 4.315505192527215428e+00 4.358172611306345701e+00 4.635844069579176718e+00 4.624969393584895450e+00 4.614768616858835770e+00 4.605159152925650368e+00 4.595903472307966808e+00 4.586998938828603656e+00 4.578316546172663593e+00 4.569814299364379551e+00 4.561570839121690923e+00
4.574065730007236930e+00 4.555494202098288703e+00 4.539080124926324622e+00 4.526469559492213079e+00 4.520547945205479756e+00 4.547830277689159040e+00 5.031788664876074790e+00 4.975743251648214738e+00 4.935867992952676531e+00 4.903856779754669049e+00 4.877043549938177236e+00 4.854070240447394546e+00 4.833943817317774005e+00 4.816060875009460673e+00 4.799978057243166951e+00 4.785375891276260063e+00 4.771982239926967573e+00 4.759767723335101230e+00 4.748534148154264223e+00 4.738327576379779416e+00 4.729072142338217155e+00
4.849726775956283653e+00 4.801591384573172583e+00 4.790320814628270973e+00 4.785916919256727020e+00 4.790320814628270973e+00 4.803832085480761016e+00 4.827698751597900184e+00 4.873996883387908596e+00 5.028310074529198204e+00 4.992511233150273675e+00 4.965952612567260616e+00 4.944104155794216027e+00 4.925434395950198052e+00 4.908945872053779524e+00 4.894130442171089612e+00 4.880597220121809521e+00 4.868081838626514113e+00 4.856355929263706628e+00 4.845291877652967649e+00 4.834865509022811203e+00 4.825041284684231435e+00
4.135136252739527229e+00 4.114887663566785037e+00 4.094123198412312092e+00 4.071408362258734925e+00 4.056599881739800573e+00 4.046633968003683357e+00 4.040601074242561097e+00 4.038181704251926796e+00 4.039194111133551424e+00 4.043361567151173119e+00 4.050420754914627608e+00 4.060480513134622882e+00 4.074051056836465179e+00 4.093327875562832396e+00 4.128961222172522483e+00 4.441976679622432478e+00 4.435542556951673099e+00 4.429035093182745797e+00 4.422516135273712123e+00 4.415894460122403054e+00 4.409231829142266967e+00
5.109618345573707643e+00 4.930257400521785627e+00 4.917374260662390917e+00 4.957285852041994012e+00 5.433623814403917507e+00 5.356591010541495557e+00 5.281678064573658737e+00 5.208618893579691544e+00 5.147316189338878800e+00 5.104749458896556291e+00 5.070924415815802000e+00 5.042829981668631056e+00 5.018872335013165653e+00 4.997946049568669835e+00 4.979459728619444192e+00 4.962846634442154681e+00 4.947909508232771536e+00 4.934345787987608922e+00 4.922078642338195031e+00 4.910979844232019609e+00 4.901059854193468901e+00
4.888090271323433100e+00 4.743409067473274732e+00 4.725380084919873269e+00 4.717432622755800331e+00 4.715530497180932201e+00 4.728618421052631859e+00 4.786455697933619469e+00 5.193314291180932685e+00 5.126855020853828826e+00 5.073914593675434404e+00 5.036137690726699923e+00 5.005725727373090628e+00 4.980183021726047876e+00 4.958161269289285578e+00 4.938779709846691901e+00 4.921396290237613158e+00 4.905668090673098725e+00 4.891271119082071017e+00 4.878048780487804770e+00 4.865879901859999634e+00 4.854671928206337306e+00
4.778874643291142199e+00 4.776070522092737747e+00 4.794060843480761669e+00 4.858620972819094774e+00 5.233858305181518844e+00 5.164933544521726816e+00 5.097647504563772358e+00 5.043895523201919140e+00 5.005176586743823819e+00 4.974005709886005988e+00 4.947841504143816849e+00 4.925390736103113731e+00 4.905668090673098725e+00 4.888191231548798754e+00 4.872458258130484943e+00 4.858209680329802715e+00 4.845258811887944717e+00 4.833483103232305567e+00 4.822730216471691200e+00 4.813080577844703001e+00 4.804491513208920317e+00
4.568106312292359306e+00 4.547367277959520671e+00 4.516619105298815384e+00 4.447972408884996121e+00 4.378792958353573184e+00 4.343419719125524381e+00 4.319743283827704339e+00 4.303043549532811873e+00 4.291162282067785938e+00 4.851038468735056952e+00 4.830784519405950661e+00 4.813494054317907000e+00 4.809079542175627608e+00 4.803963956544714975e+00 4.857391102080468315e+00 4.840304524301785705e+00 4.824924179762889231e+00 4.810963498532656146e+00 4.798365813700019800e+00 4.787012152172276380e+00 4.776871633690098484e+00
5.181417799533671875e+00 5.112862995999529758e+00 5.116764567428723431e+00 5.146080059282841290e+00 5.258054383305335477e+00 5.409032399419384518e+00 5.341771980715527057e+00 5.276466275157437380e+00 5.214336681486359204e+00 5.170841894705329622e+00 5.137373363746583266e+00 5.109931663180557138e+00 5.086574879193847210e+00 5.066278020681518335e+00 5.048265511477982415e+00 5.032122866517770632e+00 5.017492490944456485e+00 5.004112969564025626e+00 4.991964987862003156e+00 4.980827226702691846e+00 4.970821956052486890e+00
4.259181678536516635e+00 4.216929936746050878e+00 4.174650971803996136e+00 4.141415535830146766e+00 4.119076209891368023e+00 4.102620206772058076e+00 4.090397791185192311e+00 4.081406770984655985e+00 4.757988322537231696e+00 4.730433828772007132e+00 4.707055044855465553e+00 4.686767692548039044e+00 4.668790508623530400e+00 4.652658515391404848e+00 4.637962065623702834e+00 4.624403247963222441e+00 4.611847630060986525e+00 4.600131824673184155e+00 4.589166826488396467e+00 4.578881642847232314e+00 4.569308095983162232e+00
4.145134993229612874e+00 4.110377332639136405e+00 4.073826013105290578e+00 4.040044372012763674e+00 4.017037780932922075e+00 4.000137935790888832e+00 3.987436078601459322e+00 3.978024842079272982e+00 3.971269916260980803e+00 3.966707017651846190e+00 3.963995981328211737e+00 3.962912604111862969e+00 4.612704903924930377e+00 4.597732700172929121e+00 4.584033671810971100e+00 4.571396908073364074e+00 4.559498046901581780e+00 4.548242379971194183e+00 4.537517015688808719e+00 4.527183680188769266e+00 4.517276846523782474e+00
4.524979946111602480e+00 4.496340670438980780e+00 4.462171086504334916e+00 4.375559763993244644e+00 4.330670772784139366e+00 4.302867212151842757e+00 4.283335751345450859e+00 5.004696187518424821e+00 4.958969621216238188e+00 4.804821294967978496e+00 4.892667115161152047e+00 4.867047347459194206e+00 4.844793577187942901e+00 4.825223511246217178e+00 4.807659288054340507e+00 4.791894852135816230e+00 4.777599290976567659e+00 4.764633986341381799e+00 4.752851711026615966e+00 4.742268041237113430e+00 4.732802436364384135e+00
4.685809576967867152e+00 4.680423440661866330e+00 4.683485890998753121e+00 4.703831547491405196e+00 4.819940783584658384e+00 5.096875064571896097e+00 5.033054928312973964e+00 4.985589597191679267e+00 4.949916470159566373e+00 4.920816439685344434e+00 4.896227184941380983e+00 4.874967385781573626e+00 4.856254856254857089e+00 4.839545219074623539e+00 4.824425376477480043e+00 4.810698994563909814e+00 4.798135581602577027e+00 4.786580924434455042e+00 4.776070522092737747e+00 4.766509144888259719e+00 4.757931609904771264e+00
5.078301925637189740e+00 5.002912654627693634e+00 4.978426817125788162e+00 4.988360492184900963e+00 5.024710562905245759e+00 5.155968032998194950e+00 5.296136571542550797e+00 5.233146888316490219e+00 5.171721570842378490e+00 5.127103671421940234e+00 5.093507155000929210e+00 5.066098898465793532e+00 5.042829981668631056e+00 5.022601707684580141e+00 5.004627566585540421e+00 4.988485482140538885e+00 4.973836258584977799e+00 4.960419982225162450e+00 4.948079526633724967e+00 4.936714068263785116e+00 4.926344310414427774e+00
4.233700254022014775e+00 4.214686454965038465e+00 4.196362235491593928e+00 4.178796785112339762e+00 4.163026861760209307e+00 4.154634119762436129e+00 4.150899015545117088e+00 4.150726723070430779e+00 4.153502560191741466e+00 4.160329552662269670e+00 4.171968543357182924e+00 4.188122210779265053e+00 4.210613507095918528e+00 4.243930153123737448e+00 4.522313505957805013e+00 4.515908313376667316e+00 4.509459616422631711e+00 4.502937143091060967e+00 4.496340670438980780e+00 4.489632402713119141e+00 4.482820452695898794e+00
5.196545664645027429e+00 5.108643825352495504e+00 4.940880986529236907e+00 4.937594294335481138e+00 4.986849745534036593e+00 5.449479915260587504e+00 5.372468479251390150e+00 5.297557619539043472e+00 5.224408988733149073e+00 5.167080259713770829e+00 5.126417454426149156e+00 5.093998031238598401e+00 5.066619195639968432e+00 5.043282416906740728e+00 5.022840348340765537e+00 5.004627566585540421e+00 4.988291371641563998e+00 4.973497390617122704e+00 4.960081535586886581e+00 4.947841504143816849e+00 4.936815616793400530e+00
4.324903204547326574e+00 4.298033996062446960e+00 4.269943044469389548e+00 4.232730805259688367e+00 4.197892795452512260e+00 4.175165295478501903e+00 4.158782308540058814e+00 4.146754315003772007e+00 4.137988110180829793e+00 4.131747660397887323e+00 4.127541017438860038e+00 4.125157271620979671e+00 4.124363301415343130e+00 4.125072188763303060e+00 4.127171924225123689e+00 4.671227983403400508e+00 4.658587214918440189e+00 4.646679011575085561e+00 4.635427116556776639e+00 4.624717756195760643e+00 4.161351279444970075e+00
4.522871338016103415e+00 4.510137559195555035e+00 4.499775011249437462e+00 4.492269840282529181e+00 4.487741561319809946e+00 4.490655981208330871e+00 4.506534474988733940e+00 4.538141012418003939e+00 4.801690194948622370e+00 4.780512138343865125e+00 4.762487923691335112e+00 4.746672170054690554e+00 4.732510288065843618e+00 4.719659090131807844e+00 4.707776701281333409e+00 4.696689174471792683e+00 4.686229377144983665e+00 4.676303519606089587e+00 4.666867982540422233e+00 4.657948995458499830e+00 4.649445485251684218e+00
5.196545664645027429e+00 5.210975960945106067e+00 4.996133129837865283e+00 4.966493179576146666e+00 5.003667071072635864e+00 5.508667650519242009e+00 5.428844343350353263e+00 5.351115501769983851e+00 5.275454065867811515e+00 5.208440414756334569e+00 5.065994851853879766e+00 5.046106203254392852e+00 5.048196634080784229e+00 5.073253669539225186e+00 5.051623439532758830e+00 5.032473052466930774e+00 5.015355231427727212e+00 4.999863017451575686e+00 4.985873358816685474e+00 4.973158568820339021e+00 4.961632309062116164e+00
4.463549964291599892e+00 4.395845925600307069e+00 4.374787336726686959e+00 4.351077571554830214e+00 4.327755337564916260e+00 4.304539206020800535e+00 4.282270708577664564e+00 4.266710710132061379e+00 4.259090066015896348e+00 4.259675302814820874e+00 4.269266787858755130e+00 4.288865288783595631e+00 4.336662697128854660e+00 4.409809069047962993e+00 4.752655287845600540e+00 4.738783162897387768e+00 4.725962658045780529e+00 4.713951931353928870e+00 4.702514823144550604e+00 4.691564153690122474e+00 4.681035610290017246e+00
4.350929671300860058e+00 4.330670772784139366e+00 4.310794368155744571e+00 4.291786075230857200e+00 4.273563186699568028e+00 4.262662514008345838e+00 4.258826761917846149e+00 4.260348523995382664e+00 4.267444901779937183e+00 4.280910591110895780e+00 4.302602733177163685e+00 4.338484422774977034e+00 4.442682560078737630e+00 4.651671865594045663e+00 4.640624573472006631e+00 4.630237524274192218e+00 4.620339146685423337e+00 4.610800283529807864e+00 4.601616747137724950e+00 4.592658600952804093e+00 4.583986152256757762e+00
5.593222651187536698e+00 5.158964905281403723e+00 5.644837693913776988e+00 5.557957141974927850e+00 5.472218232063094767e+00 5.388555798836343946e+00 5.307133331518929076e+00 5.227858985382630941e+00 5.165675446049277753e+00 5.012531328320801727e+00 5.086711474942858580e+00 5.047955577990912879e+00 5.032815316081205026e+00 5.011223768302979664e+00 4.992203955466805176e+00 4.975261892257940133e+00 4.960081535586886581e+00 4.946379868233935717e+00 4.934109084928352651e+00 4.923245239153475339e+00 4.913664832693172002e+00
4.716392237373245422e+00 4.698704111025612029e+00 4.692536826212919010e+00 4.693462482909675160e+00 4.706989879971757773e+00 4.751051772693156927e+00 5.100634132892197137e+00 5.040940612269921850e+00 4.997227565528713278e+00 4.964095310629963897e+00 4.936951021331742240e+00 4.913904301713723832e+00 4.893885400368075622e+00 4.876105708477556533e+00 4.860132334460420367e+00 4.845622560126669143e+00 4.832265924358022602e+00 4.819973972140550345e+00 4.808584009397345760e+00 4.798069805061278004e+00 4.788407889075489976e+00
4.244098268268754914e+00 4.225822501823238042e+00 4.208347706105552533e+00 4.191777244834150373e+00 4.177283929988720779e+00 4.170257721927215222e+00 4.167911251276422036e+00 4.169330405536870288e+00 4.174348627682888058e+00 4.183021117284940082e+00 4.195900398954464983e+00 4.214075010535187182e+00 4.240027247388212572e+00 4.280851005999986469e+00 4.522003658712050900e+00 4.515537554220658834e+00 4.509059109665782827e+00 4.502507077804686730e+00 4.495905267817617457e+00 4.489198298248521901e+00 4.482449486242328085e+00
4.627991179593280435e+00 4.625985611113413221e+00 4.638540036831392932e+00 4.717864749918477152e+00 5.088043784679487480e+00 5.020425567032996916e+00 4.965614817938794445e+00 4.926108374384236654e+00 4.894230246342922364e+00 4.867514482569498924e+00 4.844659455045020380e+00 4.824615050080862666e+00 4.806866952789699887e+00 4.790976537903469001e+00 4.776559376044872351e+00 4.763557424684754515e+00 4.751673415420212265e+00 4.740834386852085025e+00 4.731114966093675989e+00 4.722451785850700468e+00 4.714887952074549915e+00
4.512322110378340412e+00 4.492882865097788780e+00 4.472548871197472131e+00 4.453610507780114247e+00 4.436188205284608443e+00 4.428085129936623510e+00 4.434771336367171912e+00 4.949712297972680197e+00 4.907306434023990249e+00 4.875168227636023310e+00 4.848832524056354565e+00 4.826421208673767893e+00 4.806899961544800703e+00 4.789571229253867024e+00 4.773888195538459556e+00 4.759605435607366708e+00 4.746410956642567847e+00 4.734133790737564240e+00 4.722681371800036665e+00 4.711988254174206858e+00 4.702034140856588884e+00
4.619861266255705701e+00 4.598079786978512828e+00 4.581996917565709815e+00 4.567663709219758950e+00 4.557327093649670147e+00 4.552218017271250972e+00 4.561192544523458459e+00 5.039670378315796562e+00 4.986032279436373393e+00 4.948589651949194312e+00 4.919043627067210878e+00 4.894429866898698300e+00 4.873294346978557456e+00 4.854739265824715488e+00 4.838127167787612315e+00 4.822996045143241872e+00 4.809112581325528879e+00 4.796261656628775683e+00 4.784296571709771406e+00 4.773106951689338295e+00 4.762682342695406135e+00
4.401771713114529305e+00 4.382511041873523361e+00 4.364392102528575457e+00 4.347589804901907051e+00 4.332278916242606748e+00 4.320987654320987303e+00 4.318795672978049005e+00 4.322855554869387440e+00 4.332845028576144841e+00 4.349807365673806103e+00 4.376914900268867648e+00 4.425482481312708494e+00 4.688458807063025091e+00 4.676528640299298267e+00 4.665491145858347011e+00 4.655142906041416673e+00 4.645284694470062092e+00 4.635811993606731463e+00 4.626624497631444122e+00 4.617683009642807868e+00 4.608992350448517072e+00
5.139098259558722681e+00 4.936612523911716011e+00 5.574628641354227199e+00 5.492091388400702101e+00 5.411292476933509121e+00 5.332677003855935460e+00 5.256152087101948034e+00 5.181912398407243714e+00 5.128702715440167204e+00 5.088953532352677556e+00 5.056767409480399600e+00 5.029770805578967163e+00 5.006584000877865925e+00 4.986236620834272770e+00 4.968258349434170107e+00 4.952129415648728106e+00 4.937628155452992829e+00 4.924491135915955553e+00 4.912678863026210152e+00 4.902130010011392258e+00 4.892800108728890152e+00
4.127484229570673513e+00 4.097791359911098219e+00 4.065097632431068142e+00 4.036270764177400494e+00 4.016611069507795229e+00 4.001987193640980323e+00 3.990972145766816581e+00 3.982832618025750726e+00 3.976947657787142099e+00 3.972983710766786025e+00 3.970658920398737468e+00 3.969801649208824834e+00 3.970244065529922928e+00 3.971876328313904025e+00 3.974562798092209359e+00 3.978224455611390376e+00 3.982755367985634454e+00 3.988063313943093657e+00 4.050845090096381718e+00 4.269384382316484761e+00 4.007711389501177557e+00
4.936104864805572312e+00 4.890110268542815497e+00 4.889444233172162591e+00 4.904534276477577670e+00 4.947773501924134010e+00 5.261809647112581700e+00 5.200314755893120200e+00 5.140154890000685484e+00 5.089093522409203985e+00 5.053091604356584554e+00 5.024191827773456076e+00 4.999965753659221690e+00 4.979060662692512018e+00 4.960625038754883143e+00 4.944138106257767618e+00 4.929244798619810908e+00 4.915548151890437367e+00 4.903028982349095344e+00 4.891457861123932993e+00 4.880798526136333138e+00 4.871054274521641858e+00
4.314979829181591953e+00 4.285171234060198842e+00 4.244540288902580727e+00 4.203504758229565930e+00 4.175336764866937500e+00 4.155613888061614247e+00 4.141072537787287011e+00 4.130382404570956290e+00 4.122662965431470816e+00 4.117429077284143979e+00 4.114182271988589434e+00 4.112659451234139674e+00 4.112631261481095812e+00 4.693247934625816242e+00 4.678072909142191982e+00 4.664083130422853607e+00 4.651130502391514376e+00 4.639021789554583997e+00 4.627676225993929471e+00 4.616996058325753438e+00 4.606964079432311010e+00
4.690366814275269469e+00 4.617027874444405988e+00 4.590110025622404777e+00 4.573677791329415321e+00 4.559746287549851118e+00 4.549528750305565694e+00 4.543483199438258957e+00 4.546801049897696956e+00 4.565736224966276069e+00 4.966425602264145311e+00 4.933128699846524690e+00 4.907239541445727049e+00 4.885702096035012154e+00 4.867114075556804309e+00 4.850654496761675816e+00 4.835754616102382109e+00 4.822098990803567631e+00 4.809343868086568108e+00 4.797313504437514808e+00 4.785997538629835901e+00 4.775190837090953266e+00
4.601427129190216903e+00 4.519897822915881491e+00 4.498674621246202321e+00 4.472733528298640238e+00 4.446390215205286545e+00 4.407743854985227472e+00 4.372361211690600769e+00 4.350768635792324091e+00 5.048583975932777967e+00 4.992750253057204546e+00 4.953867112514706683e+00 4.922931848595577975e+00 4.897059723724213498e+00 4.874833500405091335e+00 4.855244357512449760e+00 4.837731580848034341e+00 4.821800046840343690e+00 4.807197060742367967e+00 4.793699708953946370e+00 4.781108385648360048e+00 4.769399532598845859e+00
4.776838563625411815e+00 4.684131128117874354e+00 4.662068587256097629e+00 4.648419884136400171e+00 4.638186815088643833e+00 4.634272868753241958e+00 4.639150273848347439e+00 4.664915036804807791e+00 5.082836497513530283e+00 5.030420447979333964e+00 4.994034902755042360e+00 4.965141982656009922e+00 4.940982706560526516e+00 4.920168533096794583e+00 4.901793920413928696e+00 4.885265077235352749e+00 4.870218954069033934e+00 4.856355929263706628e+00 4.843473930513202852e+00 4.831476730655378304e+00 4.820239497042438259e+00
4.907507122701310287e+00 4.744550642920992267e+00 4.705818164458114516e+00 4.693717900751675387e+00 4.684190517569107648e+00 4.683173155237009055e+00 4.696975976349344606e+00 4.756662725431836769e+00 5.149401296275952333e+00 5.088708568284967093e+00 5.046922741161065318e+00 5.014321727124732675e+00 4.987392978858993686e+00 4.964365377291768411e+00 4.944206008583690526e+00 4.926276897813964162e+00 4.910050600799246823e+00 4.895195229904204304e+00 4.881536790286428840e+00 4.868916426078190973e+00 4.857198367981347964e+00
5.004250185088706004e+00 4.974402553526642734e+00 4.970043572984748970e+00 4.977702619771707582e+00 5.002569813260236309e+00 5.057719515279096356e+00 5.223774278678181560e+00 5.169134066661152715e+00 5.116964119017819002e+00 5.080079908283962276e+00 5.051378749610766050e+00 5.027583770416065967e+00 5.007099106267103750e+00 4.989167355809645876e+00 4.973090810000680762e+00 4.958498050563094672e+00 4.945088908577669251e+00 4.932756931551145918e+00 4.921259842519685179e+00 4.910572254575130913e+00 4.900759617740749086e+00
4.697872340425531590e+00 4.666964071239833700e+00 4.655105330442999012e+00 4.648777986668944706e+00 4.647252995086213367e+00 4.650653827214532576e+00 4.659385235230434574e+00 4.680197944842490188e+00 4.727277783184794302e+00 4.905008635578583132e+00 4.882315845149215683e+00 4.863280179735875564e+00 4.846772741750100977e+00 4.832051689147212947e+00 4.818753775256038097e+00 4.806404877814320464e+00 4.794881806163477478e+00 4.784034991798796987e+00 4.773698994064009327e+00 4.763844491545900617e+00 4.754465801806697201e+00
