2.502502502502502502e+00 2.555747236598300276e+00 2.612159602951739767e+00 2.672724842977415527e+00 2.738225629791894544e+00 2.808199943836001022e+00 2.882259691598212381e+00 2.960550662423210522e+00 3.043213633597078527e+00 3.130380341211456585e+00 3.598416696653472080e+00 3.692762186115214007e+00 3.790750568612585081e+00 3.892944038929440520e+00 4.001200360108032150e+00 4.119888763003398680e+00 4.259850905218317330e+00 4.024144869215292353e+00 4.172316678835923831e+00 4.887585532746822281e+00 5.001875703388770411e+00
2.495165616617803117e+00 2.546635258165149018e+00 2.601626016260162544e+00 2.661166921695163445e+00 2.725352592491653514e+00 2.793881399734581272e+00 2.866561559409487980e+00 2.943557288983736697e+00 3.024803387779793962e+00 3.110419906687402758e+00 3.200512081933108544e+00 3.295435821387378450e+00 3.395585738539898202e+00 3.501094091903719896e+00 3.612716763005780152e+00 3.730647267300876369e+00 3.855421686746987930e+00 3.989229081480003547e+00 4.134366925064599130e+00 4.740459824602986316e+00 4.859676831490705951e+00
2.479082739386427203e+00 2.526528549772612653e+00 2.578150177247824804e+00 2.634872538040971879e+00 2.695962795713418902e+00 2.761286759629987486e+00 2.830455703368242037e+00 2.903811252268602150e+00 2.981736861721953069e+00 3.063256241384591405e+00 3.507233669443226898e+00 3.596475454055025889e+00 3.689696522461027417e+00 3.788237522492660325e+00 3.893701937116714085e+00 4.013243704223937947e+00 4.182350480970304929e+00 3.902439024390243816e+00 4.038772213247172616e+00 4.188481675392671022e+00 4.795588058985733149e+00
2.475707123847248781e+00 2.522227126552746057e+00 2.572016460905349966e+00 2.626395272488509125e+00 2.685104383432905806e+00 2.748007694421544134e+00 2.814324913811299123e+00 2.884962134871980055e+00 2.959455460195323795e+00 3.037897774739879875e+00 3.120368203448006916e+00 3.207441263731857450e+00 3.298697014679201178e+00 3.395009336275674361e+00 3.495892326516342852e+00 3.602954422626553743e+00 3.715745471435206948e+00 3.835826620636747286e+00 3.963928252898622606e+00 4.103405826836273640e+00 4.697592483852025325e+00
2.469745616201530769e+00 2.514458134272063994e+00 2.562459961563100297e+00 2.615062761506275812e+00 2.671832208937278352e+00 3.050873312485698818e+00 3.124511795032026473e+00 3.198976327575175915e+00 3.274394237066142299e+00 3.350925693222752244e+00 3.093580819798917414e+00 3.177629488401652047e+00 3.265839320705421489e+00 3.358522250209907689e+00 3.456320746565281432e+00 3.559352197899982251e+00 3.667705849990830380e+00 3.782863627766218872e+00 3.905105925998242800e+00 4.037141703673799320e+00 4.183662796778579107e+00
2.470355731225296392e+00 2.515248695214738817e+00 2.563280999679590000e+00 2.614379084967320299e+00 2.669692317960354444e+00 3.033290361719875428e+00 3.104625892579943702e+00 3.176620076238881651e+00 3.249126797173259362e+00 3.322535094276933165e+00 3.080240258740181147e+00 3.161555485298766843e+00 3.247016803311956856e+00 3.336391692384685914e+00 3.430531732418524715e+00 3.790032215273829497e+00 3.871842028845222661e+00 3.939722249581403712e+00 4.003603242918626570e+00 4.061326022946491143e+00 4.127541017438860038e+00
2.462296091104955398e+00 2.505323813102843022e+00 2.551183111167803830e+00 2.599935001624959607e+00 2.653223666755107235e+00 2.710027100271002798e+00 2.770658724111657367e+00 2.834667989511728159e+00 2.902125807153739689e+00 2.973093503790694037e+00 3.349522693016245167e+00 3.421142661648990835e+00 3.494060097833682654e+00 3.567924360003567497e+00 3.642655495856478964e+00 3.719546215361725583e+00 3.796867584242999527e+00 3.872591732016651633e+00 3.940110323089045963e+00 4.000800160032006225e+00 4.046944556859570774e+00
2.476626834251749010e+00 2.523181732164258673e+00 2.573340195573854849e+00 2.628293580392929929e+00 2.687630182086944153e+00 2.751031636863824126e+00 2.818290706686394476e+00 2.889338341519791520e+00 2.964719833975689056e+00 3.043908378357810918e+00 3.127443315089914133e+00 3.215434083601286019e+00 3.307698668651285701e+00 3.405124712692602085e+00 3.507541213609259412e+00 3.615655789568833267e+00 3.730299356523361087e+00 3.851709195955705045e+00 3.982080637132901835e+00 4.124987109415282127e+00 4.691531785127843968e+00
2.474022761009400995e+00 2.519843769686279433e+00 2.569208041621169780e+00 2.623294858342077429e+00 2.681684097613300732e+00 3.067014261616316517e+00 3.143171460003142847e+00 3.220093382708098417e+00 3.297881111385934094e+00 3.377237419790611206e+00 3.115022194533135558e+00 3.201536737634063989e+00 3.292452053666968581e+00 3.388107741826190011e+00 3.488574917146345378e+00 3.909686247678624049e+00 4.022526146419950877e+00 4.192872117400419540e+00 3.953741227636651256e+00 4.091653027823240585e+00 4.250797024442082517e+00
2.464268112370625818e+00 2.507836990595611493e+00 2.554278416347381953e+00 2.603997135603150603e+00 2.657983919197288714e+00 2.715546503733876182e+00 2.777006387114690611e+00 2.841918294849023141e+00 2.910360884749708887e+00 2.982181465742189896e+00 3.361344537815126099e+00 3.434655675768503613e+00 3.509695533912433163e+00 3.585835948005378970e+00 3.663674665689686805e+00 3.743215422047538432e+00 3.824091778202676650e+00 3.897116134060794490e+00 3.963928252898622606e+00 4.021312958681009242e+00 4.075810067250865920e+00
2.459419576979832378e+00 2.501719932453561945e+00 2.547121752419765794e+00 2.595043466978071756e+00 2.646903123345685671e+00 2.702337521956492239e+00 2.761668047500690282e+00 2.824060999717593834e+00 2.889964597933674995e+00 2.959017606154755953e+00 3.314550878355982722e+00 3.384381081309755235e+00 3.455126544009674117e+00 3.526714865103156349e+00 3.600036000360003374e+00 3.674781809830041546e+00 3.750586029067041860e+00 3.827018752391886380e+00 3.897875657766516788e+00 3.963142772218368304e+00 4.010829238945151864e+00
2.513984036201370120e+00 2.570198547837820424e+00 2.630021697679005843e+00 2.694691457828078285e+00 2.764148987630433041e+00 2.838489923360771883e+00 2.917365618846181619e+00 3.000525091891080631e+00 3.088326127239036545e+00 3.180914512922465409e+00 3.278688524590164022e+00 3.381805884342238944e+00 3.490705995287546770e+00 3.605227579990986975e+00 3.727171077152441114e+00 3.856536829926725751e+00 3.994806751223408892e+00 4.144218814753418911e+00 4.311273981461521743e+00 4.924289055767572698e+00 5.037783375314861090e+00
2.720903339908849361e+00 2.523340903356043441e+00 2.573340195573854849e+00 2.626222835007550049e+00 2.682943188677979762e+00 2.743860611880915901e+00 2.808397107350979027e+00 2.876456205954263989e+00 2.948330507849930004e+00 3.023660140600196389e+00 3.103180760279286243e+00 3.186235462800700802e+00 3.273590310172681761e+00 3.365303718660608734e+00 3.461405330564208516e+00 3.562839583147768607e+00 3.669724770642202039e+00 3.782863627766218872e+00 3.903962521959788656e+00 4.039180046450570494e+00 4.334633723450368237e+00
2.471882338400691825e+00 2.517781834204066094e+00 2.568713074749550351e+00 2.624671916010498762e+00 2.684743942546479634e+00 2.749140893470790381e+00 2.817496654222722885e+00 2.890173410404623944e+00 2.966918854769322156e+00 3.048083517488378469e+00 3.495281370150296940e+00 3.584871840831690637e+00 3.678837487353996405e+00 3.778575477045153619e+00 3.889158969372872754e+00 4.028197381671701827e+00 3.755163349605707968e+00 3.880857669544969024e+00 4.015661078204999512e+00 4.162330905306972362e+00 4.783544606553455480e+00
2.807805699845570491e+00 2.566405748748877169e+00 2.625533311453888796e+00 2.688533405027556888e+00 2.756339581036383546e+00 2.829054388570620304e+00 2.905709719599011809e+00 2.986857825567502900e+00 3.072668612690121037e+00 3.162805408397248108e+00 3.636033087901099581e+00 3.737269924320283820e+00 3.842828321644730316e+00 3.952569169960474138e+00 4.069589988808627545e+00 3.817886799656390107e+00 3.951397806974217275e+00 4.095423364390294196e+00 4.256677663083962670e+00 4.780114722753345369e+00 4.914608674284309586e+00
2.693965517241379004e+00 2.489110143123833385e+00 2.533088468114748526e+00 2.581144737691166036e+00 2.633311389071757436e+00 2.689075630252101057e+00 2.748385323622371867e+00 2.811357885858869476e+00 2.877904885243542488e+00 2.948113207547169434e+00 3.022061045633121168e+00 3.099814011159330196e+00 3.181420504255149329e+00 3.267173078493833316e+00 3.357394661742487685e+00 3.699935251133104952e+00 3.785011355034065161e+00 3.874842584520004074e+00 3.972589134968715463e+00 4.091234530019432825e+00 4.440990340846008522e+00
2.498282430828805190e+00 2.550369803621525211e+00 2.607391956195814764e+00 2.669692317960354444e+00 2.736539645618115912e+00 2.808002808002807882e+00 2.883714223920409214e+00 2.964060763245646601e+00 3.049012882079426667e+00 3.138731952291274219e+00 3.635372171226029625e+00 3.739016638624041988e+00 3.849485131363679535e+00 3.971405877680698637e+00 4.123711340206186016e+00 3.792547643879776054e+00 3.925802335852389024e+00 4.068762079137422383e+00 4.224310909282922744e+00 4.406256884776381888e+00 4.968944099378882484e+00
2.497658445207617817e+00 2.549394518801784582e+00 2.604845011721802717e+00 2.664535038635757580e+00 2.729071433444770545e+00 2.797985450475657387e+00 2.870882078518624425e+00 2.948330507849930004e+00 3.030073479281872206e+00 3.115992833216483238e+00 3.580059070974670909e+00 3.673431903756084083e+00 3.770028275212064184e+00 3.871092615890835198e+00 3.978516013526954165e+00 4.096681687832855800e+00 4.237288135593220595e+00 3.997601439136517776e+00 4.143360265175056512e+00 4.308951847463104556e+00 4.960932655339203023e+00
2.491746091073319569e+00 2.542265158256006075e+00 2.597233945847671865e+00 2.657101102696957540e+00 2.721643872899230931e+00 2.790373212417160964e+00 2.863278453829634973e+00 2.940744008234083218e+00 3.022289384208537655e+00 3.108486167236555353e+00 3.199232184275773161e+00 3.294892915980230708e+00 3.395585738539898202e+00 3.502013657853265460e+00 3.614348965392608637e+00 3.733432891543774002e+00 3.860258637328700893e+00 3.995604834681849571e+00 4.142931123770067003e+00 4.312668463611860403e+00 4.884004884004884417e+00
2.468678639758069338e+00 2.513194269917064183e+00 2.562952521304542763e+00 2.617458447847140324e+00 2.676659528907922692e+00 2.739726027397260122e+00 2.807017543859648967e+00 2.878319061667985679e+00 2.953773445576724388e+00 3.033290361719875428e+00 3.117449925960563917e+00 3.205898853891159472e+00 3.298969072164948724e+00 3.397604688694470632e+00 3.501400560224089187e+00 3.610760064993681073e+00 3.726823814404173874e+00 3.849485131363679535e+00 3.980099502487561836e+00 4.120737612032553621e+00 4.278990158322635295e+00
2.525093112808534546e+00 2.584146262678467476e+00 2.647078287340348002e+00 2.714440825190010731e+00 2.787068004459308579e+00 2.864303616183315526e+00 2.946158945275097363e+00 3.033060357901121495e+00 3.124511795032026473e+00 3.221130616846512584e+00 3.322535094276933165e+00 3.430237543949917978e+00 3.543586109142452312e+00 3.663674665689686805e+00 3.790750568612585081e+00 3.926573083341513559e+00 4.072490327835470936e+00 4.231460911879826092e+00 4.801344376425398686e+00 4.960932655339203023e+00 5.078720162519045012e+00
2.453385672227673897e+00 2.494076568150641826e+00 2.539037704709914411e+00 2.588661661920786727e+00 2.642182442697668332e+00 3.003905076599579171e+00 3.073613032119255628e+00 3.144406886251080557e+00 3.215951117543013105e+00 3.288121660501438281e+00 3.042982122480030416e+00 3.123048094940661379e+00 3.207184092366901496e+00 3.295978905735002851e+00 3.389256058295203822e+00 3.756574004507888809e+00 3.833620854897450414e+00 3.903962521959788656e+00 3.971405877680698637e+00 4.007614467488227028e+00 4.073319755600814496e+00
2.450529927096734450e+00 2.490504949878587837e+00 2.533088468114748526e+00 2.579812963560141892e+00 2.630713581058862438e+00 2.975747656598720425e+00 3.041593795148657353e+00 3.107278800590382417e+00 3.173847496627786757e+00 3.240703232601473971e+00 3.009555338198780738e+00 3.084753605305775803e+00 3.163806058688602096e+00 3.247016803311956856e+00 3.334166875052096302e+00 3.657978966620941907e+00 3.724048040219718470e+00 3.787161522438931893e+00 3.846893633391036627e+00 3.900916715428125237e+00 3.964321110009910498e+00
2.470355731225296392e+00 2.515090543259557165e+00 2.564266940188473676e+00 2.618315114223996876e+00 2.676659528907922692e+00 3.067955207853964694e+00 3.144159723313944443e+00 3.221390029797857490e+00 3.299513321785036979e+00 3.379234603362338607e+00 3.110419906687402758e+00 3.197186475901206748e+00 3.288391976323577381e+00 3.384381081309755235e+00 3.485838779956426770e+00 3.592599245554158216e+00 3.705419175544233390e+00 3.825188868700391875e+00 3.952959778634252519e+00 4.090816117815503361e+00 4.246735322221041997e+00
2.482467572767330655e+00 2.531004808909136816e+00 2.584647195657792107e+00 2.643055372010043591e+00 2.706176848657059431e+00 2.773155851358846125e+00 2.844545583842980729e+00 2.920347521355040943e+00 3.000525091891080631e+00 3.084991516273329903e+00 3.174099349309633222e+00 3.267973856209150263e+00 3.367003367003366776e+00 3.471920840204842929e+00 3.582303421099766627e+00 3.699250901692407556e+00 3.823726221202561337e+00 3.956478733926804825e+00 4.099200655872104804e+00 4.258943781942078566e+00 4.814057046576001753e+00
2.725538293813027924e+00 2.574665293511843256e+00 2.635566976345786294e+00 2.700695429072986098e+00 2.771042604780048713e+00 2.845962290999644040e+00 2.925259616790990336e+00 3.009555338198780738e+00 3.098133374641777849e+00 3.191574243995850324e+00 3.290014805066622916e+00 3.393857118615306145e+00 3.503547341683454164e+00 3.619581938286127176e+00 3.741814780168381649e+00 3.872216844143272052e+00 4.011633737839734870e+00 4.162764075346029102e+00 4.332286364128668410e+00 4.914608674284309586e+00 5.031446540880502916e+00
2.687991398427524548e+00 2.781447743550518048e+00 2.547446185199337521e+00 2.598077422707196327e+00 2.652519893899204284e+00 2.710761724044456145e+00 2.772579191793165254e+00 2.838489923360771883e+00 2.907822041291072690e+00 2.981070204203308371e+00 3.057870193410289428e+00 3.138731952291274219e+00 3.223986459256871218e+00 3.313452617627567598e+00 3.407735559720565632e+00 3.767187794311546600e+00 3.857280617164899006e+00 3.953350464518678997e+00 4.059677255658174388e+00 4.194191045402117624e+00 4.515182300485381717e+00
2.504696305572949200e+00 2.558526288857617903e+00 2.616088947024199030e+00 2.678990020762172186e+00 2.746686809036599453e+00 2.818687900782185451e+00 2.895613146083682921e+00 2.976854952742427507e+00 3.062552637623459084e+00 3.153082137789688932e+00 3.248599041663282172e+00 3.349242233944569769e+00 3.455126544009674117e+00 3.567287969321323526e+00 3.685956505713232190e+00 3.812065186314686382e+00 3.946329913180742111e+00 4.090397791185192311e+00 4.248088360237892935e+00 4.913401302051345176e+00 5.022601707684580141e+00
2.473869750757622388e+00 2.519685039370078705e+00 2.568713074749550351e+00 2.620545073375261769e+00 2.675764265168238509e+00 2.735042735042735096e+00 2.797985450475657387e+00 2.864508736751647078e+00 2.934702861335289903e+00 3.008423586040914088e+00 3.395009336275674361e+00 3.469511666232977465e+00 3.545156430027475380e+00 3.622204111201666521e+00 3.700619853825515726e+00 3.780718336483932074e+00 3.862495171881034750e+00 3.945162244797317364e+00 4.017274279401426007e+00 4.078303425774877589e+00 4.128393023015791030e+00
2.490194857747618506e+00 2.540327702273593058e+00 2.594033722438391809e+00 2.650762094102054434e+00 2.712232167073501010e+00 2.777584889938198298e+00 2.846975088967971690e+00 2.920134326179003814e+00 2.997377294866991448e+00 3.078580774263064423e+00 3.164056320202499606e+00 3.253619651862697193e+00 3.348120867163304482e+00 3.447087211306445464e+00 3.551451655864334978e+00 3.954913980620921254e+00 4.062563477554336444e+00 4.181038988188564787e+00 4.323389537397319238e+00 4.329472886676047239e+00 4.755677089525621071e+00
2.516039753428104042e+00 2.572512701781465072e+00 2.632791417099979547e+00 2.696508022111365310e+00 2.764531066417858618e+00 2.837483152443782242e+00 2.914814544924579032e+00 2.996479137014008476e+00 3.082614056720098361e+00 3.173092178327780122e+00 3.268507926131721142e+00 3.368988461214520225e+00 3.474635163307852714e+00 3.586157432311278370e+00 3.704389701796629186e+00 3.829583532790809208e+00 3.962750148603130018e+00 4.106776180698152423e+00 4.265756638583768634e+00 5.015045135406218435e+00 5.131494547787042393e+00
2.475860361475612947e+00 2.522386177323747702e+00 2.571851089821898917e+00 2.624844149878600597e+00 2.682403433476394650e+00 2.744048844069424398e+00 2.809383340356791159e+00 2.878733357322777575e+00 2.951811674415171893e+00 3.028696903157416465e+00 3.109694472518074626e+00 3.194633016532225422e+00 3.284072249589490955e+00 3.377807802736024545e+00 3.476447071093342167e+00 3.854307188282906083e+00 3.944773175542406474e+00 4.039587962027873402e+00 4.142073107590348968e+00 4.260758414997869004e+00 4.760204688801617401e+00
2.729630135116691392e+00 2.517940324814301523e+00 2.566735112936344709e+00 2.619343854364481583e+00 2.676122298789054721e+00 2.736914129319192313e+00 2.801316618810841153e+00 2.869646316091541305e+00 2.941825402662351596e+00 3.017501508750753736e+00 3.097173828881146118e+00 3.180914512922465409e+00 3.268775026558797148e+00 3.361344537815126099e+00 3.458412588621821993e+00 3.560619547801317175e+00 3.668715032559846101e+00 3.782863627766218872e+00 3.905105925998242800e+00 4.037141703673799320e+00 4.656035385868932508e+00
2.495476948031692732e+00 2.546635258165149018e+00 2.603149811271638470e+00 2.664535038635757580e+00 2.730748225013653219e+00 2.801316618810841153e+00 2.876456205954263989e+00 2.955956251847472682e+00 3.040437823046518329e+00 3.129155910193224699e+00 3.624830086089714687e+00 3.726476616359231997e+00 3.835458816760954903e+00 3.955696202531644889e+00 4.103405826836273640e+00 3.776435045317220407e+00 3.908158280410356511e+00 4.049402713099818030e+00 4.202122071646181567e+00 4.376846482109639780e+00 4.985044865403787995e+00
2.490039840637450208e+00 2.540327702273593058e+00 2.594875121634771187e+00 2.654456168292520957e+00 2.718314644920149625e+00 2.786873824287605217e+00 2.859389520337407564e+00 2.936426369108794621e+00 3.017729158807997081e+00 3.103662321539416347e+00 3.193867773874161209e+00 3.289203190527094645e+00 3.389830508474576121e+00 3.495892326516342852e+00 3.607828988905926071e+00 3.726476616359231997e+00 3.852822192255827449e+00 3.987240829346092141e+00 4.133085348212440557e+00 4.298302170642595676e+00 4.854958125986162720e+00
2.726281352235550681e+00 2.511458529541031215e+00 2.558853633572159225e+00 2.609603340292275142e+00 2.664180098574663536e+00 2.723126148818843628e+00 2.785321356451500030e+00 2.851033499643620850e+00 2.920347521355040943e+00 2.993563837748839607e+00 3.070310101320232743e+00 3.150846790074832704e+00 3.235460648709859388e+00 3.324191805867198646e+00 3.417343015805211603e+00 3.759045202518560114e+00 3.844305622296972924e+00 3.933523453633592126e+00 4.026980771166817519e+00 4.127541017438860038e+00 4.242231413723617450e+00
2.484472049689441242e+00 2.532928064842958626e+00 2.584981258885872712e+00 2.641658961828027952e+00 2.702702702702702631e+00 2.767974534634281003e+00 2.837080644017305975e+00 2.910149145143688720e+00 2.987080875214696452e+00 3.068425897514575063e+00 3.499256408013296848e+00 3.587765718898555889e+00 3.679514304111856760e+00 3.776435045317220407e+00 3.879728419010669338e+00 3.995205753096283896e+00 4.139072847682118805e+00 3.896356906292615552e+00 4.031851627860095100e+00 4.183662796778579107e+00 4.828585224529212461e+00
2.478314745972738375e+00 2.525571410531632477e+00 2.576157660848843900e+00 2.631405828563909921e+00 2.691065662002152692e+00 2.754820936639118756e+00 2.822466836014676961e+00 2.894146588524708186e+00 2.969782463434553321e+00 3.049477776930700212e+00 3.476749239461104146e+00 3.561887800534282889e+00 3.649302070978924561e+00 3.740065451145395237e+00 3.835458816760954903e+00 3.937395412934343586e+00 4.050222762251923569e+00 4.192872117400419540e+00 3.992414412616029473e+00 4.135221751266411339e+00 4.787552363853979642e+00
2.488335925349922206e+00 2.538071065989847330e+00 2.590841375736770313e+00 2.648480434350791057e+00 2.710578030765060653e+00 2.776813606386671296e+00 2.847177735070111737e+00 2.921627346431962202e+00 3.000300030003000273e+00 3.083089255433944409e+00 3.170325750970912182e+00 3.261844573106091438e+00 3.358522250209907689e+00 3.459908312429720301e+00 3.567287969321323526e+00 4.010025062656641381e+00 4.132658332472361806e+00 4.295071405562117306e+00 4.065867046147590536e+00 4.219409282700421926e+00 4.854958125986162720e+00
2.739913692718679350e+00 2.522227126552746057e+00 2.572016460905349966e+00 2.625878027965600658e+00 2.684023351003153479e+00 2.746121103940683650e+00 2.812148481439819658e+00 2.882052021038979728e+00 2.955956251847472682e+00 3.033520400424692731e+00 3.115022194533135558e+00 3.200768184364247482e+00 3.291097581043277653e+00 3.386100059256751393e+00 3.485838779956426770e+00 3.590986623574826897e+00 3.701989819527996328e+00 3.820439350525310473e+00 3.946329913180742111e+00 4.084133142740453692e+00 4.672897196261682318e+00
2.502972279582003523e+00 2.556237218813905532e+00 2.613012803762738478e+00 2.674690738883316321e+00 2.741040224765298294e+00 2.811950790861160066e+00 2.887252778980799572e+00 2.966698805903730474e+00 3.050640634533251738e+00 3.138978262575531364e+00 3.617617798679569230e+00 3.716781267422411883e+00 3.820439350525310473e+00 3.931203931203931301e+00 4.053917097395357771e+00 4.203446826397645886e+00 3.911215410188716213e+00 4.051453458928389928e+00 4.205214465937762824e+00 4.896560166483044263e+00 5.006884466140943069e+00
2.455042042594979268e+00 2.496255616575136838e+00 2.540327702273593058e+00 2.587322121604139991e+00 2.638348393905414646e+00 2.693058641351914861e+00 2.751031636863824126e+00 2.812543945999156136e+00 2.877490827997985612e+00 2.945725016569702870e+00 3.304419661296984945e+00 3.372965680074205164e+00 3.442340791738382144e+00 3.512777728989197712e+00 3.584229390681003657e+00 3.656641374897156904e+00 3.729256013425321203e+00 3.795786676788764691e+00 3.859513701273639352e+00 3.915810083210964798e+00 3.969829297340214502e+00
2.775272323596752688e+00 2.568218298555377199e+00 2.627602969191354720e+00 2.691065662002152692e+00 2.759572266298723431e+00 2.832459991502620067e+00 2.909725758347275537e+00 2.991325157044570471e+00 3.077633299992305727e+00 3.168567807351077015e+00 3.264240248082258766e+00 3.365020610751240593e+00 3.471318233099019324e+00 3.583266147093075560e+00 3.701989819527996328e+00 3.827751196172248793e+00 3.962357602773650012e+00 4.107197864257110531e+00 4.269399082079196717e+00 4.867956675185590498e+00 4.986909362922328448e+00
2.465179341797115509e+00 2.508623392913138961e+00 2.555257442187300221e+00 2.606032966317023636e+00 2.660989888238424417e+00 2.719793295709526326e+00 2.782221603950754574e+00 2.848394217759737668e+00 2.918216969431677299e+00 2.991772625280478604e+00 3.385813441679363489e+00 3.461405330564208516e+00 3.538257408226448852e+00 3.616963559092142066e+00 3.697541135145128610e+00 3.780003780003780012e+00 3.864360931310983904e+00 3.940498473056841533e+00 4.009221208780194168e+00 4.063388866314505243e+00 4.112687641373637959e+00
2.495321272613848951e+00 2.546797402266649524e+00 2.601456815816856949e+00 2.659751313252210814e+00 2.722384809092765146e+00 2.789594811353650616e+00 2.860821055642969402e+00 2.935995302407516050e+00 3.015454202789295213e+00 3.098853424233033227e+00 3.186743148502230394e+00 3.279226102639777096e+00 3.376382206465772029e+00 3.478563353335072161e+00 3.586157432311278370e+00 3.700277520814061027e+00 3.820804279300792583e+00 3.949837069220893948e+00 4.088725339875293407e+00 4.394638540980004393e+00 4.876264781177617635e+00
2.482467572767330655e+00 2.530524451192509794e+00 2.581644507551310141e+00 2.636783124588002458e+00 2.696508022111365310e+00 2.760334000414049971e+00 2.828254260057978531e+00 2.900021750163125578e+00 2.975747656598720425e+00 3.055534336567106823e+00 3.488574917146345378e+00 3.571428571428571175e+00 3.656975681111720444e+00 3.744266591781334697e+00 3.835091083413230795e+00 3.929659102072894594e+00 4.030632809351067714e+00 4.142073107590348968e+00 4.286785982209837975e+00 4.766444232602477626e+00 4.881620698071759357e+00
2.499062851430712939e+00 2.551345834927924106e+00 2.606882168925964471e+00 2.666133439978670250e+00 2.730002730002729638e+00 2.798181182231549435e+00 2.870470039468963286e+00 2.946810078090467133e+00 3.027550711474416900e+00 3.112598241381993258e+00 3.201793004082285954e+00 3.295707341188102379e+00 3.394721208520750544e+00 3.498644275343304688e+00 3.608479927830401390e+00 3.724394785847299882e+00 3.847633705271257476e+00 3.979307600477516083e+00 4.121162167731300841e+00 4.291845493562231439e+00 4.941321803582458649e+00
2.494543186778920951e+00 2.545662826958569269e+00 2.600273028668009800e+00 2.659751313252210814e+00 2.724238915752911439e+00 2.792906018712470129e+00 2.865740077374981709e+00 2.942907592701589081e+00 3.024574669187145570e+00 3.110661793296523925e+00 3.201024327784890655e+00 3.296522169111587353e+00 3.397316120264990413e+00 3.503240497460150760e+00 3.615002259376412397e+00 4.101722723543888449e+00 4.252152652280216216e+00 3.994008986520220184e+00 4.138644593895499213e+00 4.299688272600236338e+00 4.940711462450592784e+00
2.779708130646282083e+00 2.577817877166978189e+00 2.639392939623886658e+00 2.705627705627705382e+00 2.776813606386671296e+00 2.852660105548423530e+00 2.932981375568264770e+00 3.017956843217141749e+00 3.107761634682619345e+00 3.202562049639711361e+00 3.302237265747544281e+00 3.407445267910383713e+00 3.518958388317058095e+00 3.636363636363636243e+00 3.760812335464459810e+00 3.893322951138796562e+00 4.035919685198264162e+00 4.190236748376282350e+00 4.601932811780947929e+00 4.872700694359847873e+00 4.992511233150273675e+00
2.776620852422601260e+00 2.814126917123962013e+00 2.606202762574927778e+00 2.666666666666666519e+00 2.731680666530082124e+00 2.801120448179271527e+00 2.874595759971254161e+00 2.952683250904259094e+00 3.034901365705614751e+00 3.121342177136168683e+00 3.212593365994698580e+00 3.308793117710314924e+00 3.410059676044330690e+00 3.516792685071215008e+00 3.629434715543053525e+00 3.749179866904114533e+00 3.875968992248061795e+00 4.011633737839734870e+00 4.159733777038269409e+00 4.692632566870013733e+00 4.821019645655055363e+00
