3.781075716041213397e+00 3.964714044999504416e+00 4.110574452779776067e+00 4.194630872483221751e+00 4.288164665523155783e+00 3.217503217503217439e+00 3.302782594335727406e+00 3.387247014988567617e+00 3.470414714558389235e+00 3.553344585591187599e+00 3.635702599527358636e+00 3.718163227365681500e+00 3.800836183960471182e+00 3.883872220603941994e+00 3.967466772465780611e+00 4.052274338972748247e+00 4.138644593895499213e+00 4.227882887644011767e+00 4.321988114532684833e+00 4.954787563483215251e+00 5.001875703388770411e+00
3.512777728989197712e+00 4.377325454147515060e+00 3.922337713277113114e+00 4.087054255645242939e+00 3.973773097556129841e+00 4.006009013520279716e+00 4.121586810922205579e+00 3.352048939914522574e+00 3.433771139153575458e+00 3.515247385534757019e+00 3.596152117234559409e+00 3.677484600533234893e+00 3.758691975192633095e+00 3.840614498319730785e+00 3.923491907797940215e+00 4.007212983370065373e+00 4.092909035096694126e+00 4.181038988188564787e+00 4.273504273504274309e+00 4.811161895597786398e+00 4.859676831490705951e+00
3.618599601954043621e+00 4.163197335553705081e+00 4.026575397624319486e+00 4.040812203252853507e+00 4.049812696162802261e+00 3.138731952291274219e+00 3.218020917135961056e+00 3.296522169111587353e+00 3.374673078545515903e+00 3.452144644860619671e+00 3.529515573987470400e+00 3.606853020739404503e+00 3.684598378776712924e+00 3.762581130655629380e+00 3.841352155958897896e+00 3.920799843168005783e+00 4.001600640256102182e+00 4.084133142740453692e+00 4.170141784820684094e+00 4.261212314903589871e+00 4.796163069544363999e+00
3.654302941713867714e+00 4.250797024442082517e+00 3.898635477582845787e+00 3.762581130655629380e+00 3.883495145631068013e+00 3.624173235480655730e+00 3.185474237477104342e+00 3.260780957039211003e+00 3.335000833750207949e+00 3.408897221748763862e+00 3.482500435312553932e+00 3.556187766714082432e+00 3.629764065335753020e+00 3.703703703703703720e+00 3.777861730260672513e+00 3.852451122026389729e+00 3.928887142716825043e+00 4.006009013520279716e+00 4.085384536819527845e+00 4.170141784820684094e+00 4.697040864255519033e+00
4.032258064516129004e+00 4.020908725371933556e+00 3.875593450247068361e+00 3.880481179666278813e+00 3.023203083667145297e+00 3.098853424233033227e+00 3.172840485444594183e+00 3.245699448231093687e+00 3.317850033178499913e+00 3.389256058295203822e+00 3.460207612456747572e+00 3.530761761850119029e+00 3.601008282319049236e+00 3.671071953010278666e+00 3.741464783462725041e+00 3.812065186314686382e+00 3.883118143869526584e+00 3.955305052902204466e+00 4.028197381671701827e+00 4.104247896572952747e+00 4.183662796778579107e+00
4.098780612767701115e+00 3.936620411376832607e+00 3.955305052902204466e+00 3.957653111704758420e+00 3.011594639361542036e+00 3.085229463941380423e+00 3.157562361856646405e+00 3.228670594882556699e+00 3.298697014679201178e+00 3.367853835143554520e+00 3.436426116838487754e+00 3.504775256286690510e+00 3.572385460391175993e+00 3.639672429481346949e+00 3.707136237256719369e+00 3.774653203736906271e+00 3.842828321644730316e+00 3.911215410188716213e+00 3.980891719745222712e+00 4.052274338972748247e+00 4.127541017438860038e+00
3.681207436039020120e+00 3.886891458556019696e+00 3.846893633391036627e+00 3.835826620636747286e+00 3.800114003420102193e+00 3.050175385084642254e+00 3.119638121977850620e+00 3.187504980476531635e+00 3.254943445357636911e+00 3.320880033208800430e+00 3.386673440013546088e+00 3.452144644860619671e+00 3.516792685071215008e+00 3.581341212283999820e+00 3.645975754261233881e+00 3.710575139146567558e+00 3.775722106852935411e+00 3.841352155958897896e+00 3.907394744554068211e+00 3.974957766073734966e+00 4.046535154274153001e+00
3.989626969878316221e+00 4.082882515055628936e+00 3.933523453633592126e+00 3.951007506914262724e+00 3.941663381947181133e+00 3.729256013425321203e+00 3.190047053194034365e+00 3.265839320705421489e+00 3.341408403642134761e+00 3.416175591425399283e+00 3.490705995287546770e+00 3.565062388591800246e+00 3.640003640003639518e+00 3.714710252600297302e+00 3.790391357907703984e+00 3.866602223296278229e+00 3.944384183019426615e+00 4.023335345001005869e+00 4.105090311986862694e+00 4.192872117400419540e+00 4.691531785127843968e+00
3.484624096175624519e+00 4.122011541632316423e+00 4.048582995951417018e+00 3.827751196172248793e+00 4.046535154274153001e+00 3.116235587410407959e+00 3.192338387869114502e+00 3.267439960790720299e+00 3.341408403642134761e+00 3.415300546448087449e+00 3.488270689805528679e+00 3.561253561253561184e+00 3.634051058417370417e+00 3.707136237256719369e+00 3.780361024477837173e+00 3.853935831968397618e+00 3.928501276762914607e+00 4.004004004004004358e+00 4.081632653061224580e+00 4.162330905306972362e+00 4.250797024442082517e+00
4.141215446733615302e+00 3.686635944700460854e+00 3.812065186314686382e+00 3.782505910165484320e+00 2.985965959988055918e+00 3.057636447026448323e+00 3.127932436659367710e+00 3.197186475901206748e+00 3.265306122448979664e+00 3.332777870354940664e+00 3.399626041135474619e+00 3.465904167749761289e+00 3.532008830022074886e+00 3.597769382982551001e+00 3.663674665689686805e+00 3.729256013425321203e+00 3.795786676788764691e+00 3.862868179623370146e+00 3.930817610062892875e+00 4.001200360108032150e+00 4.075810067250865920e+00
3.133813851457223354e+00 3.775365738555922945e+00 3.569516330537211957e+00 3.665353248419316312e+00 3.760105282947922678e+00 3.026863412788498131e+00 3.094298754544750896e+00 3.160806005531410445e+00 3.226326826907565337e+00 3.290826820238585082e+00 3.354860353937767492e+00 3.418803418803418648e+00 3.481894150417827571e+00 3.545156430027475380e+00 3.607828988905926071e+00 4.060089321965083542e+00 4.063388866314505243e+00 4.067107269954244764e+00 4.066693777958519718e+00 4.038364462392730836e+00 4.010427110487266411e+00
3.947108742845864882e+00 3.933910306845004090e+00 4.034291477559253991e+00 4.235941967595043600e+00 4.146796599626787483e+00 4.261212314903589871e+00 3.352048939914522574e+00 3.442044574477239216e+00 3.531696980399081198e+00 3.620564808110064980e+00 3.709886848451122265e+00 3.799031247032006231e+00 3.888780867198132984e+00 3.979703512088349271e+00 4.071661237785015430e+00 4.165364990107257803e+00 4.263028882020675425e+00 4.364906154517677273e+00 4.481792717086834799e+00 4.990019960079840722e+00 5.037783375314861090e+00
0.000000000000000000e+00 3.430237543949917978e+00 3.807710613993336324e+00 3.924261748258608851e+00 3.813155386081982900e+00 3.886136209074128267e+00 3.165809259992085511e+00 3.238866396761133526e+00 3.310710147326601405e+00 3.381805884342238944e+00 3.452442603141722355e+00 3.522677234698370796e+00 3.592599245554158216e+00 3.662332906061160909e+00 3.732387795091910210e+00 3.803004373455029619e+00 3.874092009685230042e+00 3.946719289590528312e+00 4.021312958681009242e+00 4.105511649389304907e+00 4.334633723450368237e+00
3.988035892323030573e+00 4.147226542249870640e+00 3.055534336567106823e+00 3.862868179623370146e+00 4.030632809351067714e+00 3.124755878446995983e+00 3.203074951953875260e+00 3.280570819322562226e+00 3.357676487870393967e+00 3.434360779599896940e+00 3.511235955056179581e+00 3.587765718898555889e+00 3.664681630783325872e+00 3.742164842361305865e+00 3.820439350525310473e+00 3.899015498586606565e+00 3.979307600477516083e+00 4.061326022946491143e+00 4.145507306456627461e+00 4.234148406901661943e+00 4.783544606553455480e+00
3.002552169343942534e+00 3.766833035125717544e+00 4.011633737839734870e+00 4.215407313731689420e+00 4.032664583123297675e+00 4.187604690117252559e+00 3.322535094276933165e+00 3.410350413504987355e+00 3.496809161640002994e+00 3.583266147093075560e+00 3.669724770642202039e+00 3.756221241431120017e+00 3.843197540353574304e+00 3.930817610062892875e+00 4.019696512913275122e+00 4.110152075626797519e+00 4.203005148681307368e+00 4.300612837329318872e+00 4.751722499406034750e+00 4.863221884498480918e+00 4.914004914004913793e+00
0.000000000000000000e+00 3.920415564049788859e+00 3.505082369435681855e+00 3.773940937824322717e+00 3.720238095238094900e+00 3.521126760563380476e+00 3.075267163834857875e+00 3.142183817753338992e+00 3.208470361755033196e+00 3.274126217565686670e+00 3.339734491107956948e+00 3.405124712692602085e+00 3.470414714558389235e+00 3.536067892503536036e+00 3.601981089599279429e+00 3.668715032559846101e+00 3.735524841240194238e+00 3.803727653100037465e+00 3.872966692486444540e+00 3.944384183019426615e+00 4.440990340846008522e+00
3.740764986439726769e+00 4.077056365304250640e+00 4.178854993731717649e+00 4.173622704507512715e+00 4.164931278633901890e+00 3.220093382708098417e+00 3.307151715584952356e+00 3.393569186391787174e+00 3.479773814702044277e+00 3.565380158659416487e+00 3.650967506389192430e+00 3.737269924320283820e+00 3.823360734085261115e+00 3.910833007430582153e+00 3.998800359892032308e+00 4.089143324473522689e+00 4.181038988188564787e+00 4.276702662247407360e+00 4.378283712784588388e+00 4.923076923076923350e+00 4.968944099378882484e+00
3.820074491452582599e+00 3.079765937788727648e+00 4.179291610072092489e+00 3.979307600477516083e+00 4.224757076468102390e+00 3.201280512204882189e+00 3.285420944558521406e+00 3.368421052631579204e+00 3.450655624568668145e+00 3.532320734722712796e+00 3.613695907489384407e+00 3.694808793644928535e+00 3.776435045317220407e+00 3.858396836114594386e+00 3.940886699507388791e+00 4.024144869215292353e+00 4.109307581672487331e+00 4.196831392298814301e+00 4.288164665523155783e+00 4.914608674284309586e+00 4.960932655339203023e+00
3.471318233099019324e+00 4.384522635098103471e+00 3.921184197627683776e+00 4.130951151502633145e+00 3.999200159968006485e+00 4.173187271778821206e+00 3.267706886692263613e+00 3.350364352123293088e+00 3.433181701141532205e+00 3.515247385534757019e+00 3.597445813472434306e+00 3.679514304111856760e+00 3.761873412959654051e+00 3.845044698644621839e+00 3.929273084479370848e+00 4.014452027298274217e+00 4.101722723543888449e+00 4.191554018652414726e+00 4.286785982209837975e+00 4.836759371221281079e+00 4.884004884004884417e+00
3.914277326548585734e+00 4.026980771166817519e+00 3.797588531282635849e+00 3.975747937580756730e+00 4.275331338178708585e+00 3.120855114301318345e+00 3.198209002958343206e+00 3.274394237066142299e+00 3.350083752093802492e+00 3.424950766332733654e+00 3.499562554680665016e+00 3.574300777410418295e+00 3.648969166210545456e+00 3.724048040219718470e+00 3.799392097264437940e+00 3.875217981011431778e+00 3.952178638474459049e+00 4.030226700251889227e+00 4.109729785266618585e+00 4.191554018652414726e+00 4.279447951214293333e+00
1.663132510082740989e+00 4.020100502512563345e+00 4.096262160778289640e+00 4.314063848144952473e+00 4.181913225300574410e+00 4.361098996947230688e+00 3.393281303020020623e+00 3.487358326068003667e+00 3.580700026855249796e+00 3.673769287288758179e+00 3.767187794311546600e+00 3.861003861003861282e+00 3.955305052902204466e+00 4.051453458928389928e+00 4.148947204646820097e+00 4.248990864669640821e+00 4.353030797692893472e+00 4.464784016073221729e+00 4.975743251648214738e+00 5.030813734121493574e+00 5.078720162519045012e+00
3.986048829098156165e+00 3.603928281827191604e+00 3.827384939240263684e+00 3.749531308586426803e+00 2.971768202080237398e+00 3.042982122480030416e+00 3.113082730173553969e+00 3.181926656590565283e+00 3.250182822783781678e+00 3.318125259228535739e+00 3.385240352064996294e+00 3.452442603141722355e+00 3.519267992257610000e+00 3.586478974267013786e+00 3.653969123960902454e+00 3.721276397804446301e+00 3.789673140691615316e+00 3.858769052672196942e+00 3.928501276762914607e+00 3.999600039996000334e+00 4.073319755600814496e+00
4.177109440267335216e+00 3.517101908027785218e+00 3.593244699964067479e+00 3.661662394727205783e+00 3.803365978891318555e+00 3.016591251885369473e+00 3.082851637764932651e+00 3.148118998898157717e+00 3.212335367812399589e+00 3.276003276003276010e+00 3.338898163606009994e+00 3.401071337471302858e+00 3.463503333621958280e+00 3.525471531817379933e+00 3.586800573888091925e+00 3.648969166210545456e+00 3.710575139146567558e+00 3.772873042822109113e+00 3.835826620636747286e+00 3.899395593682979388e+00 3.964321110009910498e+00
3.620892550013578237e+00 4.191554018652414726e+00 3.970617431010521781e+00 3.882364359895176253e+00 3.035592319951430529e+00 3.112840466926070082e+00 3.189029737702303802e+00 3.264240248082258766e+00 3.338340844600233392e+00 3.412095879894225359e+00 3.485231332229676404e+00 3.558402277377457068e+00 3.631411711302769074e+00 3.704732796147077512e+00 3.777861730260672513e+00 3.852451122026389729e+00 3.926958570587080644e+00 4.002801961372960626e+00 4.080383556054268723e+00 4.160599126274182602e+00 4.246735322221041997e+00
1.891521255970113780e+00 4.207426107078994448e+00 3.766123717164107987e+00 3.988433542726093517e+00 3.924261748258608851e+00 4.088307440719542107e+00 3.238604161606347009e+00 3.319777574902481376e+00 3.400493071495366948e+00 3.480985118788616717e+00 3.561253561253561184e+00 3.641992169716835370e+00 3.723008190618019242e+00 3.804813088557024603e+00 3.887269193391642119e+00 3.971011615208973833e+00 4.056795131845841951e+00 4.144648222982074692e+00 4.236390595212878196e+00 4.336983627886803916e+00 4.813477737665463607e+00
3.935845714847978183e+00 3.981684252438781879e+00 4.070832485243231602e+00 4.301075268817204034e+00 4.275331338178708585e+00 4.247186239116585327e+00 4.306632213608957649e+00 3.452144644860619671e+00 3.542017178783317455e+00 3.632071188595296540e+00 3.721968921559505095e+00 3.812065186314686382e+00 3.902819787296321064e+00 3.994407829039344104e+00 4.087471898630696820e+00 4.182350480970304929e+00 4.280363830925628221e+00 4.383561643835616195e+00 4.927322000492732279e+00 4.983802641415399748e+00 5.031446540880502916e+00
2.965818936753911395e+00 0.000000000000000000e+00 3.325020781379883772e+00 3.654970760233918092e+00 3.707479840578366659e+00 3.767187794311546600e+00 3.698566805362921706e+00 3.183699458771091617e+00 3.252825892494104032e+00 3.321431536992443867e+00 3.389830508474576121e+00 3.458113599031727770e+00 3.526403949572423535e+00 3.594859351127886793e+00 3.663674665689686805e+00 3.733084461035931056e+00 3.803365978891318555e+00 3.874842584520004074e+00 3.947498272969505173e+00 4.022930705018605835e+00 4.515182300485381717e+00
3.786086133459535930e+00 3.912363067292643937e+00 4.286785982209837975e+00 4.097101300829662840e+00 4.225203337910635959e+00 3.239390994493034803e+00 3.327510190499957776e+00 3.414717432132490682e+00 3.502013657853265460e+00 3.588409437516820510e+00 3.674444240308652798e+00 3.760812335464459810e+00 3.848003848003848315e+00 3.935845714847978183e+00 4.024549753496327931e+00 4.114803003806192905e+00 4.206983592763988256e+00 4.303388918773533689e+00 4.405286343612335287e+00 4.977600796416126627e+00 5.023232450081627221e+00
3.213109486705759466e+00 3.731343283582089665e+00 3.762227238525206907e+00 3.925031890884113750e+00 3.880481179666278813e+00 3.875593450247068361e+00 3.161055792634739792e+00 3.232062055591466976e+00 3.301964668978041306e+00 3.370975897522332509e+00 3.439380911435941712e+00 3.507233669443226898e+00 3.574620196604110678e+00 3.641660597232337704e+00 3.708511032820322129e+00 3.775365738555922945e+00 3.842828321644730316e+00 3.910833007430582153e+00 3.979703512088349271e+00 4.051043143609478925e+00 4.128393023015791030e+00
3.497726477789436572e+00 4.368242874303811085e+00 4.115226337448559590e+00 3.858024691358024949e+00 3.932749975420312349e+00 4.077887654195126110e+00 3.225026203337901798e+00 3.303600925008259193e+00 3.381234150464919708e+00 3.458113599031727770e+00 3.534817956875220712e+00 3.611738148984198649e+00 3.688335638543107198e+00 3.765060240963855165e+00 3.842459173871277667e+00 3.920799843168005783e+00 4.000400040004000068e+00 4.082465809348845731e+00 4.170576582212490280e+00 4.538234626730201171e+00 4.755677089525621071e+00
3.946329913180742111e+00 3.947887879984208315e+00 4.050632911392405333e+00 4.314529177003559646e+00 4.205656608137945618e+00 4.321054337258290801e+00 3.354579000335457639e+00 3.442933379239112135e+00 3.530138557938398591e+00 3.616963559092142066e+00 3.703017959637104006e+00 3.789673140691615316e+00 3.875968992248061795e+00 3.963142772218368304e+00 4.051043143609478925e+00 4.139929621196439591e+00 4.231460911879826092e+00 4.327131112072695629e+00 4.432624113475176486e+00 5.085176709890668612e+00 5.132152938157556576e+00
3.265839320705421489e+00 4.603521694095983108e+00 3.801197377173810121e+00 3.966679888932962861e+00 3.862868179623370146e+00 4.006410256410256387e+00 3.185474237477104342e+00 3.259452411994784526e+00 3.331945022907122134e+00 3.404255319148936199e+00 3.475842891901286258e+00 3.547042653187904460e+00 3.617945007235889410e+00 3.689015954994005586e+00 3.760105282947922678e+00 3.831417624521072707e+00 3.903581536059334223e+00 3.976538423302514502e+00 4.051043143609478925e+00 4.127966976264189292e+00 4.760204688801617401e+00
3.160806005531410445e+00 3.515247385534757019e+00 3.890293717175646648e+00 4.067934506254449190e+00 3.946719289590528312e+00 3.895218619144999561e+00 3.161555485298766843e+00 3.234414166734050244e+00 3.306331625061993851e+00 3.377807802736024545e+00 3.448275862068965303e+00 3.518958388317058095e+00 3.589375448671930702e+00 3.659987190044834637e+00 3.730647267300876369e+00 3.801919969584639958e+00 3.874092009685230042e+00 3.946719289590528312e+00 4.022121669180492631e+00 4.100881689563256494e+00 4.656035385868932508e+00
4.102984921530413054e+00 4.199475065616797842e+00 4.173187271778821206e+00 4.198593471187152204e+00 4.203005148681307368e+00 3.214142225793491292e+00 3.300602359930687069e+00 3.386386725364036732e+00 3.471318233099019324e+00 3.555871633034047186e+00 3.640666241922271507e+00 3.725782414307003965e+00 3.810975609756097171e+00 3.897116134060794490e+00 3.984063745019920333e+00 4.072490327835470936e+00 4.163197335553705081e+00 4.256677663083962670e+00 4.355400696864111687e+00 4.471272076905878912e+00 4.984423676012461613e+00
3.620237125531721833e+00 4.193311667889715544e+00 4.144218814753418911e+00 3.956087429532192612e+00 3.985254558134900815e+00 2.742731760833790666e+00 3.261046796021522809e+00 3.343642898938393504e+00 3.425537381176671836e+00 3.507233669443226898e+00 3.588731383455947999e+00 3.670735064696705408e+00 3.752345215759850028e+00 3.835458816760954903e+00 3.918879200548643027e+00 4.004004004004004358e+00 4.090816117815503361e+00 4.180165116522101876e+00 4.273047751308620690e+00 4.384042086804033289e+00 4.855547462976450568e+00
0.000000000000000000e+00 3.472825143254037350e+00 3.691739732348869207e+00 3.835458816760954903e+00 3.699593044765075334e+00 3.812791916881135723e+00 3.803365978891318555e+00 3.198464736926275087e+00 3.267439960790720299e+00 3.336113427856547187e+00 3.404255319148936199e+00 3.472222222222221877e+00 3.539823008849557695e+00 3.607178284786725531e+00 3.675119441381844432e+00 3.743565746373421099e+00 3.812428516965306713e+00 3.882364359895176253e+00 3.954132068011071421e+00 4.031851627860095100e+00 4.242231413723617450e+00
3.693103129904902193e+00 4.209197095654003462e+00 4.047354042294849741e+00 3.866976024748645990e+00 4.043262913170928563e+00 3.143171460003142847e+00 3.222687721559780893e+00 3.301147148634150152e+00 3.378663738491426649e+00 3.456022118541558719e+00 3.532632694515587701e+00 3.609131101687268917e+00 3.685956505713232190e+00 3.762935089369708663e+00 3.840614498319730785e+00 3.919263178522437219e+00 3.999200159968006485e+00 4.080799836768005839e+00 4.166666666666666963e+00 4.262120404901438064e+00 4.828585224529212461e+00
3.606853020739404503e+00 4.148086695011925507e+00 3.961965134706814773e+00 3.825188868700391875e+00 4.014049172102358121e+00 3.126709919487219214e+00 3.204357926780420751e+00 3.280839895013123453e+00 3.356831151393084411e+00 3.432003432003432053e+00 3.506926179203927241e+00 3.581661891117478902e+00 3.656307129798903155e+00 3.731343283582089665e+00 3.807348181991242697e+00 3.883118143869526584e+00 3.960396039603960361e+00 4.039180046450570494e+00 4.119888763003398680e+00 4.205656608137945618e+00 4.786979415988510844e+00
3.890293717175646648e+00 4.289084280506111568e+00 4.224310909282922744e+00 4.042037186742118315e+00 4.007614467488227028e+00 3.881610868510431800e+00 3.242542153047989206e+00 3.322535094276933165e+00 3.401360544217686854e+00 3.479773814702044277e+00 3.557769278662278545e+00 3.635702599527358636e+00 3.714020427112349143e+00 3.792188092529389820e+00 3.871092615890835198e+00 3.950617283950617509e+00 4.031851627860095100e+00 4.114803003806192905e+00 4.200798151648812429e+00 4.295993985608419941e+00 4.854958125986162720e+00
0.000000000000000000e+00 3.744967699653590110e+00 3.673431903756084083e+00 3.956087429532192612e+00 3.819344982335529437e+00 3.910833007430582153e+00 3.178386968613428731e+00 3.252825892494104032e+00 3.326679973386560185e+00 3.399626041135474619e+00 3.472523656567410022e+00 3.544842254519673386e+00 3.617290649303671390e+00 3.690377341083125540e+00 3.763289114686235504e+00 3.837298541826553944e+00 3.911980440097799328e+00 3.988035892323030573e+00 4.066280370031513769e+00 4.149808071376698493e+00 4.673443159247575807e+00
3.905105925998242800e+00 3.998400639744102314e+00 4.114379757251594327e+00 4.205656608137945618e+00 4.299226139294926696e+00 3.223207091055600326e+00 3.309888291270169258e+00 3.395297512944571050e+00 3.480379361350387057e+00 3.565062388591800246e+00 3.649302070978924561e+00 3.733432891543774002e+00 3.818251240931652468e+00 3.903581536059334223e+00 3.990024937655860082e+00 4.077471967380224882e+00 4.167534903104813004e+00 4.260758414997869004e+00 4.361574528404753792e+00 4.959702417854928491e+00 5.006884466140943069e+00
3.032370555681904278e+00 3.254149040026033113e+00 3.681207436039020120e+00 3.602305475504322452e+00 3.716435937935520073e+00 3.776078542433682461e+00 3.084753605305775803e+00 3.150102378327295227e+00 3.214658844330144927e+00 3.278419801655601429e+00 3.341129301703976040e+00 3.403965619947238341e+00 3.465904167749761289e+00 3.527647940735514354e+00 3.589697567979897475e+00 3.651300775901414664e+00 3.713330857779427951e+00 3.775722106852935411e+00 3.838771593090211098e+00 3.903200624512099814e+00 3.969829297340214502e+00
3.442933379239112135e+00 3.782505910165484320e+00 4.550108065066544860e+00 4.265301770100234258e+00 4.154549231408392274e+00 4.189797842254111337e+00 4.210969575744814897e+00 3.421435292105037718e+00 3.509079743837178356e+00 3.596152117234559409e+00 3.683241252302025703e+00 3.770383636535016958e+00 3.858024691358024949e+00 3.946329913180742111e+00 4.035919685198264162e+00 4.127115146512587707e+00 4.220744961485702440e+00 4.319187992657380626e+00 4.433606739082242676e+00 4.937052579609972902e+00 4.986287708800797525e+00
3.966286564204263509e+00 3.708167238342449323e+00 3.912745769343636937e+00 3.904724716907457704e+00 3.751289505767607668e+00 3.070781513895286086e+00 3.142430670123340430e+00 3.212851405622489942e+00 3.282455276546856648e+00 3.351206434316353455e+00 3.419680259895699681e+00 3.487662394280233169e+00 3.554923569143263240e+00 3.622532149972831128e+00 3.690036900369003448e+00 3.757985719654265200e+00 3.826286588865505767e+00 3.895218619144999561e+00 3.965107057890562725e+00 4.037141703673799320e+00 4.112687641373637959e+00
3.525160835463117870e+00 4.378762999452654903e+00 3.930431364842291497e+00 4.127115146512587707e+00 4.006410256410256387e+00 4.106354583718304418e+00 3.261312678353037064e+00 3.341966747430862750e+00 3.421435292105037718e+00 3.500481316180974911e+00 3.579098067287043161e+00 3.657644476956839252e+00 3.735873727468011385e+00 3.814609956131985058e+00 3.894080996884735413e+00 3.973773097556129841e+00 4.054738976178408727e+00 4.138216428719221796e+00 4.225203337910635959e+00 4.818696542585230169e+00 4.876264781177617635e+00
3.892565200467107633e+00 4.379721887660133817e+00 4.060501471931783790e+00 3.880857669544969024e+00 4.087471898630696820e+00 3.143171460003142847e+00 3.221130616846512584e+00 3.297881111385934094e+00 3.373819163292847367e+00 3.448573152858005031e+00 3.522987493394398317e+00 3.597122302158273666e+00 3.671408903166590409e+00 3.745318352059924916e+00 3.819344982335529437e+00 3.894460130464413972e+00 3.969435347821772542e+00 4.046535154274153001e+00 4.124561765312435568e+00 4.206098843322817693e+00 4.302463160159191169e+00
3.588087549336203885e+00 3.889915394340173194e+00 3.890672113607624993e+00 4.139072847682118805e+00 4.039995960004040043e+00 4.024144869215292353e+00 3.279494957776502240e+00 3.361627027481300711e+00 3.442933379239112135e+00 3.522987493394398317e+00 3.603603603603603656e+00 3.683241252302025703e+00 3.763289114686235504e+00 3.843197540353574304e+00 3.924261748258608851e+00 4.005607850991387942e+00 4.088725339875293407e+00 4.174058228112282443e+00 4.263483265828181601e+00 4.891171435558816505e+00 4.941321803582458649e+00
3.749179866904114533e+00 3.859141341051615992e+00 4.203005148681307368e+00 4.122436359888693502e+00 4.112264829855042159e+00 3.195398625978590701e+00 3.279763857002295335e+00 3.362474781439138916e+00 3.444415740979936302e+00 3.526093088857545688e+00 3.607503607503607324e+00 3.688675765400220907e+00 3.770028275212064184e+00 3.852080123266563572e+00 3.934684241589612164e+00 4.018485031143258723e+00 4.103405826836273640e+00 4.190236748376282350e+00 4.281280102750722349e+00 4.381640924526234215e+00 4.940711462450592784e+00
3.759045202518560114e+00 3.938946331856228777e+00 4.042854255104103345e+00 4.246284501061571071e+00 4.287705005895594113e+00 4.287705005895594113e+00 3.366719973066239824e+00 3.458412588621821993e+00 3.550190822756722930e+00 3.641329085116067343e+00 3.732736095558043754e+00 3.824457405105650132e+00 3.916576911779105163e+00 4.010427110487266411e+00 4.105511649389304907e+00 4.203446826397645886e+00 4.304315075863552664e+00 4.411602514613433002e+00 4.883408619216212720e+00 4.943153732081067453e+00 4.991888181704728922e+00
0.000000000000000000e+00 3.545156430027475380e+00 3.948277563912742760e+00 4.122436359888693502e+00 3.215175628968732102e+00 4.020504573323951725e+00 4.123286259148541077e+00 3.357676487870393967e+00 3.440860215053763493e+00 3.523297806747115679e+00 3.605877580456143594e+00 3.688335638543107198e+00 3.771094560196096346e+00 3.854678616170376770e+00 3.938946331856228777e+00 4.024954719259407732e+00 4.112687641373637959e+00 4.203005148681307368e+00 4.298764105319721196e+00 4.770423375074537731e+00 4.821600771456123091e+00
