2.180787264202376896e+00 2.635914332784184300e+00 2.750653280154036207e+00 2.984183825723664363e+00 3.207184092366901496e+00 3.217503217503217439e+00 3.302782594335727406e+00 3.387247014988567617e+00 3.470414714558389235e+00 3.553344585591187599e+00 3.635702599527358636e+00 3.718163227365681500e+00 3.800475059382422582e+00 3.883872220603941994e+00 3.967466772465780611e+00 4.052274338972748247e+00 4.138644593895499213e+00 4.227882887644011767e+00 4.322455154527770738e+00 4.954787563483215251e+00 5.001875703388770411e+00
2.047397246250703517e+00 2.858572143214463956e+00 2.598583771844344525e+00 2.741415941333698481e+00 2.906343093802222999e+00 3.015908919550629008e+00 3.144654088050314655e+00 3.351768057650410082e+00 3.433771139153575458e+00 3.515247385534757019e+00 3.596152117234559409e+00 3.677484600533234893e+00 3.758691975192633095e+00 3.840983291722680715e+00 3.923491907797940215e+00 4.007614467488227028e+00 4.092909035096694126e+00 4.181038988188564787e+00 4.273504273504274309e+00 4.811161895597786398e+00 4.859676831490705951e+00
1.801558347970994678e+00 2.790957298353335059e+00 2.625705658395693920e+00 2.864303616183315526e+00 3.010234798314268101e+00 3.138731952291274219e+00 3.218020917135961056e+00 3.296793867963405678e+00 3.374673078545515903e+00 3.452144644860619671e+00 3.529204164460913784e+00 3.606853020739404503e+00 3.684598378776712924e+00 3.762227238525206907e+00 3.841352155958897896e+00 3.920799843168005783e+00 4.001600640256102182e+00 4.084133142740453692e+00 4.169707078077764528e+00 4.261212314903589871e+00 4.796163069544363999e+00
2.583979328165374678e+00 2.866561559409487980e+00 2.621919244887257250e+00 3.013182674199623268e+00 2.841918294849023141e+00 3.091906933601298313e+00 3.185474237477104342e+00 3.260780957039211003e+00 3.335278912699074283e+00 3.408897221748763862e+00 3.482803656943839421e+00 3.556187766714082432e+00 3.629764065335753020e+00 3.703360799925932589e+00 3.777861730260672513e+00 3.852822192255827449e+00 3.928887142716825043e+00 4.006009013520279716e+00 4.085801838610827907e+00 4.170141784820684094e+00 4.697592483852025325e+00
2.332089552238805652e+00 2.736352442194554424e+00 2.762812543168945645e+00 2.847785846504342633e+00 3.023203083667145297e+00 3.098613370516693610e+00 3.172588832487309052e+00 3.245699448231093687e+00 3.318125259228535739e+00 3.389543259045843193e+00 3.459908312429720301e+00 3.530450132391880214e+00 3.600684129984697002e+00 3.671071953010278666e+00 3.741464783462725041e+00 3.812065186314686382e+00 3.883495145631068013e+00 3.955305052902204466e+00 4.028603081881357184e+00 4.104247896572952747e+00 4.183662796778579107e+00
2.733734281027883739e+00 2.629503023928477123e+00 2.696871628910463503e+00 2.939015429831006276e+00 3.011594639361542036e+00 3.085229463941380423e+00 3.157562361856646405e+00 3.228670594882556699e+00 3.298697014679201178e+00 3.368137420006735550e+00 3.436426116838487754e+00 3.504468196951112446e+00 3.572385460391175993e+00 3.639672429481346949e+00 3.707136237256719369e+00 3.774653203736906271e+00 3.842828321644730316e+00 3.911215410188716213e+00 3.980891719745222712e+00 4.052274338972748247e+00 4.127541017438860038e+00
2.503755633450174933e+00 2.508623392913138961e+00 2.592520578132088804e+00 2.579646588417386699e+00 2.908667830133798482e+00 3.050175385084642254e+00 3.119394837401543885e+00 3.187504980476531635e+00 3.254943445357636911e+00 3.320880033208800430e+00 3.386673440013546088e+00 3.452144644860619671e+00 3.516792685071215008e+00 3.581341212283999820e+00 3.645975754261233881e+00 3.710575139146567558e+00 3.775722106852935411e+00 3.841352155958897896e+00 3.907394744554068211e+00 3.975352812562114480e+00 4.046535154274153001e+00
2.720348204570184780e+00 2.756149658926479340e+00 2.622263012980201591e+00 2.804852394642731728e+00 2.977298101972460032e+00 3.154325368661777151e+00 3.189792663476874068e+00 3.265839320705421489e+00 3.341129301703976040e+00 3.415883859948761536e+00 3.490705995287546770e+00 3.565062388591800246e+00 3.639672429481346949e+00 3.714710252600297302e+00 3.790391357907703984e+00 3.866602223296278229e+00 3.944384183019426615e+00 4.023335345001005869e+00 4.104669061056951840e+00 4.192872117400419540e+00 4.692082111436950420e+00
1.750010937568359459e+00 2.822267692090594249e+00 2.672367717797969000e+00 2.909937436345118478e+00 2.990430622009569106e+00 3.115992833216483238e+00 3.192083632591173448e+00 3.267439960790720299e+00 3.341687552213867818e+00 3.415300546448087449e+00 3.488270689805528679e+00 3.561570652657821245e+00 3.634051058417370417e+00 3.707136237256719369e+00 3.780361024477837173e+00 3.853935831968397618e+00 3.928501276762914607e+00 4.004404845329862184e+00 4.081216202428323392e+00 4.161897825408385820e+00 4.250797024442082517e+00
2.815711671124876414e+00 2.439321868520551106e+00 2.543234994913529778e+00 2.866150759529951131e+00 2.986188876446435270e+00 3.057636447026448323e+00 3.127932436659367710e+00 3.197186475901206748e+00 3.265306122448979664e+00 3.332777870354940664e+00 3.399337129259794477e+00 3.465904167749761289e+00 3.532008830022074886e+00 3.597769382982551001e+00 3.663339133620294952e+00 3.729603729603729434e+00 3.795786676788764691e+00 3.862868179623370146e+00 3.931203931203931301e+00 4.001200360108032150e+00 4.075810067250865920e+00
1.886881456672484525e+00 2.451881819296310105e+00 2.170963364993216071e+00 2.768932576491762276e+00 2.852253280091272103e+00 3.026863412788498131e+00 3.094298754544750896e+00 3.160806005531410445e+00 3.226326826907565337e+00 3.291097581043277653e+00 3.355141754739138005e+00 3.418803418803418648e+00 3.481894150417827571e+00 3.544842254519673386e+00 3.608154429009561071e+00 4.060089321965083542e+00 4.063388866314505243e+00 4.067107269954244764e+00 4.066693777958519718e+00 4.038364462392730836e+00 4.010427110487266411e+00
2.502345949327494878e+00 2.448879637565813727e+00 2.708925910876337273e+00 2.834266279316941528e+00 3.046226486939303424e+00 3.259186832885195173e+00 3.352329869259135009e+00 3.442340791738382144e+00 3.531385185839145624e+00 3.620892550013578237e+00 3.709542798850042011e+00 3.798670465337132374e+00 3.888780867198132984e+00 3.979307600477516083e+00 4.071661237785015430e+00 4.165798791918350119e+00 4.263028882020675425e+00 4.364906154517677273e+00 4.481290611696167936e+00 4.990019960079840722e+00 5.037783375314861090e+00
3.161055792634739792e+00 1.999100404817831800e+00 2.951158329644385514e+00 2.603658139686259254e+00 2.735790985568702371e+00 2.945074363127668793e+00 3.166059838530947967e+00 3.239128674386590134e+00 3.310984190050492160e+00 3.381805884342238944e+00 3.452442603141722355e+00 3.522367030644592667e+00 3.592599245554158216e+00 3.662668253822909836e+00 3.732387795091910210e+00 3.803004373455029619e+00 3.874467260751646158e+00 3.946329913180742111e+00 4.021312958681009242e+00 4.105511649389304907e+00 4.334633723450368237e+00
2.799356148085939910e+00 2.732240437158469870e+00 1.793641540738083462e+00 2.823662289990116925e+00 2.966038855109001560e+00 3.124511795032026473e+00 3.203074951953875260e+00 3.280570819322562226e+00 3.357676487870393967e+00 3.434360779599896940e+00 3.510927762661283591e+00 3.587765718898555889e+00 3.664681630783325872e+00 3.742164842361305865e+00 3.820074491452582599e+00 3.899015498586606565e+00 3.979307600477516083e+00 4.060913705583756972e+00 4.145507306456627461e+00 4.234148406901661943e+00 4.782972617481764388e+00
2.717575922277328360e+00 2.558689950745217878e+00 2.667555851950650148e+00 2.782995895081054272e+00 3.065603923973022393e+00 3.134796238244514033e+00 3.322811098189068169e+00 3.410350413504987355e+00 3.497114880223815447e+00 3.583266147093075560e+00 3.669724770642202039e+00 3.756221241431120017e+00 3.843197540353574304e+00 3.930817610062892875e+00 4.019696512913275122e+00 4.110152075626797519e+00 4.203446826397645886e+00 4.301075268817204034e+00 4.751722499406034750e+00 4.862630683199610893e+00 4.914608674284309586e+00
1.037236801161705024e+00 2.135497303934653424e+00 2.609433100658881788e+00 2.671832208937278352e+00 2.804459089953025064e+00 2.944857542516380100e+00 3.075503613716745743e+00 3.142183817753338992e+00 3.208470361755033196e+00 3.274394237066142299e+00 3.339734491107956948e+00 3.405124712692602085e+00 3.470414714558389235e+00 3.536067892503536036e+00 3.601981089599279429e+00 3.668715032559846101e+00 3.735873727468011385e+00 3.803727653100037465e+00 3.872966692486444540e+00 3.944384183019426615e+00 4.440990340846008522e+00
2.117858844708000010e+00 2.982403817476886321e+00 2.813928948294055488e+00 2.888086642599277720e+00 3.170577045022193730e+00 3.220093382708098417e+00 3.307425169505539664e+00 3.393857118615306145e+00 3.479773814702044277e+00 3.565062388591800246e+00 3.650967506389192430e+00 3.736920777279521655e+00 3.823360734085261115e+00 3.910450679440804933e+00 3.999200159968006485e+00 4.089143324473522689e+00 4.181038988188564787e+00 4.276702662247407360e+00 4.378283712784588388e+00 4.923076923076923350e+00 4.968944099378882484e+00
2.633484758706959195e+00 1.711156741957563510e+00 2.755580049600440784e+00 3.006840562279184947e+00 3.197442046362909629e+00 3.201536737634063989e+00 3.285420944558521406e+00 3.368421052631579204e+00 3.450655624568668145e+00 3.532632694515587701e+00 3.613695907489384407e+00 3.695150115473440966e+00 3.776435045317220407e+00 3.858396836114594386e+00 3.940886699507388791e+00 4.024144869215292353e+00 4.109729785266618585e+00 4.196831392298814301e+00 4.288624423716092871e+00 4.914608674284309586e+00 4.960932655339203023e+00
2.798768541841589297e+00 2.864919066036384354e+00 2.598752598752598342e+00 2.665778073975341833e+00 3.034901365705614751e+00 3.122804278241861020e+00 3.267439960790720299e+00 3.350644999162339044e+00 3.432887058015791304e+00 3.514938488576449860e+00 3.597445813472434306e+00 3.679175864606328172e+00 3.761873412959654051e+00 3.845044698644621839e+00 3.928887142716825043e+00 4.014452027298274217e+00 4.101722723543888449e+00 4.191993292810731297e+00 4.286785982209837975e+00 4.836759371221281079e+00 4.884004884004884417e+00
2.663470502064189560e+00 2.696326255476912959e+00 2.718868950516585059e+00 3.033520400424692731e+00 3.221130616846512584e+00 3.120855114301318345e+00 3.198209002958343206e+00 3.274394237066142299e+00 3.349803199062054926e+00 3.424950766332733654e+00 3.499562554680665016e+00 3.574300777410418295e+00 3.648969166210545456e+00 3.724048040219718470e+00 3.799392097264437940e+00 3.875217981011431778e+00 3.952178638474459049e+00 4.029820672980052976e+00 4.109307581672487331e+00 4.191554018652414726e+00 4.279447951214293333e+00
1.026588645929576105e+00 1.946850968558357042e+00 2.713888323495488031e+00 2.882467392087626923e+00 2.668801708033092801e+00 3.291368386406648749e+00 3.393281303020020623e+00 3.487054310870891349e+00 3.580700026855249796e+00 3.673769287288758179e+00 3.767187794311546600e+00 3.861003861003861282e+00 3.955696202531644889e+00 4.051043143609478925e+00 4.148947204646820097e+00 4.249442260703283125e+00 4.353030797692893472e+00 4.464784016073221729e+00 4.976362279173923042e+00 5.030813734121493574e+00 5.078720162519045012e+00
2.724238915752911439e+00 2.434570906877662644e+00 2.587656876698149588e+00 2.841918294849023141e+00 2.971768202080237398e+00 3.042982122480030416e+00 3.112840466926070082e+00 3.181926656590565283e+00 3.250182822783781678e+00 3.317850033178499913e+00 3.385240352064996294e+00 3.452442603141722355e+00 3.519577650681918524e+00 3.586478974267013786e+00 3.653969123960902454e+00 3.721276397804446301e+00 3.789673140691615316e+00 3.858396836114594386e+00 3.928115486595305850e+00 3.999600039996000334e+00 4.073319755600814496e+00
2.764340013821700026e+00 2.345353268836118499e+00 2.628466289919831667e+00 2.787262211692564495e+00 2.953337271116361240e+00 3.016591251885369473e+00 3.082851637764932651e+00 3.148118998898157717e+00 3.212593365994698580e+00 3.276271602915881598e+00 3.339176892895900917e+00 3.401360544217686854e+00 3.463203463203463173e+00 3.525160835463117870e+00 3.586800573888091925e+00 3.648636322174587665e+00 3.710575139146567558e+00 3.772873042822109113e+00 3.836194495060899712e+00 3.899395593682979388e+00 3.964321110009910498e+00
1.805624520380986642e+00 2.744613695622340810e+00 2.607391956195814764e+00 2.954209748892171472e+00 3.035361966914553733e+00 3.112840466926070082e+00 3.188775510204081343e+00 3.264240248082258766e+00 3.338340844600233392e+00 3.412095879894225359e+00 3.485231332229676404e+00 3.558402277377457068e+00 3.631741420010894839e+00 3.704732796147077512e+00 3.777861730260672513e+00 3.852080123266563572e+00 3.926958570587080644e+00 4.003202562049639646e+00 4.080383556054268723e+00 4.160599126274182602e+00 4.247186239116585327e+00
1.891521255970113780e+00 2.855511136493432023e+00 2.550044625780950813e+00 2.682763246143527791e+00 2.973977695167286051e+00 3.007292684760544343e+00 3.238604161606347009e+00 3.319777574902481376e+00 3.400493071495366948e+00 3.480985118788616717e+00 3.561253561253561184e+00 3.641992169716835370e+00 3.723008190618019242e+00 3.804813088557024603e+00 3.887269193391642119e+00 3.971011615208973833e+00 4.056795131845841951e+00 4.144648222982074692e+00 4.235941967595043600e+00 4.336983627886803916e+00 4.813477737665463607e+00
2.521273242987708496e+00 2.181976871045166799e+00 2.718314644920149625e+00 2.863278453829634973e+00 2.924190364792747854e+00 3.122804278241861020e+00 3.170325750970912182e+00 3.452144644860619671e+00 3.542017178783317455e+00 3.632401017072284688e+00 3.721968921559505095e+00 3.812065186314686382e+00 3.902819787296321064e+00 3.994407829039344104e+00 4.087471898630696820e+00 4.182350480970304929e+00 4.280363830925628221e+00 4.383561643835616195e+00 4.927929037821854763e+00 4.983802641415399748e+00 5.031446540880502916e+00
2.966038855109001560e+00 3.162805408397248108e+00 1.670494884109417377e+00 2.519526329050138624e+00 2.963401985479329870e+00 2.885170225043277359e+00 2.549882067954357012e+00 3.183699458771091617e+00 3.252825892494104032e+00 3.321431536992443867e+00 3.389830508474576121e+00 3.458113599031727770e+00 3.526403949572423535e+00 3.594859351127886793e+00 3.663674665689686805e+00 3.733084461035931056e+00 3.803727653100037465e+00 3.874842584520004074e+00 3.947498272969505173e+00 4.022930705018605835e+00 4.514672686230247756e+00
1.818099177310122494e+00 2.252379075398389663e+00 2.826455624646693199e+00 2.911631969719027158e+00 3.178134435086604093e+00 3.239128674386590134e+00 3.327510190499957776e+00 3.415008964398531521e+00 3.501707082202573762e+00 3.588087549336203885e+00 3.674781809830041546e+00 3.761165961448048822e+00 3.848003848003848315e+00 3.935458480913025525e+00 4.024549753496327931e+00 4.114803003806192905e+00 4.206983592763988256e+00 4.302925989672977458e+00 4.405286343612335287e+00 4.977600796416126627e+00 5.022601707684580141e+00
2.585148322885025163e+00 2.519208968383927161e+00 2.492677759082694511e+00 2.631578947368420796e+00 2.941392749466872569e+00 2.839295854628051785e+00 3.161055792634739792e+00 3.232062055591466976e+00 3.301964668978041306e+00 3.370975897522332509e+00 3.439380911435941712e+00 3.506926179203927241e+00 3.574620196604110678e+00 3.641660597232337704e+00 3.708511032820322129e+00 3.775722106852935411e+00 3.842828321644730316e+00 3.910833007430582153e+00 3.979703512088349271e+00 4.051043143609478925e+00 4.128393023015791030e+00
2.048340843916427900e+00 2.829654782116581391e+00 2.705993776214314472e+00 2.550695064405050339e+00 2.979293907343959269e+00 2.632618138738975766e+00 3.225026203337901798e+00 3.303600925008259193e+00 3.381234150464919708e+00 3.458412588621821993e+00 3.534817956875220712e+00 3.611738148984198649e+00 3.687995574405309895e+00 3.765060240963855165e+00 3.842459173871277667e+00 3.920799843168005783e+00 4.000800160032006225e+00 4.082465809348845731e+00 4.170576582212490280e+00 4.537719795802609646e+00 4.755677089525621071e+00
1.454069577229270438e+00 2.050125570191174251e+00 2.675943270002675511e+00 2.868617326448651639e+00 3.171079752655779238e+00 3.280301787764474231e+00 3.354297693920335277e+00 3.442637059987950554e+00 3.530138557938398591e+00 3.616636528028932762e+00 3.703017959637104006e+00 3.789673140691615316e+00 3.875968992248061795e+00 3.963142772218368304e+00 4.050632911392405333e+00 4.140358140979194523e+00 4.231908590774438927e+00 4.327599264308124916e+00 4.432624113475176486e+00 5.085176709890668612e+00 5.132152938157556576e+00
2.982603962389364094e-01 2.945941964943290081e+00 2.660812878334331000e+00 2.675048485253794794e+00 2.823462977341709479e+00 2.990654205607476523e+00 3.185474237477104342e+00 3.259452411994784526e+00 3.332222592469176625e+00 3.404255319148936199e+00 3.475842891901286258e+00 3.547042653187904460e+00 3.617945007235889410e+00 3.689015954994005586e+00 3.760105282947922678e+00 3.831784653702461352e+00 3.903962521959788656e+00 3.976933784052495202e+00 4.051043143609478925e+00 4.128393023015791030e+00 4.760204688801617401e+00
3.160806005531410445e+00 2.003405789842732432e+00 2.683663200268366467e+00 2.663470502064189560e+00 2.816901408450704469e+00 2.958142286643987706e+00 3.161555485298766843e+00 3.234414166734050244e+00 3.306331625061993851e+00 3.377807802736024545e+00 3.448573152858005031e+00 3.518958388317058095e+00 3.589375448671930702e+00 3.659987190044834637e+00 3.730647267300876369e+00 3.801558639042007304e+00 3.873716831299631735e+00 3.947108742845864882e+00 4.022121669180492631e+00 4.100881689563256494e+00 4.656035385868932508e+00
2.307603553709472344e+00 2.692152375824471644e+00 2.808002808002807882e+00 2.908879354228782965e+00 3.097653527452953970e+00 3.214142225793491292e+00 3.300602359930687069e+00 3.386100059256751393e+00 3.471318233099019324e+00 3.556187766714082432e+00 3.640666241922271507e+00 3.725435410263574276e+00 3.810975609756097171e+00 3.897116134060794490e+00 3.984460603645781251e+00 4.072490327835470936e+00 4.163197335553705081e+00 4.256677663083962670e+00 4.354926510615134028e+00 4.470772325919302403e+00 4.984423676012461613e+00
2.243661655822302148e+00 2.864919066036384354e+00 2.808594298553574120e+00 2.784158140182362295e+00 2.919921162128622516e+00 1.510003775009437499e+00 3.261046796021522809e+00 3.343642898938393504e+00 3.425537381176671836e+00 3.507233669443226898e+00 3.588731383455947999e+00 3.670735064696705408e+00 3.752697251149263558e+00 3.835458816760954903e+00 3.918879200548643027e+00 4.004004004004004358e+00 4.090397791185192311e+00 4.179728317659352932e+00 4.273047751308620690e+00 4.384042086804033289e+00 4.854958125986162720e+00
0.000000000000000000e+00 1.843148096949589698e+00 2.452633515236985584e+00 2.140067412123481727e+00 2.685284640171857973e+00 2.798964383178223603e+00 2.909302494726889066e+00 3.198209002958343206e+00 3.267439960790720299e+00 3.336113427856547187e+00 3.404255319148936199e+00 3.471920840204842929e+00 3.539509777895760934e+00 3.607503607503607324e+00 3.675119441381844432e+00 3.743565746373421099e+00 3.812428516965306713e+00 3.882364359895176253e+00 3.954132068011071421e+00 4.031851627860095100e+00 4.242231413723617450e+00
2.303086135421464675e+00 2.831657935721364705e+00 2.710578030765060653e+00 2.540489044140997077e+00 3.038128512836092643e+00 3.143418467583496856e+00 3.222687721559780893e+00 3.300874731803928430e+00 3.378663738491426649e+00 3.455723542116630576e+00 3.532632694515587701e+00 3.609131101687268917e+00 3.685956505713232190e+00 3.762935089369708663e+00 3.840614498319730785e+00 3.918879200548643027e+00 3.999200159968006485e+00 4.080383556054268723e+00 4.166232684095406924e+00 4.262120404901438064e+00 4.828002414001207221e+00
2.207383698471386602e+00 2.846164792941511035e+00 2.675227394328517860e+00 2.755200440832070274e+00 3.032140691328077509e+00 3.126709919487219214e+00 3.204357926780420751e+00 3.281109014847018113e+00 3.356831151393084411e+00 3.432003432003432053e+00 3.506926179203927241e+00 3.581661891117478902e+00 3.656641374897156904e+00 3.731691389122119062e+00 3.806985818977824287e+00 3.883118143869526584e+00 3.960396039603960361e+00 4.039180046450570494e+00 4.119888763003398680e+00 4.205656608137945618e+00 4.787552363853979642e+00
2.749518834204013995e+00 2.859389520337407564e+00 2.767591503494084115e+00 2.856326763781776190e+00 3.035361966914553733e+00 2.982181465742189896e+00 3.242805026347790776e+00 3.322535094276933165e+00 3.401360544217686854e+00 3.479773814702044277e+00 3.557769278662278545e+00 3.636033087901099581e+00 3.713675610435427821e+00 3.792188092529389820e+00 3.871092615890835198e+00 3.951007506914262724e+00 4.031851627860095100e+00 4.114803003806192905e+00 4.200798151648812429e+00 4.295993985608419941e+00 4.854958125986162720e+00
0.000000000000000000e+00 2.460932693490832879e+00 2.499843759765014717e+00 2.671475322246710693e+00 2.778935667639293783e+00 2.865945403740058683e+00 3.178134435086604093e+00 3.252825892494104032e+00 3.326679973386560185e+00 3.399626041135474619e+00 3.472523656567410022e+00 3.544842254519673386e+00 3.617617798679569230e+00 3.690377341083125540e+00 3.763643206624012194e+00 3.836930455635491732e+00 3.911980440097799328e+00 3.988035892323030573e+00 4.066280370031513769e+00 4.150238638721726048e+00 4.673443159247575807e+00
2.288198615639837286e+00 2.662406815761448442e+00 2.767017155506363846e+00 2.986857825567502900e+00 3.198720511795281940e+00 3.223207091055600326e+00 3.309888291270169258e+00 3.395585738539898202e+00 3.480379361350387057e+00 3.565062388591800246e+00 3.649302070978924561e+00 3.733432891543774002e+00 3.818615751789976365e+00 3.903581536059334223e+00 3.990024937655860082e+00 4.077471967380224882e+00 4.167534903104813004e+00 4.260758414997869004e+00 4.361098996947230688e+00 4.959702417854928491e+00 5.006884466140943069e+00
3.032140691328077509e+00 2.335493664973433692e+00 2.420867881135386757e+00 2.759191556873835882e+00 2.811950790861160066e+00 2.926972047416946943e+00 3.084753605305775803e+00 3.150102378327295227e+00 3.214658844330144927e+00 3.278419801655601429e+00 3.341129301703976040e+00 3.403675970047651322e+00 3.465904167749761289e+00 3.527647940735514354e+00 3.589375448671930702e+00 3.651300775901414664e+00 3.713330857779427951e+00 3.775722106852935411e+00 3.838771593090211098e+00 3.902819787296321064e+00 3.969829297340214502e+00
3.442933379239112135e+00 2.141900937081659961e+00 2.948330507849930004e+00 2.840102243680772354e+00 2.615746795710175210e+00 3.079054730197828604e+00 3.092385001932740352e+00 3.421727972626176228e+00 3.509079743837178356e+00 3.596475454055025889e+00 3.683241252302025703e+00 3.770383636535016958e+00 3.858024691358024949e+00 3.946329913180742111e+00 4.035919685198264162e+00 4.127115146512587707e+00 4.220744961485702440e+00 4.319187992657380626e+00 4.433115371827551776e+00 4.937052579609972902e+00 4.986287708800797525e+00
2.709476393686919504e+00 2.298454289490317493e+00 2.639392939623886658e+00 2.631405828563909921e+00 2.742543709290366838e+00 3.070781513895286086e+00 3.142430670123340430e+00 3.212851405622489942e+00 3.282455276546856648e+00 3.351206434316353455e+00 3.419387929560608885e+00 3.487358326068003667e+00 3.555239534263620715e+00 3.622532149972831128e+00 3.690036900369003448e+00 3.757985719654265200e+00 3.826286588865505767e+00 3.895218619144999561e+00 3.965107057890562725e+00 4.036734281965888904e+00 4.112687641373637959e+00
2.042275094455222817e+00 2.852660105548423530e+00 2.607052075865214924e+00 2.719238613188307063e+00 3.042750646584511998e+00 3.158060950576345949e+00 3.261312678353037064e+00 3.341966747430862750e+00 3.421727972626176228e+00 3.500787677227375827e+00 3.579098067287043161e+00 3.657644476956839252e+00 3.735873727468011385e+00 3.814609956131985058e+00 3.893701937116714085e+00 3.973773097556129841e+00 4.054738976178408727e+00 4.138216428719221796e+00 4.225203337910635959e+00 4.819277108433735357e+00 4.875670404680642278e+00
2.771234585007620765e+00 2.842928216062544422e+00 2.739538387781658368e+00 2.933196450832294744e+00 3.092385001932740352e+00 3.143171460003142847e+00 3.220871245671953709e+00 3.297609233305853316e+00 3.373534620899046654e+00 3.448573152858005031e+00 3.523297806747115679e+00 3.597445813472434306e+00 3.671408903166590409e+00 3.745318352059924916e+00 3.819709702062643153e+00 3.894460130464413972e+00 3.969829297340214502e+00 4.046125834513452979e+00 4.124561765312435568e+00 4.206098843322817693e+00 4.302000430200042302e+00
1.945714563673508923e+00 2.651816494298594229e+00 2.620201755535175980e+00 2.765677936804258774e+00 3.068425897514575063e+00 3.063725490196077761e+00 3.279494957776502240e+00 3.361344537815126099e+00 3.442637059987950554e+00 3.523297806747115679e+00 3.603278983875326080e+00 3.683241252302025703e+00 3.763289114686235504e+00 3.843197540353574304e+00 3.924261748258608851e+00 4.005607850991387942e+00 4.088725339875293407e+00 4.174058228112282443e+00 4.263483265828181601e+00 4.891171435558816505e+00 4.941321803582458649e+00
2.636783124588002458e+00 2.311470673215833660e+00 2.802297884265097405e+00 2.913540680311748954e+00 3.010687942194790967e+00 3.195653910681472976e+00 3.279763857002295335e+00 3.362757461118116797e+00 3.444712366517395985e+00 3.526093088857545688e+00 3.607503607503607324e+00 3.688675765400220907e+00 3.770028275212064184e+00 3.852080123266563572e+00 3.934684241589612164e+00 4.018081366147664646e+00 4.103405826836273640e+00 4.190236748376282350e+00 4.281280102750722349e+00 4.381640924526234215e+00 4.940711462450592784e+00
1.875205100557873594e+00 2.627430373095112959e+00 2.715730871070677122e+00 2.836477095447454300e+00 3.022289384208537655e+00 3.239915762190182846e+00 3.366719973066239824e+00 3.458711629917855301e+00 3.549875754348597923e+00 3.640997633351537921e+00 3.732736095558043754e+00 3.824091778202676650e+00 3.916576911779105163e+00 4.010025062656641381e+00 4.105933073290905178e+00 4.203005148681307368e+00 4.303851947493005703e+00 4.411602514613433002e+00 4.883408619216212720e+00 4.943153732081067453e+00 4.991888181704728922e+00
0.000000000000000000e+00 3.545470661230278431e+00 2.669870511280203029e+00 2.792126204104425469e+00 1.918281220026855749e+00 3.067249444061038055e+00 3.032600454890068242e+00 3.357676487870393967e+00 3.440564252537415602e+00 3.523297806747115679e+00 3.605877580456143594e+00 3.687995574405309895e+00 3.771450122572128638e+00 3.854678616170376770e+00 3.938946331856228777e+00 4.024954719259407732e+00 4.112687641373637959e+00 4.203005148681307368e+00 4.298764105319721196e+00 4.770423375074537731e+00 4.821600771456123091e+00
