0.000000000000000000e+00
6.666666666666666574e-02
1.333333333333333315e-01
2.000000000000000111e-01
2.666666666666666630e-01
3.333333333333333148e-01
4.000000000000000222e-01
4.666666666666666741e-01
5.333333333333333259e-01
5.999999999999999778e-01
6.666666666666666297e-01
7.333333333333332815e-01
8.000000000000000444e-01
8.666666666666666963e-01
9.333333333333333481e-01
1.000000000000000000e+00
1.066666666666666652e+00
1.133333333333333304e+00
1.199999999999999956e+00
1.266666666666666607e+00
1.333333333333333259e+00
1.399999999999999911e+00
1.466666666666666563e+00
1.533333333333333215e+00
1.600000000000000089e+00
1.666666666666666741e+00
1.733333333333333393e+00
1.800000000000000044e+00
1.866666666666666696e+00
1.933333333333333348e+00
2.000000000000000000e+00
2.066666666666666430e+00
2.133333333333333304e+00
2.200000000000000178e+00
2.266666666666666607e+00
2.333333333333333481e+00
2.399999999999999911e+00
2.466666666666666785e+00
2.533333333333333215e+00
2.600000000000000089e+00
2.666666666666666519e+00
2.733333333333333393e+00
2.799999999999999822e+00
2.866666666666666696e+00
2.933333333333333126e+00
3.000000000000000000e+00
3.066666666666666430e+00
3.133333333333333304e+00
3.200000000000000178e+00
3.266666666666666607e+00
3.333333333333333481e+00
3.399999999999999911e+00
3.466666666666666785e+00
3.533333333333333215e+00
3.600000000000000089e+00
3.666666666666666519e+00
3.733333333333333393e+00
3.799999999999999822e+00
3.866666666666666696e+00
3.933333333333333126e+00
4.000000000000000000e+00
4.066666666666666430e+00
4.133333333333332860e+00
4.200000000000000178e+00
4.266666666666666607e+00
4.333333333333333037e+00
4.400000000000000355e+00
4.466666666666666785e+00
4.533333333333333215e+00
4.599999999999999645e+00
4.666666666666666963e+00
4.733333333333333393e+00
4.799999999999999822e+00
4.866666666666666252e+00
4.933333333333333570e+00
5.000000000000000000e+00
5.066666666666666430e+00
5.133333333333332860e+00
5.200000000000000178e+00
5.266666666666666607e+00
5.333333333333333037e+00
5.400000000000000355e+00
5.466666666666666785e+00
5.533333333333333215e+00
5.599999999999999645e+00
5.666666666666666963e+00
5.733333333333333393e+00
5.799999999999999822e+00
5.866666666666666252e+00
5.933333333333333570e+00
6.000000000000000000e+00
6.066666666666666430e+00
6.133333333333332860e+00
6.200000000000000178e+00
6.266666666666666607e+00
6.333333333333333037e+00
6.400000000000000355e+00
6.466666666666666785e+00
6.533333333333333215e+00
6.599999999999999645e+00
6.666666666666666963e+00
6.733333333333333393e+00
6.799999999999999822e+00
6.866666666666666252e+00
6.933333333333333570e+00
7.000000000000000000e+00
7.066666666666666430e+00
7.133333333333332860e+00
7.200000000000000178e+00
7.266666666666666607e+00
7.333333333333333037e+00
7.399999999999999467e+00
7.466666666666666785e+00
7.533333333333333215e+00
7.599999999999999645e+00
7.666666666666666963e+00
7.733333333333333393e+00
7.799999999999999822e+00
7.866666666666666252e+00
7.933333333333333570e+00
8.000000000000000000e+00
8.066666666666666430e+00
8.133333333333332860e+00
8.199999999999999289e+00
8.266666666666665719e+00
8.333333333333333925e+00
8.400000000000000355e+00
8.466666666666666785e+00
8.533333333333333215e+00
8.599999999999999645e+00
8.666666666666666075e+00
8.733333333333332504e+00
8.800000000000000711e+00
8.866666666666667140e+00
8.933333333333333570e+00
9.000000000000000000e+00
9.066666666666666430e+00
9.133333333333332860e+00
9.199999999999999289e+00
9.266666666666665719e+00
9.333333333333333925e+00
9.400000000000000355e+00
9.466666666666666785e+00
9.533333333333333215e+00
9.599999999999999645e+00
9.666666666666666075e+00
9.733333333333332504e+00
9.800000000000000711e+00
9.866666666666667140e+00
9.933333333333333570e+00
1.000000000000000000e+01
1.006666666666666643e+01
1.013333333333333286e+01
1.019999999999999929e+01
1.026666666666666572e+01
1.033333333333333393e+01
1.040000000000000036e+01
1.046666666666666679e+01
1.053333333333333321e+01
1.059999999999999964e+01
1.066666666666666607e+01
1.073333333333333250e+01
1.080000000000000071e+01
1.086666666666666714e+01
1.093333333333333357e+01
1.100000000000000000e+01
1.106666666666666643e+01
1.113333333333333286e+01
1.119999999999999929e+01
1.126666666666666572e+01
1.133333333333333393e+01
1.140000000000000036e+01
1.146666666666666679e+01
1.153333333333333321e+01
1.159999999999999964e+01
1.166666666666666607e+01
1.173333333333333250e+01
1.180000000000000071e+01
1.186666666666666714e+01
1.193333333333333357e+01
1.200000000000000000e+01
1.206666666666666643e+01
1.213333333333333286e+01
1.219999999999999929e+01
1.226666666666666572e+01
1.233333333333333393e+01
1.240000000000000036e+01
1.246666666666666679e+01
1.253333333333333321e+01
1.259999999999999964e+01
1.266666666666666607e+01
1.273333333333333250e+01
1.280000000000000071e+01
1.286666666666666714e+01
1.293333333333333357e+01
1.300000000000000000e+01
1.306666666666666643e+01
1.313333333333333286e+01
1.319999999999999929e+01
1.326666666666666572e+01
