3.292723081988805145e+00 3.348961821835230612e+00 3.404834865509022812e+00 3.460806367883716650e+00 3.517101908027785218e+00 3.573342862247632201e+00 3.629764065335753020e+00 3.686635944700460854e+00 3.743916136278547135e+00 3.801558639042007304e+00 3.859141341051615992e+00 3.918111470271329111e+00 3.977724741447891788e+00 4.037956793862305105e+00 4.099200655872104804e+00 4.162330905306972362e+00 4.226542688081148746e+00 4.294610264118531084e+00 4.367289005349928921e+00 4.975124378109452294e+00 5.001875703388770411e+00
4.392225760404084411e+00 4.554252533302971528e+00 4.684389272748564537e+00 4.741021690174232361e+00 3.484017071683651157e+00 3.539509777895760934e+00 3.595182455509616570e+00 3.651300775901414664e+00 3.707479840578366659e+00 3.764351590438546502e+00 3.821534346039934693e+00 3.880104762828596066e+00 3.938558487593541102e+00 3.998000999500249897e+00 4.058441558441558072e+00 4.120313143798927769e+00 4.184100418410041655e+00 4.249893752656182855e+00 4.319654427645788886e+00 4.832085044696786014e+00 4.859676831490705951e+00
4.475774868524112549e+00 3.664681630783325872e+00 3.314825557305046910e+00 3.367570298029971543e+00 3.420265070542966690e+00 3.473428273706147262e+00 3.526403949572423535e+00 3.580059070974670909e+00 3.634051058417370417e+00 3.688335638543107198e+00 3.743215422047538432e+00 3.798309752160287989e+00 3.854678616170376770e+00 3.911215410188716213e+00 3.968647683301914864e+00 4.027386226339105590e+00 4.087054255645242939e+00 4.148947204646820097e+00 4.213187276174425122e+00 4.283572499464553651e+00 4.796163069544363999e+00
4.271678769756514171e+00 4.437049362174154687e+00 3.279226102639777096e+00 3.329171868497711184e+00 3.379520108144642876e+00 3.429943405933802314e+00 3.480682213713887752e+00 3.531696980399081198e+00 3.582945180938731156e+00 3.634051058417370417e+00 3.685956505713232190e+00 3.738317757009345765e+00 3.791109847407828415e+00 3.844675124951941303e+00 3.898635477582845787e+00 3.953350464518678997e+00 4.009623095429029505e+00 4.067107269954244764e+00 4.126263668248401295e+00 4.190675746464117779e+00 4.697040864255519033e+00
3.158809128958382395e+00 3.207441263731857450e+00 3.256268316509280059e+00 3.304692663582286638e+00 3.353454057679409850e+00 3.401939105290015419e+00 3.450655624568668145e+00 3.499562554680665016e+00 3.548616039744499240e+00 3.598093010704326300e+00 3.647305553022704316e+00 3.697199371476106222e+00 3.747774758737000056e+00 3.798309752160287989e+00 3.849485131363679535e+00 3.902058335772119246e+00 3.954522985664853607e+00 4.008417677121956402e+00 4.063801686477700237e+00 4.121586810922205579e+00 4.183662796778579107e+00
3.145643284051588218e+00 3.192848020434226441e+00 3.240178209801539033e+00 3.287310979618672135e+00 3.334166875052096302e+00 3.381234150464919708e+00 3.428179636612958436e+00 3.475238922675933928e+00 3.522677234698370796e+00 3.569516330537211957e+00 3.617290649303671390e+00 3.665017408832691892e+00 3.713330857779427951e+00 3.761519653940191610e+00 3.810612555968371673e+00 3.859886133359066385e+00 3.910450679440804933e+00 3.961965134706814773e+00 4.014049172102358121e+00 4.068762079137422383e+00 4.127541017438860038e+00
4.417448923246825032e+00 3.153827958684853439e+00 3.198976327575175915e+00 3.244383161651390513e+00 3.289203190527094645e+00 3.334722801167153250e+00 3.379805661174482445e+00 3.424657534246575263e+00 3.470113646221913761e+00 3.515556336790297109e+00 3.560936526306418770e+00 3.607178284786725531e+00 3.653301671385514204e+00 3.699593044765075334e+00 3.746370703381099343e+00 3.793626707132017994e+00 3.841721091048790004e+00 3.890293717175646648e+00 3.940110323089045963e+00 3.991219317501496278e+00 4.046535154274153001e+00
4.350663476180117506e+00 4.508566275924255962e+00 3.285960732769243275e+00 3.336670003336670298e+00 3.387820784280511255e+00 3.438789546079779935e+00 3.490096850187592636e+00 3.541703559412076707e+00 3.593567514149671904e+00 3.645975754261233881e+00 3.698224852071005486e+00 3.751641343087600777e+00 3.805175038051750391e+00 3.859513701273639352e+00 3.914660403210021400e+00 3.970223325062034903e+00 4.027386226339105590e+00 4.086219225661455567e+00 4.147226542249870640e+00 4.214075010535187182e+00 4.692082111436950420e+00
3.179903012958104735e+00 3.229974160206718015e+00 3.280301787764474231e+00 3.330280576138539228e+00 3.380376912025691016e+00 3.430825971352602810e+00 3.480985118788616717e+00 3.531073446327683385e+00 3.582303421099766627e+00 3.633060853769300547e+00 3.684259003407939215e+00 3.736222678871660374e+00 3.788596325061564851e+00 3.841352155958897896e+00 3.894460130464413972e+00 3.948667324777887178e+00 4.004004004004004358e+00 4.060913705583756972e+00 4.119464469618949742e+00 4.181038988188564787e+00 4.250797024442082517e+00
3.118908382066276630e+00 3.164807342353034070e+00 3.210788248515009879e+00 3.256798567008630574e+00 3.302509907529722177e+00 3.348120867163304482e+00 3.393857118615306145e+00 3.439972480220158335e+00 3.486142583231653713e+00 3.532008830022074886e+00 3.578457684737878175e+00 3.624830086089714687e+00 3.671745915182668796e+00 3.718854592785421520e+00 3.766478342749528974e+00 3.814973772055317180e+00 3.863987635239567453e+00 3.913511398101947147e+00 3.964714044999504416e+00 4.018081366147664646e+00 4.075394803871625449e+00
4.241781548250265210e+00 3.132832080200500524e+00 3.176872369152568876e+00 3.220871245671953709e+00 3.264773098269670104e+00 3.308793117710314924e+00 3.352891869237216937e+00 3.396739130434782261e+00 3.440564252537415602e+00 3.484624096175624519e+00 3.528892809880899595e+00 3.573342862247632201e+00 3.617945007235889410e+00 3.663003663003662869e+00 3.708167238342449323e+00 4.218074449014025618e+00 4.172316678835923831e+00 4.142931123770067003e+00 4.115226337448559590e+00 4.060089321965083542e+00 4.010829238945151864e+00
4.653868528214077926e+00 4.764740917212627380e+00 4.924289055767572698e+00 3.527959075674722556e+00 3.588087549336203885e+00 3.648636322174587665e+00 3.709542798850042011e+00 3.771094560196096346e+00 3.832886163280950331e+00 3.895218619144999561e+00 3.958436417615042391e+00 4.022526146419950877e+00 4.087471898630696820e+00 4.154117769238757418e+00 4.222081486172682752e+00 4.291845493562231439e+00 4.364906154517677273e+00 4.442963456625569130e+00 4.537205081669691609e+00 5.010647626205686045e+00 5.037783375314861090e+00
4.174058228112282443e+00 4.280821917808219190e+00 3.259718034390024943e+00 3.307972213033410380e+00 3.356267830172848132e+00 3.404255319148936199e+00 3.452740612861458835e+00 3.500787677227375827e+00 3.549245785270630282e+00 3.597769382982551001e+00 3.646640532409517466e+00 3.695832948350734615e+00 3.745669070137652934e+00 3.795426511054179386e+00 3.845784059225074270e+00 3.897116134060794490e+00 3.949447077409162343e+00 4.003202562049639646e+00 4.059265272985589590e+00 4.124561765312435568e+00 4.334633723450368237e+00
3.192338387869114502e+00 3.244383161651390513e+00 3.296522169111587353e+00 3.348961821835230612e+00 3.401360544217686854e+00 3.453933166393230003e+00 3.506618742877180672e+00 3.559985760056959325e+00 3.613369467028003434e+00 3.667705849990830380e+00 3.721968921559505095e+00 3.776791615522613110e+00 3.832886163280950331e+00 3.889158969372872754e+00 3.946329913180742111e+00 4.004404845329862184e+00 4.063801686477700237e+00 4.124987109415282127e+00 4.188043136844308734e+00 4.255771890626662390e+00 4.783544606553455480e+00
4.524375070693360534e+00 4.629093854877907255e+00 4.729250413809411135e+00 4.729809625162586961e+00 3.556187766714082432e+00 3.615002259376412397e+00 3.674106732800587860e+00 3.733432891543774002e+00 3.792907263417408803e+00 3.853564547206165702e+00 3.914277326548585734e+00 3.976143141153081206e+00 4.038772213247172616e+00 4.102564102564102200e+00 4.167534903104813004e+00 4.234596654668642657e+00 4.303851947493005703e+00 4.377804531027689627e+00 4.836759371221281079e+00 4.884004884004884417e+00 4.914004914004913793e+00
4.062563477554336444e+00 3.115264797507788064e+00 3.160056881023858288e+00 3.204871404534892942e+00 3.249918752031198732e+00 3.295164346321772797e+00 3.340292275574113123e+00 3.385526872619551320e+00 3.431120260765140095e+00 3.477051460361613167e+00 3.522987493394398317e+00 3.569516330537211957e+00 3.616309556098001643e+00 3.663674665689686805e+00 3.711608054189477368e+00 3.759751856377478774e+00 3.809161032282639248e+00 3.859141341051615992e+00 3.910450679440804933e+00 3.962750148603130018e+00 4.440990340846008522e+00
4.560483411241591511e+00 3.356267830172848132e+00 3.414134516899965721e+00 3.472222222222221877e+00 3.530450132391880214e+00 3.588731383455947999e+00 3.647970816233470082e+00 3.707136237256719369e+00 3.766833035125717544e+00 3.827751196172248793e+00 3.888780867198132984e+00 3.950617283950617509e+00 4.013646397752357764e+00 4.077471967380224882e+00 4.142502071251035645e+00 4.791566842357450895e+00 4.845548152634767014e+00 4.883408619216212720e+00 4.914608674284309586e+00 4.943153732081067453e+00 4.968944099378882484e+00
3.274930407728835480e+00 3.330280576138539228e+00 3.385526872619551320e+00 3.440860215053763493e+00 3.496503496503496677e+00 3.552082408311872275e+00 3.607828988905926071e+00 3.664010259228725808e+00 3.720584131708677855e+00 3.777504957975256872e+00 3.834723420573290742e+00 3.892565200467107633e+00 3.951397806974217275e+00 4.010829238945151864e+00 4.071246819338422362e+00 4.133085348212440557e+00 4.196391103650860543e+00 4.262574595055412807e+00 4.332755632582322214e+00 4.934616333580064129e+00 4.960932655339203023e+00
4.469773159012180308e+00 4.613078076346441847e+00 4.764740917212627380e+00 3.428767358134750420e+00 3.484624096175624519e+00 3.540449637103912472e+00 3.596798849024367861e+00 3.653301671385514204e+00 3.710575139146567558e+00 3.767897513187640879e+00 3.826286588865505767e+00 3.885003885003884605e+00 3.944384183019426615e+00 4.005206768799438599e+00 4.066693777958519718e+00 4.129671691100557318e+00 4.195070791819611955e+00 4.262574595055412807e+00 4.334633723450368237e+00 4.857316332726169250e+00 4.884004884004884417e+00
3.180914512922465409e+00 3.231800921063262333e+00 3.282994090610636739e+00 3.334166875052096302e+00 3.385526872619551320e+00 3.437016669530847057e+00 3.488574917146345378e+00 3.540763034433920264e+00 3.593244699964067479e+00 3.645643456069996180e+00 3.698566805362921706e+00 3.752345215759850028e+00 3.806623524933384406e+00 3.861376580751037402e+00 3.916576911779105163e+00 3.972589134968715463e+00 4.030226700251889227e+00 4.088307440719542107e+00 4.148516905206388827e+00 4.210969575744814897e+00 4.278990158322635295e+00
4.666355576294913377e+00 4.773269689737470678e+00 4.884004884004884417e+00 3.580379520229144408e+00 3.643650938240116766e+00 3.706792697618385368e+00 3.770739064856711842e+00 3.834723420573290742e+00 3.899775762893633591e+00 3.965500148706254890e+00 4.031851627860095100e+00 4.099620785077379814e+00 4.168403501458941562e+00 4.238635159478647552e+00 4.310809354456298870e+00 4.385484047801775809e+00 4.464285714285714413e+00 4.550625711035267251e+00 5.020080321285140812e+00 5.051142821063264954e+00 5.078720162519045012e+00
3.099814011159330196e+00 3.146385589553999385e+00 3.192593183813551949e+00 3.238604161606347009e+00 3.285151116951379180e+00 3.331667499583541137e+00 3.378093066463980776e+00 3.424657534246575263e+00 3.471619510501648964e+00 3.518958388317058095e+00 3.566651805617476523e+00 3.614022406938923293e+00 3.662332906061160909e+00 3.711263685284839742e+00 3.760105282947922678e+00 3.809886655871987493e+00 3.859886133359066385e+00 3.911215410188716213e+00 3.963535473642488594e+00 4.016870857601927192e+00 4.073319755600814496e+00
3.067955207853964694e+00 3.111629716063788464e+00 3.155071777882946016e+00 3.198464736926275087e+00 3.242016534284324347e+00 3.285420944558521406e+00 3.328894806924100447e+00 3.372396931118792462e+00 3.416175591425399283e+00 3.459908312429720301e+00 3.503547341683454164e+00 3.547671840354767347e+00 3.592276605298607706e+00 3.636694244931357289e+00 3.681885125184093610e+00 3.727171077152441114e+00 3.773228940665974473e+00 3.819344982335529437e+00 3.866602223296278229e+00 3.915043554859547914e+00 3.964321110009910498e+00
3.174351241964922909e+00 3.224506247480854793e+00 3.274662300450266184e+00 3.325020781379883772e+00 3.375242595561555259e+00 3.425830763960259873e+00 3.476144955244633294e+00 3.526714865103156349e+00 3.578137579389927492e+00 3.629434715543053525e+00 3.681207436039020120e+00 3.733084461035931056e+00 3.785727806170735565e+00 3.838771593090211098e+00 3.892565200467107633e+00 3.947108742845864882e+00 4.003202562049639646e+00 4.059677255658174388e+00 4.118192113662101583e+00 4.179291610072092489e+00 4.246735322221041997e+00
4.394155772822146311e+00 4.514672686230247756e+00 4.642525533890435874e+00 3.396162336559687578e+00 3.450953325856267462e+00 3.506004031904636609e+00 3.561253561253561184e+00 3.616963559092142066e+00 3.673431903756084083e+00 3.729951510630361344e+00 3.787161522438931893e+00 3.845044698644621839e+00 3.903581536059334223e+00 3.963142772218368304e+00 4.024144869215292353e+00 4.085801838610827907e+00 4.148947204646820097e+00 4.214519018017068852e+00 4.283572499464553651e+00 4.361574528404753792e+00 4.813477737665463607e+00
4.562043795620437159e+00 4.683840749414519777e+00 4.773269689737470678e+00 4.825090470446320445e+00 3.601008282319049236e+00 3.661997619701547357e+00 3.723701359150996204e+00 3.785369546701996324e+00 3.847633705271257476e+00 3.910450679440804933e+00 3.974167908594138154e+00 4.039180046450570494e+00 4.104669061056951840e+00 4.171446449056209538e+00 4.239983040067839326e+00 4.311273981461521743e+00 4.384522635098103471e+00 4.463787523713871330e+00 4.972650422675285675e+00 5.004378831477542811e+00 5.031446540880502916e+00
4.036326942482340918e+00 4.175365344467640405e+00 4.168403501458941562e+00 3.249126797173259362e+00 3.295978905735002851e+00 3.342804613070365694e+00 3.390117806593778926e+00 3.437312021998796929e+00 3.484927687750479564e+00 3.532632694515587701e+00 3.581020590868397413e+00 3.629105425512610950e+00 3.678499172337685863e+00 3.727865796831313805e+00 3.777861730260672513e+00 3.828483920367534488e+00 3.880104762828596066e+00 3.932363350373574207e+00 3.986048829098156165e+00 4.042037186742118315e+00 4.515182300485381717e+00
3.193357815743253614e+00 3.375527426160337630e+00 3.434065934065933856e+00 3.492534707063651211e+00 3.550821127385707765e+00 3.610108303249097705e+00 3.669388129529400633e+00 3.728908362077001382e+00 3.788955195604811976e+00 3.850226200789296005e+00 3.911215410188716213e+00 3.973773097556129841e+00 4.036734281965888904e+00 4.100881689563256494e+00 4.166232684095406924e+00 4.233252195999576806e+00 4.302925989672977458e+00 4.375410194705754208e+00 4.455335263978613902e+00 4.996876951905059094e+00 5.022601707684580141e+00
4.376367614879649537e+00 3.197953309881675477e+00 3.245172805451889797e+00 3.291910130853427319e+00 3.338898163606009994e+00 3.385526872619551320e+00 3.432297923459755928e+00 3.479168478733582592e+00 3.526093088857545688e+00 3.573023671281822189e+00 3.620237125531721833e+00 3.667705849990830380e+00 3.715055261447013812e+00 3.762935089369708663e+00 3.811701924909471906e+00 3.860631213203358225e+00 3.910450679440804933e+00 3.960788196851173115e+00 4.013243704223937947e+00 4.067520846044335947e+00 4.128393023015791030e+00
4.392225760404084411e+00 4.513144533453683493e+00 3.330003330003330042e+00 3.382377811601555706e+00 3.434360779599896940e+00 3.486750348675034861e+00 3.538883482261346636e+00 3.591631498608242268e+00 3.644314868804664265e+00 3.697199371476106222e+00 3.750586029067041860e+00 3.804451207913257971e+00 3.859141341051615992e+00 3.914277326548585734e+00 3.970223325062034903e+00 4.027386226339105590e+00 4.086219225661455567e+00 4.147656574035669230e+00 4.214519018017068852e+00 4.710315591144606628e+00 4.755677089525621071e+00
4.706989879971757773e+00 4.921865386981665758e+00 3.462004500605850410e+00 3.520506953001232286e+00 3.579098067287043161e+00 3.638017280582082513e+00 3.696516033638295173e+00 3.756221241431120017e+00 3.815701612133931331e+00 3.875593450247068361e+00 3.936233024995079877e+00 3.998000999500249897e+00 4.059677255658174388e+00 4.123286259148541077e+00 4.188043136844308734e+00 4.254413954477770154e+00 4.323389537397319238e+00 4.396570674873598428e+00 4.480286738351254350e+00 5.105296745373324896e+00 5.131494547787042393e+00
4.246735322221041997e+00 4.462293618920124771e+00 3.270913402567666939e+00 3.320053120849933759e+00 3.369272237196765385e+00 3.418511238355695703e+00 3.467706978760294767e+00 3.516792685071215008e+00 3.566333808844507569e+00 3.616309556098001643e+00 3.666697222476853923e+00 3.717126661090976114e+00 3.767897513187640879e+00 3.818980332251288523e+00 3.871092615890835198e+00 3.923876790268784998e+00 3.977329223426468996e+00 4.031851627860095100e+00 4.087889626980071966e+00 4.146366746138695270e+00 4.760204688801617401e+00
4.088725339875293407e+00 4.373974849644614693e+00 3.252561392096275483e+00 3.301147148634150152e+00 3.349522693016245167e+00 3.398181972644634730e+00 3.446493193175943048e+00 3.495586821637682640e+00 3.544528134692069177e+00 3.593567514149671904e+00 3.642987249544626494e+00 3.692762186115214007e+00 3.742865163282492524e+00 3.793626707132017994e+00 3.845044698644621839e+00 3.897116134060794490e+00 3.949837069220893948e+00 4.004004004004004358e+00 4.060089321965083542e+00 4.119888763003398680e+00 4.656035385868932508e+00
3.601656762110570398e+00 3.346440224211495451e+00 3.403965619947238341e+00 3.461105823310547613e+00 3.518958388317058095e+00 3.576857730483769870e+00 3.635041802980733650e+00 3.693444136657432875e+00 3.753049352598986754e+00 3.812791916881135723e+00 3.872966692486444540e+00 3.933910306845004090e+00 3.996003996003996139e+00 4.059265272985589590e+00 4.123286259148541077e+00 4.820438659918051982e+00 4.864996351252735884e+00 4.900159255175792872e+00 4.930358683594231017e+00 4.958472790380562323e+00 4.985044865403787995e+00
4.433606739082242676e+00 4.575611988103408301e+00 4.707543839002000574e+00 3.421142661648990835e+00 3.476144955244633294e+00 3.532320734722712796e+00 3.588087549336203885e+00 3.644646924829157530e+00 3.701647233018693139e+00 3.758691975192633095e+00 3.816793893129770687e+00 3.875593450247068361e+00 3.934684241589612164e+00 3.995205753096283896e+00 4.056383733901227195e+00 4.119040263618576780e+00 4.183225266680610233e+00 4.249893752656182855e+00 4.321054337258290801e+00 4.408199250606126718e+00 4.855547462976450568e+00
4.117344312918167937e+00 3.945940613593765356e+00 3.218797779029532347e+00 3.265572699812229640e+00 3.312080814771880544e+00 3.358804265681417434e+00 3.405124712692602085e+00 3.452144644860619671e+00 3.498950314905528103e+00 3.546099290780141633e+00 3.593567514149671904e+00 3.640997633351537921e+00 3.689356207341818461e+00 3.737619136609979353e+00 3.786444528587655789e+00 3.836194495060899712e+00 3.886513797123979597e+00 3.938170719700698541e+00 3.991219317501496278e+00 4.049812696162802261e+00 4.242681374628765489e+00
4.518242403704959109e+00 3.269843864955448431e+00 3.322259136212624586e+00 3.374388392103930823e+00 3.426711213912447374e+00 3.478865889719951809e+00 3.531385185839145624e+00 3.584229390681003657e+00 3.637355642447940074e+00 3.690717844620778898e+00 3.744266591781334697e+00 3.798670465337132374e+00 3.853564547206165702e+00 3.909304143862392333e+00 3.965500148706254890e+00 4.023335345001005869e+00 4.082465809348845731e+00 4.143789495493629182e+00 4.208754208754208470e+00 4.284031273428295705e+00 4.828585224529212461e+00
4.442470013327409539e+00 4.600345025876940497e+00 3.297609233305853316e+00 3.348681456676433577e+00 3.399915002124946906e+00 3.451251078515962245e+00 3.502933706979595385e+00 3.554607660179507800e+00 3.606527815345775156e+00 3.658982802780827104e+00 3.711263685284839742e+00 3.764705882352941124e+00 3.818251240931652468e+00 3.872591732016651633e+00 3.928115486595305850e+00 3.984063745019920333e+00 4.040812203252853507e+00 4.099620785077379814e+00 4.160599126274182602e+00 4.226096143687269269e+00 4.786979415988510844e+00
4.487826769886681610e+00 4.605641911341393779e+00 4.780114722753345369e+00 3.393857118615306145e+00 3.447087211306445464e+00 3.500481316180974911e+00 3.554291807357383703e+00 3.607828988905926071e+00 3.661997619701547357e+00 3.716435937935520073e+00 3.771450122572128638e+00 3.827018752391886380e+00 3.882741215298000093e+00 3.940110323089045963e+00 3.997601439136517776e+00 4.056383733901227195e+00 4.116073266104136152e+00 4.178418468609630843e+00 4.243581582855929568e+00 4.317789291882554892e+00 4.854958125986162720e+00
4.165798791918350119e+00 4.404801233344345590e+00 3.272251308900523181e+00 3.321983223984718681e+00 3.371828373935766621e+00 3.421435292105037718e+00 3.471619510501648964e+00 3.521746786406057428e+00 3.572066440435792245e+00 3.622860248165926667e+00 3.673769287288758179e+00 3.725088470851182887e+00 3.777148253068933315e+00 3.829950210647261155e+00 3.882741215298000093e+00 3.937007874015748143e+00 3.991617603033629447e+00 4.048173261815604995e+00 4.106354583718304418e+00 4.170576582212490280e+00 4.672897196261682318e+00
3.301964668978041306e+00 3.359086328518642972e+00 3.416175591425399283e+00 3.473428273706147262e+00 3.530450132391880214e+00 3.587765718898555889e+00 3.645643456069996180e+00 3.703703703703703720e+00 3.762227238525206907e+00 3.820804279300792583e+00 3.880857669544969024e+00 3.940886699507388791e+00 4.002001000500249539e+00 4.064214590530379922e+00 4.127541017438860038e+00 4.192872117400419540e+00 4.260304611779742068e+00 4.330879168471200025e+00 4.409657149156653411e+00 4.980079681274900416e+00 5.007511266900349867e+00
4.232804232804233457e+00 3.118665211289568084e+00 3.162305320578701728e+00 3.205641929796441136e+00 3.249126797173259362e+00 3.292181069958847850e+00 3.335835209740638518e+00 3.378949146815340754e+00 3.422313483915127019e+00 3.465904167749761289e+00 3.509387611861730427e+00 3.553028957186001424e+00 3.597122302158273666e+00 3.641660597232337704e+00 3.685956505713232190e+00 3.731343283582089665e+00 3.776791615522613110e+00 3.823360734085261115e+00 3.870343492985002243e+00 3.918495297805642430e+00 3.970223325062034903e+00
4.507550146495379551e+00 4.631773969430291515e+00 4.726456339359565106e+00 4.769285799451531638e+00 3.567287969321323526e+00 3.626144501858398428e+00 3.685616880125311301e+00 3.745318352059924916e+00 3.805537056417086283e+00 3.866602223296278229e+00 3.927729772191673074e+00 3.990024937655860082e+00 4.053095551727632362e+00 4.117344312918167937e+00 4.183225266680610233e+00 4.250797024442082517e+00 4.321054337258290801e+00 4.395604395604395975e+00 4.488834025361912339e+00 4.957858205255329054e+00 4.986287708800797525e+00
3.130380341211456585e+00 3.177377075224402159e+00 3.224506247480854793e+00 3.271448433794061916e+00 3.318400530944084714e+00 3.365303718660608734e+00 3.412095879894225359e+00 3.459309867681398032e+00 3.506618742877180672e+00 3.553660270078180083e+00 3.601332493022418202e+00 3.649302070978924561e+00 3.697541135145128610e+00 3.746370703381099343e+00 3.795426511054179386e+00 3.845414343395500367e+00 3.895977403331060351e+00 3.947108742845864882e+00 4.000000000000000000e+00 4.053917097395357771e+00 4.112687641373637959e+00
4.486819966348850386e+00 4.611482591653215835e+00 4.610419548178884774e+00 3.414134516899965721e+00 3.467706978760294767e+00 3.521436746192446066e+00 3.575259206292456415e+00 3.629434715543053525e+00 3.683580440187862237e+00 3.738667165155621586e+00 3.793626707132017994e+00 3.849114703618167432e+00 3.905487209529388437e+00 3.962357602773650012e+00 4.020100502512563345e+00 4.078719282145406133e+00 4.139072847682118805e+00 4.201239365612855714e+00 4.267577083111063097e+00 4.843201356096378696e+00 4.875670404680642278e+00
3.206669873336539744e+00 3.257859586251832695e+00 3.308793117710314924e+00 3.359650596337980133e+00 3.410932037179159160e+00 3.462004500605850410e+00 3.513086246267345558e+00 3.564744675162641041e+00 3.616309556098001643e+00 3.668042182485098390e+00 3.720238095238094900e+00 3.773228940665974473e+00 3.826286588865505767e+00 3.879728419010669338e+00 3.934297236156191424e+00 3.989229081480003547e+00 4.045307443365695477e+00 4.102984921530413054e+00 4.162330905306972362e+00 4.224757076468102390e+00 4.302000430200042302e+00
4.551143474798042377e+00 4.700904924197907953e+00 4.745521414165380314e+00 3.434655675768503613e+00 3.488879197557784639e+00 3.543586109142452312e+00 3.598416696653472080e+00 3.653635367190354533e+00 3.708854891052387526e+00 3.764705882352941124e+00 3.820804279300792583e+00 3.877471888328809069e+00 3.934684241589612164e+00 3.993211540381351732e+00 4.051863857374391920e+00 4.112264829855042159e+00 4.174058228112282443e+00 4.238186056367874599e+00 4.306632213608957649e+00 4.912797838368950565e+00 4.941321803582458649e+00
4.469273743016759504e+00 3.657978966620941907e+00 3.378093066463980776e+00 3.433476394849785063e+00 3.489183531053733134e+00 3.544842254519673386e+00 3.600684129984697002e+00 3.656641374897156904e+00 3.713675610435427821e+00 3.770739064856711842e+00 3.828117523207962059e+00 3.886513797123979597e+00 3.945551390806864678e+00 4.004805766920304322e+00 4.065453806281126070e+00 4.127541017438860038e+00 4.191114836546520728e+00 4.256677663083962670e+00 4.325727262896074343e+00 4.403831333259935477e+00 4.940101272076077521e+00
4.580852038479156896e+00 4.709206498704967991e+00 4.799040191961607249e+00 4.840271055179090176e+00 3.614022406938923293e+00 3.675794890645101898e+00 3.738667165155621586e+00 3.801197377173810121e+00 3.865107739878248960e+00 3.928887142716825043e+00 3.994008986520220184e+00 4.059677255658174388e+00 4.127115146512587707e+00 4.195510803440318348e+00 4.265756638583768634e+00 4.338394793926247495e+00 4.414523783246882438e+00 4.496402877697841305e+00 4.930358683594231017e+00 4.964010920824025064e+00 4.991888181704728922e+00
4.595588235294116863e+00 4.549073126350505092e+00 4.522840343735865076e+00 4.724781478856602490e+00 3.496197884800279265e+00 3.552713384847677069e+00 3.609131101687268917e+00 3.665689149560117155e+00 3.723008190618019242e+00 3.781075716041213397e+00 3.839508542906508115e+00 3.898255530650033496e+00 3.957653111704758420e+00 4.018485031143258723e+00 4.080383556054268723e+00 4.143360265175056512e+00 4.208311415044713399e+00 4.276245456489202290e+00 4.348771472059143051e+00 4.791566842357450895e+00 4.821600771456123091e+00
