3.292723081988805145e+00 3.348961821835230612e+00 3.404834865509022812e+00 3.460806367883716650e+00 3.517101908027785218e+00 3.573342862247632201e+00 3.629764065335753020e+00 3.686635944700460854e+00 3.743916136278547135e+00 3.801197377173810121e+00 3.859513701273639352e+00 3.918111470271329111e+00 3.977724741447891788e+00 4.037956793862305105e+00 4.099200655872104804e+00 4.161897825408385820e+00 4.226542688081148746e+00 4.294149221685453988e+00 4.366812227074235331e+00 4.975124378109452294e+00 5.001875703388770411e+00
3.312080814771880544e+00 3.402807316035729723e+00 3.490401396160558445e+00 3.559352197899982251e+00 3.484017071683651157e+00 3.539509777895760934e+00 3.595182455509616570e+00 3.651300775901414664e+00 3.707479840578366659e+00 3.764351590438546502e+00 3.821899484043569384e+00 3.880104762828596066e+00 3.938558487593541102e+00 3.998000999500249897e+00 4.058441558441558072e+00 4.120737612032553621e+00 4.184100418410041655e+00 4.249893752656182855e+00 4.319654427645788886e+00 4.831501389056649387e+00 4.860267314702308106e+00
3.304692663582286638e+00 3.547357218871939999e+00 3.315100281783523783e+00 3.367570298029971543e+00 3.420557550880793052e+00 3.473428273706147262e+00 3.526403949572423535e+00 3.580379520229144408e+00 3.634051058417370417e+00 3.688335638543107198e+00 3.743215422047538432e+00 3.798670465337132374e+00 3.854307188282906083e+00 3.911215410188716213e+00 3.968647683301914864e+00 4.027791763165843975e+00 4.087054255645242939e+00 4.148947204646820097e+00 4.213631096597493020e+00 4.283572499464553651e+00 4.796163069544363999e+00
3.215434083601286019e+00 3.325573661456601382e+00 3.278957291581276579e+00 3.329448976194439691e+00 3.379520108144642876e+00 3.430237543949917978e+00 3.480985118788616717e+00 3.531696980399081198e+00 3.582624272279444799e+00 3.634381246592766956e+00 3.685956505713232190e+00 3.738317757009345765e+00 3.791109847407828415e+00 3.844675124951941303e+00 3.898635477582845787e+00 3.953350464518678997e+00 4.009623095429029505e+00 4.066693777958519718e+00 4.126263668248401295e+00 4.190675746464117779e+00 4.697592483852025325e+00
3.158809128958382395e+00 3.207441263731857450e+00 3.256268316509280059e+00 3.304692663582286638e+00 3.353172939894374593e+00 3.401939105290015419e+00 3.450655624568668145e+00 3.499562554680665016e+00 3.548616039744499240e+00 3.597769382982551001e+00 3.647305553022704316e+00 3.697199371476106222e+00 3.747774758737000056e+00 3.798309752160287989e+00 3.849855630413859586e+00 3.901677721420210521e+00 3.954522985664853607e+00 4.008819402685908528e+00 4.063801686477700237e+00 4.121586810922205579e+00 4.183662796778579107e+00
3.145643284051588218e+00 3.192848020434226441e+00 3.240178209801539033e+00 3.287310979618672135e+00 3.334166875052096302e+00 3.381234150464919708e+00 3.428179636612958436e+00 3.475238922675933928e+00 3.522367030644592667e+00 3.569834895136099640e+00 3.617290649303671390e+00 3.665017408832691892e+00 3.712986169126520242e+00 3.761519653940191610e+00 3.810612555968371673e+00 3.859886133359066385e+00 3.910450679440804933e+00 3.961572744379517896e+00 4.014049172102358121e+00 4.068762079137422383e+00 4.127541017438860038e+00
3.264506651432302675e+00 3.153579312519709354e+00 3.198976327575175915e+00 3.244120032441200507e+00 3.289473684210526105e+00 3.334444814938312351e+00 3.379805661174482445e+00 3.424657534246575263e+00 3.470113646221913761e+00 3.515556336790297109e+00 3.560936526306418770e+00 3.606853020739404503e+00 3.652968036529680163e+00 3.699250901692407556e+00 3.746370703381099343e+00 3.793986531347814051e+00 3.841352155958897896e+00 3.890293717175646648e+00 3.940110323089045963e+00 3.991617603033629447e+00 4.046535154274153001e+00
3.166811812208059518e+00 3.396162336559687578e+00 3.285690816494167610e+00 3.336670003336670298e+00 3.387533875338753386e+00 3.438789546079779935e+00 3.490096850187592636e+00 3.541703559412076707e+00 3.593567514149671904e+00 3.645643456069996180e+00 3.698224852071005486e+00 3.751641343087600777e+00 3.805175038051750391e+00 3.859513701273639352e+00 3.914277326548585734e+00 3.970617431010521781e+00 4.027386226339105590e+00 4.086219225661455567e+00 4.147226542249870640e+00 4.214075010535187182e+00 4.691531785127843968e+00
3.179903012958104735e+00 3.230234999596220291e+00 3.280032800328003262e+00 3.330280576138539228e+00 3.380376912025691016e+00 3.430531732418524715e+00 3.480985118788616717e+00 3.531385185839145624e+00 3.581982627384256990e+00 3.633060853769300547e+00 3.684259003407939215e+00 3.736222678871660374e+00 3.788237522492660325e+00 3.840983291722680715e+00 3.894839337877312513e+00 3.949057162602428672e+00 4.004004004004004358e+00 4.060501471931783790e+00 4.119040263618576780e+00 4.181038988188564787e+00 4.250797024442082517e+00
3.118665211289568084e+00 3.165057762304161582e+00 3.210788248515009879e+00 3.256533420174224869e+00 3.302237265747544281e+00 3.348120867163304482e+00 3.394145099703012036e+00 3.439972480220158335e+00 3.485838779956426770e+00 3.532008830022074886e+00 3.578457684737878175e+00 3.625158600688779931e+00 3.672082989075553527e+00 3.718854592785421520e+00 3.766833035125717544e+00 3.814973772055317180e+00 3.863614411281754535e+00 3.913894324853228746e+00 3.964714044999504416e+00 4.017677782241864115e+00 4.075810067250865920e+00
3.168316831683168466e+00 3.132832080200500524e+00 3.176872369152568876e+00 3.221130616846512584e+00 3.264773098269670104e+00 3.308793117710314924e+00 3.352610845696085473e+00 3.396739130434782261e+00 3.440860215053763493e+00 3.484624096175624519e+00 3.528892809880899595e+00 3.573342862247632201e+00 3.618272274988692860e+00 3.663003663003662869e+00 3.708511032820322129e+00 4.218074449014025618e+00 4.172316678835923831e+00 4.143360265175056512e+00 4.115226337448559590e+00 4.060089321965083542e+00 4.010829238945151864e+00
3.542330853701735283e+00 3.582945180938731156e+00 3.649968062779450406e+00 3.527959075674722556e+00 3.588087549336203885e+00 3.648969166210545456e+00 3.709542798850042011e+00 3.770739064856711842e+00 3.832886163280950331e+00 3.895218619144999561e+00 3.958436417615042391e+00 4.022526146419950877e+00 4.087471898630696820e+00 4.154117769238757418e+00 4.222081486172682752e+00 4.292306041420753004e+00 4.364906154517677273e+00 4.442963456625569130e+00 4.537205081669691609e+00 5.011275369581557726e+00 5.037783375314861090e+00
3.161305619220737828e+00 3.269309358398038601e+00 3.259983700081499514e+00 3.307972213033410380e+00 3.355986240456414027e+00 3.404255319148936199e+00 3.452740612861458835e+00 3.501094091903719896e+00 3.549245785270630282e+00 3.598093010704326300e+00 3.646640532409517466e+00 3.695832948350734615e+00 3.745318352059924916e+00 3.795426511054179386e+00 3.846153846153846256e+00 3.897116134060794490e+00 3.949447077409162343e+00 4.003202562049639646e+00 4.058853373921866847e+00 4.124561765312435568e+00 4.334164048109220069e+00
3.192593183813551949e+00 3.244646333549642492e+00 3.296793867963405678e+00 3.348961821835230612e+00 3.401360544217686854e+00 3.453933166393230003e+00 3.506926179203927241e+00 3.559668950787576502e+00 3.613369467028003434e+00 3.667369579169340810e+00 3.721968921559505095e+00 3.777148253068933315e+00 3.832518923062182115e+00 3.889158969372872754e+00 3.946329913180742111e+00 4.004404845329862184e+00 4.063801686477700237e+00 4.124987109415282127e+00 4.188043136844308734e+00 4.255319148936170137e+00 4.782972617481764388e+00
3.323087147960455123e+00 3.531073446327683385e+00 3.517101908027785218e+00 3.479773814702044277e+00 3.556187766714082432e+00 3.615002259376412397e+00 3.673769287288758179e+00 3.733084461035931056e+00 3.793266951161688105e+00 3.853564547206165702e+00 3.914660403210021400e+00 3.976143141153081206e+00 4.038772213247172616e+00 4.102564102564102200e+00 4.167969157028237781e+00 4.234596654668642657e+00 4.304315075863552664e+00 4.377804531027689627e+00 4.836174585902551115e+00 4.884601294419343098e+00 4.914608674284309586e+00
2.973977695167286051e+00 3.115264797507788064e+00 3.160056881023858288e+00 3.204871404534892942e+00 3.249918752031198732e+00 3.295164346321772797e+00 3.340292275574113123e+00 3.385813441679363489e+00 3.431120260765140095e+00 3.477051460361613167e+00 3.522987493394398317e+00 3.569516330537211957e+00 3.616636528028932762e+00 3.663674665689686805e+00 3.711608054189477368e+00 3.760105282947922678e+00 3.809161032282639248e+00 3.859141341051615992e+00 3.910068426197458535e+00 3.962750148603130018e+00 4.440990340846008522e+00
3.337505214851898216e+00 3.356267830172848132e+00 3.413843133907996652e+00 3.472222222222221877e+00 3.530450132391880214e+00 3.589053387169133913e+00 3.647638154295093749e+00 3.707136237256719369e+00 3.766833035125717544e+00 3.827751196172248793e+00 3.888402838534072092e+00 3.950617283950617509e+00 4.013646397752357764e+00 4.077471967380224882e+00 4.142502071251035645e+00 4.792140888942134858e+00 4.844961240310077244e+00 4.882812500000000000e+00 4.914608674284309586e+00 4.942542938341776271e+00 4.968944099378882484e+00
3.275198558912634006e+00 3.330557868442964420e+00 3.385813441679363489e+00 3.440860215053763493e+00 3.496503496503496677e+00 3.552082408311872275e+00 3.607828988905926071e+00 3.664010259228725808e+00 3.720584131708677855e+00 3.777148253068933315e+00 3.834355828220858964e+00 3.892944038929440520e+00 3.951397806974217275e+00 4.010829238945151864e+00 4.071246819338422362e+00 4.133085348212440557e+00 4.196391103650860543e+00 4.262120404901438064e+00 4.332755632582322214e+00 4.934616333580064129e+00 4.960932655339203023e+00
3.350083752093802492e+00 3.432887058015791304e+00 3.609131101687268917e+00 3.428767358134750420e+00 3.484624096175624519e+00 3.540449637103912472e+00 3.596798849024367861e+00 3.653301671385514204e+00 3.710230961877376554e+00 3.767897513187640879e+00 3.826286588865505767e+00 3.885003885003884605e+00 3.944384183019426615e+00 4.005206768799438599e+00 4.066693777958519718e+00 4.129671691100557318e+00 4.195070791819611955e+00 4.262120404901438064e+00 4.334633723450368237e+00 4.857316332726169250e+00 4.884004884004884417e+00
3.180661577608142387e+00 3.231800921063262333e+00 3.282994090610636739e+00 3.334166875052096302e+00 3.385526872619551320e+00 3.437016669530847057e+00 3.488574917146345378e+00 3.540763034433920264e+00 3.593244699964067479e+00 3.645643456069996180e+00 3.698908821897540111e+00 3.752345215759850028e+00 3.806261299838233469e+00 3.861376580751037402e+00 3.916576911779105163e+00 3.972983710766786025e+00 4.030226700251889227e+00 4.088307440719542107e+00 4.148086695011925507e+00 4.210969575744814897e+00 4.278990158322635295e+00
3.454529752137490028e+00 3.631741420010894839e+00 3.638348189921775333e+00 3.580379520229144408e+00 3.643319063667000535e+00 3.706792697618385368e+00 3.770739064856711842e+00 3.834723420573290742e+00 3.899775762893633591e+00 3.965107057890562725e+00 4.031851627860095100e+00 4.099620785077379814e+00 4.167969157028237781e+00 4.238635159478647552e+00 4.310809354456298870e+00 4.385484047801775809e+00 4.464784016073221729e+00 4.551143474798042377e+00 5.020080321285140812e+00 5.051142821063264954e+00 5.078075409419828823e+00
3.099814011159330196e+00 3.146385589553999385e+00 3.192593183813551949e+00 3.238866396761133526e+00 3.285151116951379180e+00 3.331667499583541137e+00 3.378378378378378510e+00 3.424657534246575263e+00 3.471619510501648964e+00 3.518958388317058095e+00 3.566333808844507569e+00 3.614348965392608637e+00 3.662332906061160909e+00 3.710919380276463286e+00 3.760105282947922678e+00 3.809523809523809312e+00 3.860258637328700893e+00 3.911215410188716213e+00 3.963535473642488594e+00 4.016870857601927192e+00 4.073319755600814496e+00
3.067719917171562116e+00 3.111629716063788464e+00 3.155071777882946016e+00 3.198720511795281940e+00 3.242016534284324347e+00 3.285690816494167610e+00 3.328894806924100447e+00 3.372396931118792462e+00 3.415883859948761536e+00 3.459609064175747761e+00 3.503547341683454164e+00 3.547671840354767347e+00 3.592276605298607706e+00 3.636694244931357289e+00 3.681885125184093610e+00 3.727171077152441114e+00 3.772873042822109113e+00 3.819344982335529437e+00 3.866602223296278229e+00 3.915043554859547914e+00 3.964714044999504416e+00
3.174351241964922909e+00 3.224506247480854793e+00 3.274662300450266184e+00 3.324744410273460016e+00 3.375527426160337630e+00 3.425830763960259873e+00 3.476144955244633294e+00 3.526714865103156349e+00 3.577817531305903298e+00 3.629105425512610950e+00 3.681207436039020120e+00 3.733084461035931056e+00 3.785727806170735565e+00 3.839140032632689881e+00 3.892565200467107633e+00 3.947498272969505173e+00 4.003202562049639646e+00 4.059265272985589590e+00 4.118192113662101583e+00 4.179291610072092489e+00 4.246735322221041997e+00
3.317574852782615658e+00 3.429061294470638455e+00 3.458113599031727770e+00 3.396162336559687578e+00 3.450953325856267462e+00 3.506004031904636609e+00 3.561253561253561184e+00 3.616963559092142066e+00 3.673431903756084083e+00 3.729951510630361344e+00 3.787161522438931893e+00 3.845044698644621839e+00 3.903581536059334223e+00 3.963142772218368304e+00 4.023740066391710890e+00 4.085384536819527845e+00 4.148947204646820097e+00 4.214519018017068852e+00 4.283572499464553651e+00 4.361098996947230688e+00 4.813477737665463607e+00
3.365303718660608734e+00 3.503240497460150760e+00 3.551767004084531720e+00 3.610760064993681073e+00 3.601008282319049236e+00 3.661997619701547357e+00 3.723354742623103508e+00 3.785369546701996324e+00 3.847633705271257476e+00 3.910833007430582153e+00 3.974562798092209359e+00 4.039180046450570494e+00 4.104669061056951840e+00 4.171881518564871882e+00 4.239983040067839326e+00 4.311273981461521743e+00 4.384522635098103471e+00 4.463289444320463595e+00 4.972650422675285675e+00 5.003752814610957778e+00 5.031446540880502916e+00
3.031221582297665584e+00 3.090473615081510861e+00 3.094777562862669029e+00 3.248862897985704823e+00 3.295978905735002851e+00 3.342804613070365694e+00 3.390117806593778926e+00 3.437312021998796929e+00 3.484927687750479564e+00 3.532944709415297257e+00 3.580700026855249796e+00 3.629105425512610950e+00 3.678499172337685863e+00 3.727865796831313805e+00 3.777861730260672513e+00 3.828483920367534488e+00 3.880104762828596066e+00 3.932363350373574207e+00 3.986048829098156165e+00 4.042037186742118315e+00 4.514672686230247756e+00
3.459609064175747761e+00 3.375527426160337630e+00 3.434065934065933856e+00 3.492534707063651211e+00 3.550821127385707765e+00 3.609782510603735783e+00 3.669388129529400633e+00 3.729256013425321203e+00 3.789314134141719581e+00 3.849855630413859586e+00 3.911597887737141122e+00 3.973773097556129841e+00 4.036734281965888904e+00 4.100881689563256494e+00 4.166232684095406924e+00 4.233700254022014775e+00 4.302925989672977458e+00 4.375888852423147846e+00 4.454839068938634128e+00 4.996876951905059094e+00 5.023232450081627221e+00
3.263175069342470369e+00 3.197953309881675477e+00 3.245172805451889797e+00 3.291910130853427319e+00 3.338898163606009994e+00 3.385526872619551320e+00 3.432592465459538555e+00 3.479168478733582592e+00 3.526093088857545688e+00 3.573023671281822189e+00 3.620237125531721833e+00 3.667705849990830380e+00 3.715055261447013812e+00 3.763289114686235504e+00 3.811338732729871115e+00 3.860631213203358225e+00 3.910068426197458535e+00 3.961180431768666743e+00 4.013243704223937947e+00 4.067520846044335947e+00 4.127966976264189292e+00
3.354297693920335277e+00 3.429355281207132844e+00 3.330003330003330042e+00 3.382377811601555706e+00 3.434360779599896940e+00 3.486750348675034861e+00 3.538883482261346636e+00 3.591309032142215862e+00 3.644314868804664265e+00 3.697199371476106222e+00 3.750586029067041860e+00 3.804813088557024603e+00 3.859141341051615992e+00 3.914660403210021400e+00 3.970223325062034903e+00 4.027386226339105590e+00 4.086219225661455567e+00 4.147226542249870640e+00 4.214519018017068852e+00 4.710315591144606628e+00 4.755677089525621071e+00
3.427004797806716851e+00 3.696516033638295173e+00 3.462004500605850410e+00 3.520506953001232286e+00 3.579098067287043161e+00 3.638017280582082513e+00 3.696516033638295173e+00 3.755868544600938996e+00 3.815701612133931331e+00 3.875593450247068361e+00 3.936233024995079877e+00 3.998000999500249897e+00 4.059677255658174388e+00 4.123286259148541077e+00 4.188043136844308734e+00 4.254413954477770154e+00 4.323389537397319238e+00 4.397053973837528495e+00 4.480286738351254350e+00 5.105296745373324896e+00 5.132152938157556576e+00
3.216985684413704139e+00 3.301147148634150152e+00 3.271180896303565788e+00 3.320053120849933759e+00 3.369272237196765385e+00 3.418219107844812754e+00 3.467706978760294767e+00 3.517101908027785218e+00 3.566651805617476523e+00 3.616309556098001643e+00 3.666361136571952617e+00 3.717126661090976114e+00 3.767897513187640879e+00 3.819344982335529437e+00 3.871467286101432315e+00 3.923876790268784998e+00 3.976933784052495202e+00 4.031851627860095100e+00 4.087889626980071966e+00 4.146366746138695270e+00 4.760204688801617401e+00
3.128911138923654356e+00 3.257859586251832695e+00 3.252561392096275483e+00 3.300874731803928430e+00 3.349522693016245167e+00 3.397893306150186810e+00 3.446493193175943048e+00 3.495586821637682640e+00 3.544214070529859484e+00 3.593567514149671904e+00 3.642655495856478964e+00 3.692762186115214007e+00 3.742865163282492524e+00 3.793986531347814051e+00 3.845044698644621839e+00 3.897116134060794490e+00 3.950227138060438570e+00 4.004404845329862184e+00 4.060089321965083542e+00 4.120313143798927769e+00 4.656035385868932508e+00
3.425244048638465877e+00 3.346440224211495451e+00 3.403675970047651322e+00 3.461405330564208516e+00 3.518958388317058095e+00 3.576537911301859385e+00 3.635041802980733650e+00 3.693444136657432875e+00 3.752697251149263558e+00 3.812791916881135723e+00 3.873341725573738348e+00 3.934297236156191424e+00 3.996403237086621818e+00 4.059265272985589590e+00 4.123286259148541077e+00 4.821019645655055363e+00 4.864996351252735884e+00 4.900159255175792872e+00 4.930966469428008203e+00 4.957858205255329054e+00 4.984423676012461613e+00
3.294621530351700578e+00 3.418219107844812754e+00 3.569516330537211957e+00 3.420850081245189411e+00 3.476447071093342167e+00 3.532320734722712796e+00 3.588409437516820510e+00 3.644646924829157530e+00 3.701647233018693139e+00 3.759045202518560114e+00 3.816793893129770687e+00 3.875217981011431778e+00 3.935071323167732338e+00 3.995205753096283896e+00 4.056383733901227195e+00 4.119040263618576780e+00 4.183662796778579107e+00 4.250345340558920881e+00 4.321054337258290801e+00 4.407713498622588766e+00 4.854958125986162720e+00
3.016136329362086865e+00 3.197953309881675477e+00 3.218797779029532347e+00 3.265572699812229640e+00 3.312080814771880544e+00 3.358522250209907689e+00 3.405124712692602085e+00 3.452144644860619671e+00 3.498950314905528103e+00 3.546099290780141633e+00 3.593244699964067479e+00 3.640997633351537921e+00 3.689015954994005586e+00 3.737619136609979353e+00 3.786802991574363730e+00 3.836194495060899712e+00 3.886891458556019696e+00 3.938170719700698541e+00 3.991219317501496278e+00 4.050222762251923569e+00 4.242231413723617450e+00
3.485838779956426770e+00 3.269843864955448431e+00 3.322259136212624586e+00 3.374388392103930823e+00 3.426711213912447374e+00 3.478865889719951809e+00 3.531696980399081198e+00 3.584229390681003657e+00 3.637024913620658495e+00 3.690717844620778898e+00 3.744617112900205491e+00 3.798670465337132374e+00 3.853564547206165702e+00 3.908922114726864017e+00 3.965893317469760593e+00 4.023740066391710890e+00 4.082465809348845731e+00 4.143789495493629182e+00 4.208754208754208470e+00 4.284031273428295705e+00 4.828585224529212461e+00
3.278957291581276579e+00 3.411222923418045117e+00 3.297609233305853316e+00 3.348961821835230612e+00 3.399915002124946906e+00 3.451251078515962245e+00 3.502933706979595385e+00 3.554607660179507800e+00 3.606527815345775156e+00 3.658648129516143932e+00 3.711263685284839742e+00 3.764705882352941124e+00 3.818615751789976365e+00 3.872966692486444540e+00 3.928115486595305850e+00 3.984063745019920333e+00 4.040812203252853507e+00 4.099620785077379814e+00 4.160166406656266247e+00 4.226096143687269269e+00 4.787552363853979642e+00
3.347280334728033324e+00 3.449762828805519543e+00 3.497420652268951269e+00 3.393857118615306145e+00 3.447087211306445464e+00 3.500481316180974911e+00 3.553976010661927809e+00 3.607828988905926071e+00 3.661997619701547357e+00 3.716781267422411883e+00 3.771805752003771772e+00 3.827018752391886380e+00 3.883118143869526584e+00 3.939722249581403712e+00 3.997601439136517776e+00 4.056383733901227195e+00 4.116496861171142996e+00 4.177982034677250489e+00 4.243581582855929568e+00 4.317323259579061379e+00 4.854958125986162720e+00
3.161805390878190902e+00 3.338062254861053457e+00 3.272251308900523181e+00 3.321983223984718681e+00 3.371828373935766621e+00 3.421435292105037718e+00 3.471619510501648964e+00 3.521746786406057428e+00 3.572066440435792245e+00 3.622860248165926667e+00 3.673769287288758179e+00 3.725088470851182887e+00 3.777148253068933315e+00 3.829583532790809208e+00 3.882741215298000093e+00 3.937007874015748143e+00 3.991617603033629447e+00 4.047763610605140450e+00 4.106354583718304418e+00 4.170576582212490280e+00 4.672897196261682318e+00
3.301964668978041306e+00 3.359086328518642972e+00 3.415883859948761536e+00 3.473126682295736511e+00 3.530450132391880214e+00 3.587765718898555889e+00 3.645643456069996180e+00 3.703360799925932589e+00 3.761873412959654051e+00 3.821169277799006725e+00 3.880481179666278813e+00 3.940886699507388791e+00 4.002001000500249539e+00 4.064214590530379922e+00 4.127541017438860038e+00 4.192872117400419540e+00 4.260304611779742068e+00 4.331348132106118243e+00 4.409657149156653411e+00 4.979459728619444192e+00 5.006884466140943069e+00
3.158559696778268755e+00 3.118665211289568084e+00 3.162305320578701728e+00 3.205641929796441136e+00 3.249126797173259362e+00 3.292181069958847850e+00 3.335557038025350085e+00 3.378949146815340754e+00 3.422313483915127019e+00 3.465904167749761289e+00 3.509387611861730427e+00 3.553344585591187599e+00 3.597122302158273666e+00 3.641329085116067343e+00 3.685956505713232190e+00 3.731343283582089665e+00 3.776791615522613110e+00 3.822995316830736900e+00 3.870343492985002243e+00 3.918495297805642430e+00 3.969829297340214502e+00
3.382663847780126520e+00 3.430237543949917978e+00 3.532944709415297257e+00 3.551136363636363313e+00 3.566969859104690332e+00 3.626144501858398428e+00 3.685616880125311301e+00 3.745669070137652934e+00 3.805537056417086283e+00 3.866228494104000823e+00 3.928115486595305850e+00 3.990024937655860082e+00 4.053095551727632362e+00 4.117344312918167937e+00 4.183225266680610233e+00 4.250797024442082517e+00 4.321054337258290801e+00 4.395604395604395975e+00 4.488330341113106137e+00 4.957858205255329054e+00 4.986287708800797525e+00
3.130380341211456585e+00 3.177629488401652047e+00 3.224506247480854793e+00 3.271180896303565788e+00 3.318400530944084714e+00 3.365303718660608734e+00 3.412095879894225359e+00 3.459309867681398032e+00 3.506618742877180672e+00 3.553660270078180083e+00 3.601656762110570398e+00 3.649302070978924561e+00 3.697882962004252150e+00 3.746370703381099343e+00 3.795426511054179386e+00 3.845414343395500367e+00 3.895977403331060351e+00 3.947108742845864882e+00 3.999600039996000334e+00 4.054327995134806351e+00 4.112687641373637959e+00
3.351206434316353455e+00 3.516792685071215008e+00 3.496809161640002994e+00 3.414134516899965721e+00 3.467706978760294767e+00 3.521436746192446066e+00 3.575259206292456415e+00 3.629434715543053525e+00 3.683580440187862237e+00 3.738667165155621586e+00 3.793626707132017994e+00 3.849114703618167432e+00 3.905105925998242800e+00 3.961965134706814773e+00 4.019696512913275122e+00 4.078719282145406133e+00 4.139072847682118805e+00 4.201239365612855714e+00 4.267577083111063097e+00 4.843201356096378696e+00 4.876264781177617635e+00
3.206412825651302700e+00 3.257859586251832695e+00 3.308793117710314924e+00 3.359932801343973097e+00 3.410932037179159160e+00 3.462004500605850410e+00 3.513394817742644172e+00 3.564744675162641041e+00 3.616636528028932762e+00 3.668042182485098390e+00 3.720584131708677855e+00 3.773228940665974473e+00 3.826286588865505767e+00 3.880104762828596066e+00 3.934297236156191424e+00 3.989229081480003547e+00 4.045716597552341476e+00 4.102984921530413054e+00 4.162330905306972362e+00 4.224757076468102390e+00 4.302000430200042302e+00
3.455425017277125033e+00 3.605877580456143594e+00 3.633720930232557933e+00 3.434360779599896940e+00 3.489183531053733134e+00 3.543900062018250807e+00 3.598740440845704214e+00 3.653635367190354533e+00 3.709198813056379329e+00 3.764705882352941124e+00 3.820804279300792583e+00 3.877471888328809069e+00 3.935071323167732338e+00 3.993211540381351732e+00 4.051863857374391920e+00 4.112264829855042159e+00 4.173622704507512715e+00 4.238186056367874599e+00 4.306632213608957649e+00 4.912797838368950565e+00 4.941321803582458649e+00
3.278957291581276579e+00 3.476447071093342167e+00 3.378378378378378510e+00 3.433771139153575458e+00 3.489183531053733134e+00 3.544842254519673386e+00 3.600684129984697002e+00 3.656975681111720444e+00 3.713675610435427821e+00 3.770383636535016958e+00 3.828117523207962059e+00 3.886513797123979597e+00 3.945162244797317364e+00 4.005206768799438599e+00 4.065867046147590536e+00 4.127541017438860038e+00 4.190675746464117779e+00 4.256677663083962670e+00 4.325727262896074343e+00 4.404316229905306912e+00 4.940101272076077521e+00
3.436721367815104067e+00 3.587765718898555889e+00 3.642987249544626494e+00 3.605552550928429412e+00 3.614022406938923293e+00 3.676132708390772663e+00 3.738667165155621586e+00 3.801197377173810121e+00 3.865107739878248960e+00 3.928887142716825043e+00 3.994008986520220184e+00 4.060089321965083542e+00 4.127115146512587707e+00 4.195510803440318348e+00 4.265756638583768634e+00 4.338394793926247495e+00 4.414036636504082622e+00 4.496402877697841305e+00 4.930358683594231017e+00 4.964010920824025064e+00 4.991888181704728922e+00
3.227888960619754499e+00 3.244646333549642492e+00 3.441748408191361186e+00 3.204357926780420751e+00 3.496503496503496677e+00 3.552713384847677069e+00 3.609131101687268917e+00 3.666025112272018660e+00 3.723008190618019242e+00 3.780718336483932074e+00 3.839140032632689881e+00 3.897875657766516788e+00 3.958044725905402572e+00 4.018485031143258723e+00 4.080383556054268723e+00 4.143360265175056512e+00 4.208311415044713399e+00 4.275788348476750045e+00 4.348298728122621526e+00 4.791566842357450895e+00 4.821600771456123091e+00
