2.707825616030327343e+00 2.790567880563694647e+00 2.873769667361160796e+00 2.957267484844003924e+00 3.041131300843913365e+00 3.125732593576619145e+00 3.211045998233924337e+00 3.297337400049459522e+00 3.384094754653130366e+00 3.472222222222221877e+00 3.561253561253561184e+00 3.651634106262552137e+00 3.744266591781334697e+00 3.839877123932033953e+00 3.939722249581403712e+00 4.046944556859570774e+00 4.171011470281543509e+00 4.340748779164405491e+00 4.823344989750391498e+00 4.915816640039325947e+00 5.001875703388770411e+00
2.700513097488522973e+00 2.782415136338341366e+00 2.864508736751647078e+00 2.946810078090467133e+00 3.029614481557221684e+00 3.113325031133249876e+00 3.197697657686465522e+00 3.282455276546856648e+00 3.368704733030149612e+00 3.456022118541558719e+00 3.545156430027475380e+00 3.636033087901099581e+00 3.729256013425321203e+00 3.826652635607003194e+00 3.928887142716825043e+00 4.038772213247172616e+00 4.162330905306972362e+00 4.317789291882554892e+00 4.680552305172009930e+00 4.773269689737470678e+00 4.859676831490705951e+00
2.672010688042752324e+00 2.750085940185631017e+00 2.828454249752510030e+00 2.907399331298153644e+00 2.986857825567502900e+00 3.066779115234224751e+00 3.147128245476003006e+00 3.228149463320151291e+00 3.309614429918914080e+00 3.391555027980328596e+00 3.474937016766570963e+00 3.559668950787576502e+00 3.645643456069996180e+00 3.733432891543774002e+00 3.824823101931535962e+00 3.921184197627683776e+00 4.028197381671701827e+00 4.178418468609630843e+00 4.633920296570898323e+00 4.717537445453472422e+00 4.796163069544363999e+00
2.662052442433115562e+00 2.736914129319192313e+00 2.812148481439819658e+00 2.887669650591972115e+00 2.963621545528635881e+00 3.039975680194558105e+00 3.116964076989012344e+00 3.194377894904966819e+00 3.272786777941417036e+00 3.351768057650410082e+00 3.431414600669125736e+00 3.512160856967248890e+00 3.594213316560337379e+00 3.678160919540229834e+00 3.765060240963855165e+00 3.855050115651502907e+00 3.951007506914262724e+00 4.059265272985589590e+00 4.199034222128910976e+00 4.611482591653215835e+00 4.697592483852025325e+00
2.641484514297034458e+00 2.713520113967844427e+00 2.785903329154478136e+00 2.858776443682104151e+00 2.931691586045147790e+00 3.004581987530984044e+00 3.077633299992305727e+00 3.151095005514416236e+00 3.224766204450177476e+00 3.299241174529857989e+00 3.373819163292847367e+00 3.449465332873404400e+00 3.525782282944028179e+00 3.602629919841484174e+00 3.680868685009662133e+00 3.759751856377478774e+00 3.840245775729646205e+00 3.922337713277113114e+00 4.006410256410256387e+00 4.093327875562832396e+00 4.183662796778579107e+00
2.638870563398865166e+00 2.708742466310015473e+00 2.778935667639293783e+00 2.849611740400370685e+00 2.920560747663551115e+00 2.991325157044570471e+00 3.062083747990506755e+00 3.133568350959655024e+00 3.204871404534892942e+00 3.276539973787680360e+00 3.348681456676433577e+00 3.421727972626176228e+00 3.495281370150296940e+00 3.569516330537211957e+00 3.644646924829157530e+00 3.720930232558139927e+00 3.798309752160287989e+00 3.877096055054763735e+00 3.958044725905402572e+00 4.041220448575469248e+00 4.127541017438860038e+00
2.625533311453888796e+00 2.692877339437188766e+00 2.760715025191524674e+00 2.828654267732126470e+00 2.897081190700369291e+00 2.965599051008303455e+00 3.034440904263389083e+00 3.103421522228256624e+00 3.172588832487309052e+00 3.242279322363621485e+00 3.311806590495115277e+00 3.381805884342238944e+00 3.451548882561048970e+00 3.522056881218631474e+00 3.593890386343216559e+00 3.666361136571952617e+00 3.739715781600597921e+00 3.813882532418001681e+00 3.889915394340173194e+00 3.967073291679063640e+00 4.046944556859570774e+00
2.665955745134630295e+00 2.741603838245373570e+00 2.817695125387432942e+00 2.894146588524708186e+00 2.970664686223542628e+00 3.048083517488378469e+00 3.125976867771178114e+00 3.204357926780420751e+00 3.283802643461127602e+00 3.363888655285509621e+00 3.444712366517395985e+00 3.527025835464244086e+00 3.610760064993681073e+00 3.696857670979667443e+00 3.785727806170735565e+00 3.879728419010669338e+00 3.981287946650741372e+00 4.101302163436891135e+00 4.257583821181479600e+00 4.607233356369499155e+00 4.691531785127843968e+00
2.652344009017969739e+00 2.726281352235550681e+00 2.800924305020656480e+00 2.875835789776403750e+00 2.950940612320177348e+00 3.025947499810878405e+00 3.101256008683516363e+00 3.176872369152568876e+00 3.252561392096275483e+00 3.328894806924100447e+00 3.405994550408718791e+00 3.483713638738895391e+00 3.562205004898031824e+00 3.641992169716835370e+00 3.722661703117729370e+00 3.804451207913257971e+00 3.888024883359253892e+00 3.972983710766786025e+00 4.061326022946491143e+00 4.153255113695358602e+00 4.250797024442082517e+00
2.630021697679005843e+00 2.698327037236913029e+00 2.767017155506363846e+00 2.835873803615739153e+00 2.904865649963689123e+00 2.974198825191463502e+00 3.043445179943695678e+00 3.113082730173553969e+00 3.182686187141947620e+00 3.252825892494104032e+00 3.323087147960455123e+00 3.393857118615306145e+00 3.465303647232088835e+00 3.537005924484923458e+00 3.610108303249097705e+00 3.683919690550746306e+00 3.759045202518560114e+00 3.835458816760954903e+00 3.912745769343636937e+00 3.992812936713914684e+00 4.075394803871625449e+00
2.621575566915715694e+00 2.687269062814914289e+00 2.753303964757709110e+00 2.819681376004511186e+00 2.886211126343892097e+00 2.952901225454008127e+00 3.019779556092404782e+00 3.086896125945361558e+00 3.154076644062450363e+00 3.221908981071284650e+00 3.289744222386709271e+00 3.358240282092183282e+00 3.426711213912447374e+00 3.496197884800279265e+00 3.566015868770616049e+00 3.636363636363636243e+00 3.707479840578366659e+00 3.779646603042615460e+00 3.853564547206165702e+00 3.929659102072894594e+00 4.010427110487266411e+00
2.736539645618115912e+00 2.825058266826752984e+00 2.913965178116121546e+00 3.002777569251557033e+00 3.092624091541673170e+00 3.182939444577066457e+00 3.274126217565686670e+00 3.366719973066239824e+00 3.460806367883716650e+00 3.556503956610651773e+00 3.654970760233918092e+00 3.755868544600938996e+00 3.861376580751037402e+00 3.973378364954803121e+00 4.095423364390294196e+00 4.236390595212878196e+00 4.435081494622463261e+00 4.764173415912339671e+00 4.860857941426661277e+00 4.951720722951225895e+00 5.037783375314861090e+00
2.657101102696957540e+00 2.729071433444770545e+00 2.801120448179271527e+00 2.873563218390804419e+00 2.946158945275097363e+00 3.018867924528301661e+00 3.092145949288806150e+00 3.165809259992085511e+00 3.240178209801539033e+00 3.314825557305046910e+00 3.390405153415833261e+00 3.466805338880222020e+00 3.543900062018250807e+00 3.622532149972831128e+00 3.702675182819587629e+00 3.785011355034065161e+00 3.870343492985002243e+00 3.960396039603960361e+00 4.058853373921866847e+00 4.178418468609630843e+00 4.334633723450368237e+00
2.661166921695163445e+00 2.738413089614568197e+00 2.816306414137857761e+00 2.894565453361313878e+00 2.973093503790694037e+00 3.052037234854264813e+00 3.131605730838487034e+00 3.211561621838619374e+00 3.291910130853427319e+00 3.373250126496879719e+00 3.455126544009674117e+00 3.537631555673476313e+00 3.621220351258373604e+00 3.706105809320856537e+00 3.778575477045153619e+00 3.882364359895176253e+00 3.984063745019920333e+00 4.106354583718304418e+00 4.628022677311118827e+00 4.706989879971757773e+00 4.783544606553455480e+00
2.731494127287626306e+00 2.817893624515674489e+00 2.904443799012489169e+00 2.991325157044570471e+00 3.078580774263064423e+00 3.166561114629512286e+00 3.255208333333333037e+00 3.345040976751965545e+00 3.436130916587921913e+00 3.528892809880899595e+00 3.624173235480655730e+00 3.721968921559505095e+00 3.823726221202561337e+00 3.929273084479370848e+00 4.041220448575469248e+00 4.161464835622138203e+00 4.294610264118531084e+00 4.453351146737920097e+00 4.723665564478034540e+00 4.822763443453097487e+00 4.914608674284309586e+00
2.615233736515201191e+00 2.682223563334003469e+00 2.749518834204013995e+00 2.817099795760264591e+00 2.885378345235518616e+00 2.953555342243224580e+00 3.022289384208537655e+00 3.091429013061287367e+00 3.160556257901390609e+00 3.230234999596220291e+00 3.300602359930687069e+00 3.371828373935766621e+00 3.443526170798897557e+00 3.516174402250351161e+00 3.590341980073601835e+00 3.666025112272018660e+00 3.744266591781334697e+00 3.825920612147298172e+00 3.913511398101947147e+00 4.015661078204999512e+00 4.440990340846008522e+00
2.710945442222975288e+00 2.796616094525623542e+00 2.882675122513692401e+00 2.969121140142517934e+00 3.056234718826405850e+00 3.144159723313944443e+00 3.232845712438373376e+00 3.322259136212624586e+00 3.412678099138298560e+00 3.504468196951112446e+00 3.597769382982551001e+00 3.693103129904902193e+00 3.792188092529389820e+00 3.895977403331060351e+00 4.010025062656641381e+00 4.154980783213876983e+00 4.618404341300080596e+00 4.713646005185010424e+00 4.803073967339096306e+00 4.887585532746822281e+00 4.968944099378882484e+00
2.699784017278617387e+00 2.781641168289290533e+00 2.863893463163170505e+00 2.946593001841620652e+00 3.029385034837927648e+00 3.113082730173553969e+00 3.197442046362909629e+00 3.282455276546856648e+00 3.368421052631579204e+00 3.455126544009674117e+00 3.542958370239149613e+00 3.632401017072284688e+00 3.723354742623103508e+00 3.817158125775359956e+00 3.915043554859547914e+00 4.019696512913275122e+00 4.138644593895499213e+00 4.313598619648440824e+00 4.786406605241115386e+00 4.876859302609118707e+00 4.960932655339203023e+00
2.696508022111365310e+00 2.778935667639293783e+00 2.861435009657343098e+00 2.944423997055575892e+00 3.027779880402694079e+00 3.111871790882215549e+00 3.196420009589259870e+00 3.281647386988267634e+00 3.367853835143554520e+00 3.454828122300915627e+00 3.543272211887678047e+00 3.633720930232557933e+00 3.726476616359231997e+00 3.822995316830736900e+00 3.925417075564278324e+00 4.039587962027873402e+00 4.221190375685942797e+00 4.629629629629629761e+00 4.719207173194903682e+00 4.803073967339096306e+00 4.884601294419343098e+00
2.648655807177857202e+00 2.724053391446472183e+00 2.800336040324839182e+00 2.876869965477560243e+00 2.953773445576724388e+00 3.030991892096688289e+00 3.108244618851503382e+00 3.184713375796178525e+00 3.262110585548849695e+00 3.340850246387705447e+00 3.420265070542966690e+00 3.500175008750437744e+00 3.581020590868397413e+00 3.662668253822909836e+00 3.744967699653590110e+00 3.828850387671101974e+00 3.913894324853228746e+00 4.000400040004000068e+00 4.089979550102249561e+00 4.181913225300574410e+00 4.279447951214293333e+00
2.759953080797626246e+00 2.852049910873440286e+00 2.944423997055575892e+00 3.037205770690964535e+00 3.130625342412146406e+00 3.224766204450177476e+00 3.320053120849933759e+00 3.417051084913719450e+00 3.515556336790297109e+00 3.616636528028932762e+00 3.720930232558139927e+00 3.828850387671101974e+00 3.941663381947181133e+00 4.061738424045491236e+00 4.193751310547283673e+00 4.344048653344916744e+00 4.551661356395083402e+00 4.793863854266538382e+00 4.895361644841512927e+00 4.989397530248222523e+00 5.078720162519045012e+00
2.617115938236063588e+00 2.685645226265609864e+00 2.754820936639118756e+00 2.824459822059031122e+00 2.894146588524708186e+00 2.964060763245646601e+00 3.034210725934915587e+00 3.104384943733022872e+00 3.174099349309633222e+00 3.244646333549642492e+00 3.315924728508663044e+00 3.387820784280511255e+00 3.460207612456747572e+00 3.533256779436445338e+00 3.607178284786725531e+00 3.681885125184093610e+00 3.757632691404415581e+00 3.833988306335665897e+00 3.911980440097799328e+00 3.991617603033629447e+00 4.073319755600814496e+00
2.603149811271638470e+00 2.667733760170734936e+00 2.732613745047137499e+00 2.798181182231549435e+00 2.863893463163170505e+00 2.929759027320002485e+00 2.995805871779508855e+00 3.061849357011634964e+00 3.127932436659367710e+00 3.194122814022198664e+00 3.261046796021522809e+00 3.328340822100182894e+00 3.396162336559687578e+00 3.464403256539061005e+00 3.533568904593639370e+00 3.603278983875326080e+00 3.673431903756084083e+00 3.744617112900205491e+00 3.816793893129770687e+00 3.889915394340173194e+00 3.964321110009910498e+00
2.647779175216786740e+00 2.722014290575025530e+00 2.796811634736400265e+00 2.871912693854106635e+00 2.947244326554671279e+00 3.022746164890802945e+00 3.098133374641777849e+00 3.173595683909869791e+00 3.249654724185555121e+00 3.326403326403326588e+00 3.403965619947238341e+00 3.482197266475145714e+00 3.561253561253561184e+00 3.640997633351537921e+00 3.721968921559505095e+00 3.803727653100037465e+00 3.887269193391642119e+00 3.972589134968715463e+00 4.060089321965083542e+00 4.150669295423886851e+00 4.246735322221041997e+00
2.684023351003153479e+00 2.764722145424384436e+00 2.845962290999644040e+00 2.927614725902071058e+00 3.009555338198780738e+00 3.092385001932740352e+00 3.175611305176246013e+00 3.259452411994784526e+00 3.343922420999832834e+00 3.429649318357198329e+00 3.516483516483516425e+00 3.604902667627973400e+00 3.696174459434485193e+00 3.790391357907703984e+00 3.890672113607624993e+00 4.003202562049639646e+00 4.214075010535187182e+00 4.568296025582457176e+00 4.653868528214077926e+00 4.734848484848484418e+00 4.814057046576001753e+00
2.743860611880915901e+00 2.833061831574473999e+00 2.922694724536021749e+00 3.012275020709390461e+00 3.102940035683810382e+00 3.193867773874161209e+00 3.285960732769243275e+00 3.379520108144642876e+00 3.474333362286111448e+00 3.571428571428571175e+00 3.670735064696705408e+00 3.773228940665974473e+00 3.879728419010669338e+00 3.992812936713914684e+00 4.114379757251594327e+00 4.251248804336272613e+00 4.420866489832006252e+00 4.747211013529550883e+00 4.849072614862406816e+00 4.943153732081067453e+00 5.031446540880502916e+00
2.633484758706959195e+00 2.703433360367666793e+00 2.773540424351685019e+00 2.844141069397041921e+00 2.915026963999416854e+00 2.986411826190831675e+00 3.057870193410289428e+00 3.130135378355113573e+00 3.202818480262631162e+00 3.276271602915881598e+00 3.350083752093802492e+00 3.424950766332733654e+00 3.500481316180974911e+00 3.577817531305903298e+00 3.656307129798903155e+00 3.737619136609979353e+00 3.822629969418959828e+00 3.913511398101947147e+00 4.016064257028111761e+00 4.158868787689748103e+00 4.515182300485381717e+00
2.718684156868075519e+00 2.804852394642731728e+00 2.891635943034771561e+00 2.978628341648670297e+00 3.066544004906470278e+00 3.155071777882946016e+00 3.244383161651390513e+00 3.334444814938312351e+00 3.425830763960259873e+00 3.518339343829712362e+00 3.612716763005780152e+00 3.708854891052387526e+00 3.808435685042368846e+00 3.912745769343636937e+00 4.026170105686965428e+00 4.162764075346029102e+00 4.361574528404753792e+00 4.759638267491670405e+00 4.852602207934004319e+00 4.940101272076077521e+00 5.022601707684580141e+00
2.645152757571749724e+00 2.714993551890314105e+00 2.785127419579445540e+00 2.855714999643035323e+00 2.926329651035188828e+00 2.997152704930315714e+00 3.068190534632200706e+00 3.139717425431711284e+00 3.211303789338471049e+00 3.282994090610636739e+00 3.355141754739138005e+00 3.427592116538132228e+00 3.500481316180974911e+00 3.574620196604110678e+00 3.648969166210545456e+00 3.724741596051773573e+00 3.801558639042007304e+00 3.879728419010669338e+00 3.960003960003960266e+00 4.042445679636180067e+00 4.128393023015791030e+00
2.686908040572311140e+00 2.764340013821700026e+00 2.842120221685377146e+00 2.919921162128622516e+00 2.998275991304999444e+00 3.076686408737788980e+00 3.155818540433924735e+00 3.235460648709859388e+00 3.315924728508663044e+00 3.397316120264990413e+00 3.480076561684356751e+00 3.564427018356798982e+00 3.650301149844862536e+00 3.739016638624041988e+00 3.830683777054204153e+00 3.927344133529700354e+00 4.031039000302327757e+00 4.145936981757876616e+00 4.281738385784628065e+00 4.506534474988733940e+00 4.755677089525621071e+00
2.730748225013653219e+00 2.816901408450704469e+00 2.903178980984177482e+00 2.989760071754241633e+00 3.076923076923077094e+00 3.164807342353034070e+00 3.253090435914117950e+00 3.342525277847413712e+00 3.432887058015791304e+00 3.524850193866760684e+00 3.618272274988692860e+00 3.713330857779427951e+00 3.810975609756097171e+00 3.911597887737141122e+00 4.018485031143258723e+00 4.136504653567735446e+00 4.272591326639607168e+00 4.454342984409799477e+00 4.948045522018801989e+00 5.043500189131257194e+00 5.132152938157556576e+00
2.654632333421820700e+00 2.727768685215493427e+00 2.801316618810841153e+00 2.875215641173087811e+00 2.949200029491999775e+00 3.024117335752627422e+00 3.099093515146819744e+00 3.174603174603174427e+00 3.250975292587776178e+00 3.327787021630615794e+00 3.404834865509022812e+00 3.482803656943839421e+00 3.561570652657821245e+00 3.641660597232337704e+00 3.722661703117729370e+00 3.805899143672692997e+00 3.891429127347017847e+00 3.981287946650741372e+00 4.078719282145406133e+00 4.195510803440318348e+00 4.760204688801617401e+00
2.651640702684785911e+00 2.723867892407218161e+00 2.796616094525623542e+00 2.869234631662004098e+00 2.942258183155571860e+00 3.015681544028950611e+00 3.089757454039857798e+00 3.164056320202499606e+00 3.239128674386590134e+00 3.314825557305046910e+00 3.390692548953123886e+00 3.467406380027739043e+00 3.545784948142894688e+00 3.625158600688779931e+00 3.706105809320856537e+00 3.789314134141719581e+00 3.875968992248061795e+00 3.968647683301914864e+00 4.071246819338422362e+00 4.214075010535187182e+00 4.656577415599533865e+00
2.703798837366499619e+00 2.788428023701638114e+00 2.873563218390804419e+00 2.959236516978619225e+00 3.045298819946707258e+00 3.132341425215348529e+00 3.219834178539804803e+00 3.307698668651285701e+00 3.396739130434782261e+00 3.486446439466573732e+00 3.577817531305903298e+00 3.671071953010278666e+00 3.766123717164107987e+00 3.865481252415925884e+00 3.970617431010521781e+00 4.090816117815503361e+00 4.639832966013223370e+00 4.733167672464797526e+00 4.820438659918051982e+00 4.903763638592620211e+00 4.984423676012461613e+00
2.695054574855140661e+00 2.777006387114690611e+00 2.859185132237312299e+00 2.942041776993232993e+00 3.025260928755105105e+00 3.109211037699183944e+00 3.193867773874161209e+00 3.279494957776502240e+00 3.365586874211190516e+00 3.452740612861458835e+00 3.541703559412076707e+00 3.632401017072284688e+00 3.725782414307003965e+00 3.822629969418959828e+00 3.926958570587080644e+00 4.044489383215369216e+00 4.203446826397645886e+00 4.597701149425287070e+00 4.689331770222742612e+00 4.773839360305525581e+00 4.854958125986162720e+00
2.641658961828027952e+00 2.711496746203904351e+00 2.781254345709915032e+00 2.851643259428245258e+00 2.921840759678597355e+00 2.992444078701279153e+00 3.063490847821091823e+00 3.135041931185829078e+00 3.206926962238434431e+00 3.279494957776502240e+00 3.352891869237216937e+00 3.426711213912447374e+00 3.501707082202573762e+00 3.577497540470440551e+00 3.655304761034451566e+00 3.735176020169950206e+00 3.817886799656390107e+00 3.904724716907457704e+00 3.998400639744102314e+00 4.107619634421852517e+00 4.242231413723617450e+00
2.675406327335963841e+00 2.752735530933865249e+00 2.830455703368242037e+00 2.908244874218409048e+00 2.986411826190831675e+00 3.065134099616858343e+00 3.143665513989311044e+00 3.222947385383933216e+00 3.302237265747544281e+00 3.382663847780126520e+00 3.463503333621958280e+00 3.545156430027475380e+00 3.627459871225174659e+00 3.710919380276463286e+00 3.795786676788764691e+00 3.883495145631068013e+00 3.976933784052495202e+00 4.092490280335583819e+00 4.664723032069971076e+00 4.748901816454944580e+00 4.828002414001207221e+00
2.665067626091011999e+00 2.740852405097985223e+00 2.817298211015635712e+00 2.893937201562725825e+00 2.970885323826500279e+00 3.048548128953585401e+00 3.126465530717523311e+00 3.204871404534892942e+00 3.283533081595797043e+00 3.363040188330250313e+00 3.443229749505035464e+00 3.524539607013833287e+00 3.606853020739404503e+00 3.690377341083125540e+00 3.776435045317220407e+00 3.865107739878248960e+00 3.959220033653370496e+00 4.062976130015235832e+00 4.203005148681307368e+00 4.706436051300151746e+00 4.787552363853979642e+00
2.683663200268366467e+00 2.762430939226519389e+00 2.841716396703608538e+00 2.921413964358749560e+00 3.001200480192076636e+00 3.081901533246012459e+00 3.163055511624228711e+00 3.244909548146345468e+00 3.327510190499957776e+00 3.410350413504987355e+00 3.494365335895867730e+00 3.580059070974670909e+00 3.667033370003667248e+00 3.756221241431120017e+00 3.848744347156740186e+00 3.946329913180742111e+00 4.052684903748733802e+00 4.186289900575615341e+00 4.680004680004679507e+00 4.770992366412213137e+00 4.854958125986162720e+00
2.660458929165280928e+00 2.734668763246051792e+00 2.809186038345389491e+00 2.883714223920409214e+00 2.958798727716547283e+00 3.034210725934915587e+00 3.110178057693802955e+00 3.186489285429777496e+00 3.263441298849636407e+00 3.341687552213867818e+00 3.420557550880793052e+00 3.500175008750437744e+00 3.581020590868397413e+00 3.663674665689686805e+00 3.748828491096532378e+00 3.837298541826553944e+00 3.930817610062892875e+00 4.033884630899556178e+00 4.158436427903107635e+00 4.331348132106118243e+00 4.672897196261682318e+00
2.711680564029557150e+00 2.795834207031523189e+00 2.880391733275725397e+00 2.965379197864927097e+00 3.050640634533251738e+00 3.136762860727729141e+00 3.223466838584897687e+00 3.310710147326601405e+00 3.398759452799727576e+00 3.487966515521450983e+00 3.578457684737878175e+00 3.670735064696705408e+00 3.765060240963855165e+00 3.863241259416650308e+00 3.967073291679063640e+00 4.081632653061224580e+00 4.239533651298357242e+00 4.743270484999406733e+00 4.836759371221281079e+00 4.923682914820284751e+00 5.006884466140943069e+00
2.611818478615736350e+00 2.676659528907922692e+00 2.741603838245373570e+00 2.806820573994807333e+00 2.872531418312387785e+00 2.938367736722250267e+00 3.004356316659155812e+00 3.070310101320232743e+00 3.136762860727729141e+00 3.203074951953875260e+00 3.269576589831616253e+00 3.336113427856547187e+00 3.403386369437590542e+00 3.471017007983338676e+00 3.539509777895760934e+00 3.608805485384337430e+00 3.678499172337685863e+00 3.749882816161994814e+00 3.821899484043569384e+00 3.895218619144999561e+00 3.969829297340214502e+00
2.732053821460282528e+00 2.818886539816772618e+00 2.905709719599011809e+00 2.992891881780770369e+00 3.080714725816389166e+00 3.169069877990809303e+00 3.258390355164548335e+00 3.348401138456386317e+00 3.439972480220158335e+00 3.533256779436445338e+00 3.628776195228159196e+00 3.726823814404173874e+00 3.828483920367534488e+00 3.935458480913025525e+00 4.049402713099818030e+00 4.174493842621582296e+00 4.322455154527770738e+00 4.555808656036446358e+00 4.803650774588686723e+00 4.897759275131627454e+00 4.986287708800797525e+00
2.632964718272775340e+00 2.702702702702702631e+00 2.772771384999306754e+00 2.843130286445376242e+00 2.913965178116121546e+00 2.985074626865671821e+00 3.055767761650114434e+00 3.127198811664451128e+00 3.198720511795281940e+00 3.269843864955448431e+00 3.341966747430862750e+00 3.414425949637217350e+00 3.487662394280233169e+00 3.561253561253561184e+00 3.636363636363636243e+00 3.711952487008165491e+00 3.788596325061564851e+00 3.866976024748645990e+00 3.946329913180742111e+00 4.028197381671701827e+00 4.112687641373637959e+00
2.694146965716979647e+00 2.773732750849455364e+00 2.853677677106370769e+00 2.933841865923426884e+00 3.014090874839876033e+00 3.095256519384043337e+00 3.176872369152568876e+00 3.259186832885195173e+00 3.342245989304812870e+00 3.426417680315230196e+00 3.511852502194907633e+00 3.598740440845704214e+00 3.687315634218288896e+00 3.778575477045153619e+00 3.872966692486444540e+00 3.972194637537239004e+00 4.079135223332653659e+00 4.198152812762384833e+00 4.343576935606471956e+00 4.783544606553455480e+00 4.875670404680642278e+00
2.666133439978670250e+00 2.741791760915758491e+00 2.817893624515674489e+00 2.894356005788711883e+00 2.971326697370375580e+00 3.048548128953585401e+00 3.126465530717523311e+00 3.204614645088927904e+00 3.282994090610636739e+00 3.361909564632711511e+00 3.441452292867590135e+00 3.520816829504444634e+00 3.599064243296742571e+00 3.679175864606328172e+00 3.761165961448048822e+00 3.844305622296972924e+00 3.929659102072894594e+00 4.016870857601927192e+00 4.106354583718304418e+00 4.199916001679965483e+00 4.302000430200042302e+00
2.700148508167949046e+00 2.780867630700778470e+00 2.862049227246708405e+00 2.943340691685062627e+00 3.025032140966497085e+00 3.107520198881292384e+00 3.190301483490189494e+00 3.274126217565686670e+00 3.358522250209907689e+00 3.444119166523161191e+00 3.531073446327683385e+00 3.619254433586680975e+00 3.709198813056379329e+00 3.801558639042007304e+00 3.897116134060794490e+00 3.999200159968006485e+00 4.111419467571178821e+00 4.242231413723617450e+00 4.421355145352049654e+00 4.851425106124924724e+00 4.941321803582458649e+00
2.696326255476912959e+00 2.778163633838032442e+00 2.860616462847743513e+00 2.943340691685062627e+00 3.026634382566585568e+00 3.110661793296523925e+00 3.195143382059269843e+00 3.280839895013123453e+00 3.367003367003366776e+00 3.454231433506044890e+00 3.542330853701735283e+00 3.632071188595296540e+00 3.723354742623103508e+00 3.817886799656390107e+00 3.916960438699568670e+00 4.023335345001005869e+00 4.148086695011925507e+00 4.341219882787062723e+00 4.768717215069146143e+00 4.856726566294317315e+00 4.940711462450592784e+00
2.752167331773771597e+00 2.842928216062544422e+00 2.933626696002933798e+00 3.024803387779793962e+00 3.116478379431242729e+00 3.208985158443641961e+00 3.302509907529722177e+00 3.397604688694470632e+00 3.494365335895867730e+00 3.593567514149671904e+00 3.695491500369548543e+00 3.801558639042007304e+00 3.911980440097799328e+00 4.028197381671701827e+00 4.153255113695358602e+00 4.291845493562231439e+00 4.454839068938634128e+00 4.704222039280253398e+00 4.807114529503665246e+00 4.902561588429954043e+00 4.992511233150273675e+00
2.709292874559739772e+00 2.792321116928446756e+00 2.875422327654373778e+00 2.959017606154755953e+00 3.042750646584511998e+00 3.127443315089914133e+00 3.212593365994698580e+00 3.298697014679201178e+00 3.386386725364036732e+00 3.475540881049612896e+00 3.566015868770616049e+00 3.659317537279297206e+00 3.755515913998685118e+00 3.856165043863877706e+00 3.961965134706814773e+00 4.075810067250865920e+00 4.202563563773901834e+00 4.354926510615134028e+00 4.638218923933209226e+00 4.733167672464797526e+00 4.821600771456123091e+00
