2.228804785459564730e+00 2.238315631385517257e+00 2.245393435030944129e+00 2.255474812689865161e+00 2.265807547971394165e+00 2.276348736626451430e+00 2.287070191613599590e+00 2.297942623245126104e+00 2.306289180708240405e+00 2.317399456464491081e+00 2.328617295275729582e+00 2.339944266782008953e+00 2.351348462716876142e+00 2.365513594745777048e+00 2.377040584472331908e+00 2.385910116258892710e+00 2.400248496314912661e+00 2.411826461992452320e+00 2.426141326198167469e+00 2.904483970014660521e+00 2.921353003776891999e+00
2.237346362868711136e+00 2.249940235962482493e+00 2.260317998488412083e+00 2.270953090625221549e+00 2.281786353491489727e+00 2.292854890946089075e+00 2.301528075155352848e+00 2.312884166555694510e+00 2.324336507578745881e+00 2.341056454931115471e+00 2.352756646537526919e+00 2.359384272201448862e+00 2.373787797334375949e+00 2.385697044542366640e+00 2.397641848722903202e+00 2.409638554216867679e+00 2.421669670011894482e+00 2.431281563244579669e+00 2.445796826218941789e+00 2.455451101445208284e+00 2.921251408460500354e+00
2.243252716438836281e+00 2.253457649080307323e+00 2.263964059570554355e+00 2.274746756708725837e+00 2.285714285714286031e+00 2.296903486986606069e+00 2.305725185506071639e+00 2.317204187819931871e+00 2.331308009500080214e+00 2.345565814444420916e+00 2.357361755020108696e+00 2.366732099848250837e+00 2.378670323289280741e+00 2.393229336640341209e+00 2.402758932609678322e+00 2.414395477979292437e+00 2.424595092619532544e+00 2.436731994291084558e+00 2.451298467217487342e+00 2.461097086764219899e+00 2.921231090245174578e+00
2.242953970378988693e+00 2.253124449920788752e+00 2.263579709837375997e+00 2.274294080438938437e+00 2.285224594729700520e+00 2.296359552496932466e+00 2.305145363863703167e+00 2.316586054151953622e+00 2.330662782228696273e+00 2.344865809724797856e+00 2.356621033913919305e+00 2.365941575160396493e+00 2.377838544762810535e+00 2.389805371439014170e+00 2.401825387294343361e+00 2.413761279009505767e+00 2.423587740800752677e+00 2.435714534256585129e+00 2.450238537928251414e+00 2.459990019469064038e+00 2.921251408460500354e+00
2.225876169482519540e+00 2.237934386561203581e+00 2.247632961537380680e+00 2.257623005178422737e+00 2.267862964380376933e+00 2.278309778932754437e+00 2.288951517145677350e+00 2.297074362561864369e+00 2.307998964897433503e+00 2.319027975910218586e+00 2.335555649921440047e+00 2.341421881651766679e+00 2.352739872524276521e+00 2.366814476551133417e+00 2.378287632904308779e+00 2.387100974371215933e+00 2.401350406463869991e+00 2.412939030708197041e+00 2.422011238132144584e+00 2.436210689232665150e+00 2.921373323688163826e+00
2.232335743295791541e+00 2.244102218856068642e+00 2.253568737367690922e+00 2.263355566086445947e+00 2.273389268181785550e+00 2.283642695554746638e+00 2.294071259588500666e+00 2.302025782688765787e+00 2.312738282126036715e+00 2.326274544013841261e+00 2.339944266782008953e+00 2.351013429273679289e+00 2.356789338742045992e+00 2.370709190681718148e+00 2.382003264745650828e+00 2.393371768068196737e+00 2.404781270997630394e+00 2.416231389688376918e+00 2.425183101324150048e+00 2.439251867103818583e+00 2.453351277845536860e+00
2.228580466132765725e+00 2.240676684358676063e+00 2.250446572991827932e+00 2.260509603633769071e+00 2.270824167246199732e+00 2.281330871397100779e+00 2.292017333381083599e+00 2.300212595406545102e+00 2.311199512547011725e+00 2.322291890978951390e+00 2.338833134886885379e+00 2.344782503659281314e+00 2.356166730925759456e+00 2.370279483836785772e+00 2.381786339754815796e+00 2.393354920456145063e+00 2.404951370468611405e+00 2.416592036618476769e+00 2.425737770816295491e+00 2.439969572144159660e+00 2.921373323688163826e+00
2.248738598192576266e+00 2.259041460470303964e+00 2.269696711776888698e+00 2.280566720830126570e+00 2.291656222920858799e+00 2.300501230419597309e+00 2.311928148075494960e+00 2.323485509899456236e+00 2.340126792324384031e+00 2.351951763607465828e+00 2.363846049153671913e+00 2.373340406818467585e+00 2.385395765220929221e+00 2.397489687268623992e+00 2.409638554216867679e+00 2.421824916304579745e+00 2.431686965463097039e+00 2.446271953492053175e+00 2.456174823506294569e+00 2.468421832133210092e+00 2.485371811623018790e+00
2.233976622515601917e+00 2.246134192479662062e+00 2.255999548800089904e+00 2.266176605975624092e+00 2.276591657714444050e+00 2.287200966342408215e+00 2.297975627096004558e+00 2.306321417339343594e+00 2.317383182820465848e+00 2.331189125002731899e+00 2.345115763441777190e+00 2.356486407357949897e+00 2.365332572716584814e+00 2.376841178074339034e+00 2.391096426397704366e+00 2.400079061427905280e+00 2.411758029735557862e+00 2.421006031763599076e+00 2.432751789810245313e+00 2.446800089236238485e+00 2.456329962312880255e+00
2.246954323631639827e+00 2.256460882135176149e+00 2.266305002160071691e+00 2.276413510514184946e+00 2.286759661559569778e+00 2.297315730151550994e+00 2.305547986837416907e+00 2.316407182266147835e+00 2.329983981360128187e+00 2.343716708569480112e+00 2.354972917811445132e+00 2.363737486095661477e+00 2.375164165758515633e+00 2.386651598003636465e+00 2.398216855232345068e+00 2.409826421620395731e+00 2.421479951570400857e+00 2.430724355858045360e+00 2.444899866968683888e+00 2.459143094023579224e+00 2.466021743265998545e+00
2.258658780183092407e+00 2.268393481204233009e+00 2.278423331054909795e+00 2.288771430410619701e+00 2.299296558958993320e+00 2.307660032726815302e+00 2.318571759795965637e+00 2.329620060146554206e+00 2.345682522532768211e+00 2.357025005892562142e+00 2.365974503145353847e+00 2.377489371223987291e+00 2.389066507395566141e+00 2.400723041292436299e+00 2.412733556156373194e+00 2.424190569898682757e+00 2.438344712275323900e+00 2.445500279485746109e+00 2.462101227533326497e+00 2.474022761009400995e+00 2.485954357877989462e+00
2.248469986438915047e+00 2.258419670835333015e+00 2.268682958646163428e+00 2.279218512952370990e+00 2.289967081723200071e+00 2.300900227213897420e+00 2.309549637820624834e+00 2.320805671205131038e+00 2.337176690557805525e+00 2.348687581848203365e+00 2.360295537610951566e+00 2.369437049632737491e+00 2.381185830543610660e+00 2.395557330042466848e+00 2.404883327792670666e+00 2.416798168919975343e+00 2.431129572260116500e+00 2.438344712275323900e+00 2.452748521136920878e+00 2.467169029274722813e+00 2.474425049665245790e+00
2.262251505811158303e+00 2.272049530679768559e+00 2.282176911501458516e+00 2.292559212505910438e+00 2.303185593574111678e+00 2.311669025036075631e+00 2.322635135135135087e+00 2.338501658210266676e+00 2.349774635250891475e+00 2.361173717989997201e+00 2.370229912301493158e+00 2.381803024889841414e+00 2.393439160888387818e+00 2.405155521600419011e+00 2.416918429003021007e+00 2.428744910350739250e+00 2.442905801552291756e+00 2.454813890038365365e+00 2.466769096316761001e+00 2.478735986289049009e+00 2.488421925762079212e+00
2.237168754690837424e+00 2.249813687304019982e+00 2.260397830018082921e+00 2.273713801442774685e+00 2.282290849440125502e+00 2.293528665524680488e+00 2.302427316555847980e+00 2.313970773847922491e+00 2.325630563014017493e+00 2.342502218278615267e+00 2.349289517897314106e+00 2.361224402180912563e+00 2.375811444423480800e+00 2.387891983003827878e+00 2.400028235626301409e+00 2.412185795063532812e+00 2.421960957989357066e+00 2.438939409776662792e+00 2.448809086522186540e+00 2.904323292672807089e+00 2.921231090245174578e+00
2.258371855040756326e+00 2.268538210690486334e+00 2.278991261492881559e+00 2.289737681926814261e+00 2.300668631821122911e+00 2.309436497494611107e+00 2.320724065908563283e+00 2.334539512081242218e+00 2.348487005038572217e+00 2.360177370905449656e+00 2.369503101261412059e+00 2.381352608281503969e+00 2.393253839764616586e+00 2.405240594801850484e+00 2.417244909566601763e+00 2.429334933836348576e+00 2.443724515444338774e+00 2.453545011726501635e+00 2.468004089835348580e+00 2.480176305104202950e+00 2.490057063807712190e+00
2.266369205708417489e+00 2.275030506090876425e+00 2.288182253716508630e+00 2.299461782226597251e+00 2.308757888256118385e+00 2.320414018113292176e+00 2.332221405552100446e+00 2.348654150000711649e+00 2.360717658168082878e+00 2.370626542650360769e+00 2.382888060329118485e+00 2.395226454571712349e+00 2.407676238359947263e+00 2.420049397478877484e+00 2.434680987228359239e+00 2.447210180394350676e+00 2.457588527398497646e+00 2.472275199547927294e+00 2.484824819850200317e+00 2.495200205160905682e+00 2.509896162010211818e+00
2.233107621380204577e+00 2.245740111725570642e+00 2.256158607950138784e+00 2.266850848298091137e+00 2.277758401013602274e+00 2.288853284504463126e+00 2.300122912818153509e+00 2.308967891352565527e+00 2.320495601606064273e+00 2.337292565284831092e+00 2.343883175180407896e+00 2.355678970925210614e+00 2.370180342839615317e+00 2.382120086877320464e+00 2.396723025971761789e+00 2.406159769008662241e+00 2.418224880689051837e+00 2.427891618918131211e+00 2.442423458758961274e+00 2.456985208949041599e+00 2.921231090245174578e+00
2.229045177712424497e+00 2.238687407022256881e+00 2.245866202520984789e+00 2.256094981598725013e+00 2.266529730495449257e+00 2.277191084796902576e+00 2.288018647351975687e+00 2.296339078820099022e+00 2.307450267454462800e+00 2.318669505280242848e+00 2.329998376061737542e+00 2.341421881651766679e+00 2.352907623420700034e+00 2.367160521332293932e+00 2.378770175819101773e+00 2.390443849177054325e+00 2.402147802741274152e+00 2.413881237043137507e+00 2.428194810600804665e+00 2.904463884374675953e+00 2.921332684148291836e+00
2.255125124208063436e+00 2.265342385263947378e+00 2.273572816336654423e+00 2.286628937289201247e+00 2.297629133937418189e+00 2.306450372876143629e+00 2.317757534467863589e+00 2.329241867063814198e+00 2.345649176179577466e+00 2.357361755020108696e+00 2.366732099848250837e+00 2.378620400167902549e+00 2.390578309017401537e+00 2.401859321686670157e+00 2.414652680619571168e+00 2.426751365047642661e+00 2.441184881393288819e+00 2.453213709960047506e+00 2.465535338165782520e+00 2.477735774257033174e+00 2.487527811942897404e+00
2.216280366615668296e+00 2.226051989085163996e+00 2.236168217557526816e+00 2.243693118873665959e+00 2.254283137962127981e+00 2.265085825517607621e+00 2.276041110992567340e+00 2.287168271258157137e+00 2.298421271888871242e+00 2.312511387366680271e+00 2.323976394033718584e+00 2.330064182677031859e+00 2.341687718202719370e+00 2.356104389283882661e+00 2.367852914548366883e+00 2.377333208463306313e+00 2.391452666821407558e+00 2.870525306131022081e+00 2.887486618964448581e+00 2.904524142128047437e+00 2.921495249092249669e+00
2.256238145936303230e+00 2.266305002160071691e+00 2.276672642932354496e+00 2.287299057203919350e+00 2.298157165223136733e+00 2.306837326026017987e+00 2.318034306907741815e+00 2.329373398555788288e+00 2.345682522532768211e+00 2.357277558717640886e+00 2.366534419155007729e+00 2.378304269056162656e+00 2.390124567668644229e+00 2.402045977985955094e+00 2.413984067705152725e+00 2.425972172672136828e+00 2.440333837668993144e+00 2.450061972155765933e+00 2.464493687375455266e+00 2.476613690720482097e+00 2.488729610193836095e+00
2.237281774813980384e+00 2.244653166013145018e+00 2.254966210740685373e+00 2.265518803806071624e+00 2.276300158629666726e+00 2.287282708142726051e+00 2.298437780571017885e+00 2.307159886180112363e+00 2.318571759795965637e+00 2.335307729868585813e+00 2.341720952016008717e+00 2.353444587077449857e+00 2.367836424288430219e+00 2.379669225977589342e+00 2.394201678843237424e+00 2.403523282364501412e+00 2.415493257932053606e+00 2.425015069736504714e+00 2.439514393134919246e+00 2.904363460341608416e+00 2.921271726958468928e+00
2.223449502592828697e+00 2.232946769430238732e+00 2.239970880378554963e+00 2.250066798858091133e+00 2.260381863261024193e+00 2.270920858408084442e+00 2.281639928698752318e+00 2.292509940179818795e+00 2.300822020958396941e+00 2.311928148075494960e+00 2.328584432354622535e+00 2.334465195246179459e+00 2.345865944424303073e+00 2.357328075777382459e+00 2.371569071949220397e+00 2.380419963788762860e+00 2.394754079886178832e+00 2.406398188123716864e+00 2.418931247062725998e+00 2.904463884374675953e+00 2.921353003776891999e+00
2.228804785459564730e+00 2.238493421717718590e+00 2.245740111725570642e+00 2.255999548800089904e+00 2.266481570671728285e+00 2.277158675262940690e+00 2.288035006935606130e+00 2.296402997849731786e+00 2.307530941892174781e+00 2.318799845413343164e+00 2.330162899569978574e+00 2.341604637796336874e+00 2.353125735351792258e+00 2.367407758134481899e+00 2.379069783714567343e+00 2.390763215998424673e+00 2.402504257378867969e+00 2.414275468830993532e+00 2.428599183990673982e+00 2.904423713928094397e+00 2.921312364802358896e+00
2.255474812689865161e+00 2.265967993202095965e+00 2.274497370543191010e+00 2.287822350594476362e+00 2.299065286269550867e+00 2.308160396164256944e+00 2.319745249794385789e+00 2.331446980776159972e+00 2.348052539454397625e+00 2.360025459668595449e+00 2.369668246445497672e+00 2.381786339754815796e+00 2.393894161714591462e+00 2.406210854841791758e+00 2.418500103141916213e+00 2.433090024330900381e+00 2.445449019374943411e+00 2.455529636076063671e+00 2.470163948310054813e+00 2.482533602865553135e+00 2.492643240436212437e+00
2.250272493934812434e+00 2.260270102277222470e+00 2.270566364397518910e+00 2.281119459374687963e+00 2.291918837424169464e+00 2.300453119553851344e+00 2.311588060997905369e+00 2.322864020948010477e+00 2.339214449256767470e+00 2.350762216840005525e+00 2.362373827761471645e+00 2.371585614240673934e+00 2.383372472047947888e+00 2.397680788764322113e+00 2.407113729043950823e+00 2.419050736031760351e+00 2.433394515824016668e+00 2.440674183943152720e+00 2.455068633609889694e+00 2.469501654566108151e+00 2.480316913635364440e+00
2.256142701025839692e+00 2.266722390258760100e+00 2.277531440609808833e+00 2.288705951350693990e+00 2.300023718994601563e+00 2.309210250094468009e+00 2.320854637137893306e+00 2.332650031808863655e+00 2.349272793285350769e+00 2.361308880668035570e+00 2.371056375352171397e+00 2.383238821558498088e+00 2.397785318287835477e+00 2.407795592317715450e+00 2.420152754347377755e+00 2.434782608695651884e+00 2.447193069549226774e+00 2.457357617808614947e+00 2.472030737936490308e+00 2.484419142804411784e+00 2.494629616797172655e+00
2.228372210042051105e+00 2.238218666743680529e+00 2.245629793893290316e+00 2.256047264190184531e+00 2.266690278023729466e+00 2.277531440609808833e+00 2.288558637163331522e+00 2.297058373125809183e+00 2.308337996642417345e+00 2.325073451184025863e+00 2.331249337713256153e+00 2.342834830144475244e+00 2.354502450823005244e+00 2.368875759433699546e+00 2.380668967980002382e+00 2.392479171357802414e+00 2.404339124961989871e+00 2.416231389688376918e+00 2.428137832529905005e+00 2.904403629121486308e+00 2.921312364802358896e+00
2.230938073477024997e+00 2.242655303879793394e+00 2.252077893744149684e+00 2.261803788521345560e+00 2.271775321420711258e+00 2.281981615785607431e+00 2.292378557664066285e+00 2.300276730261185509e+00 2.310972919599151076e+00 2.321785382602087999e+00 2.338070878972948741e+00 2.349105560261675940e+00 2.360228012330403136e+00 2.368727227126106616e+00 2.379985720085679102e+00 2.394010620701662706e+00 2.402674034867039676e+00 2.414104047884463533e+00 2.423034054012890515e+00 2.437066345547336699e+00 2.448579823702252245e+00
2.274622791720372739e+00 2.286628937289201247e+00 2.297018900158637855e+00 2.309759784982361897e+00 2.320658785803193958e+00 2.327500476079642944e+00 2.342967901339751524e+00 2.354351269209365771e+00 2.365845789869878146e+00 2.375213943903035307e+00 2.386886166590613811e+00 2.396409742494880035e+00 2.410492733073377636e+00 2.422394323047656783e+00 2.432227712107629891e+00 2.444219421069171450e+00 2.458423716558206795e+00 2.468387014873794971e+00 2.480598178532194886e+00 2.494802494802494497e+00 2.506981246387509188e+00
2.222779908937726034e+00 2.237378658294539857e+00 2.244133694264835555e+00 2.253933818868243399e+00 2.263980076975322664e+00 2.274245590095660408e+00 2.284686176934664914e+00 2.295321847160256556e+00 2.303375492084764442e+00 2.314246642589151026e+00 2.327949949076094871e+00 2.341671101649814180e+00 2.347484634646027413e+00 2.358726573556530592e+00 2.372744148394210217e+00 2.381381923146310253e+00 2.395513344418453983e+00 2.406977402729795656e+00 2.418465696909342988e+00 2.432548894232773318e+00 2.444031674650503305e+00
2.216581459368631712e+00 2.226131916268715649e+00 2.235974668570851254e+00 2.243268442120168515e+00 2.253632221306684169e+00 2.264204344442086292e+00 2.274956989094424564e+00 2.285861233936467229e+00 2.296903486986606069e+00 2.310794913450226584e+00 2.322046778687831825e+00 2.327927368666097063e+00 2.339347109488533416e+00 2.350845948352626724e+00 2.365118673307548658e+00 2.373981166416079702e+00 2.388361654151183178e+00 2.400028235626301409e+00 2.887527290654271273e+00 2.904423713928094397e+00 2.921393643882114866e+00
2.249228584883777859e+00 2.259200948864398484e+00 2.268361321604015046e+00 2.280046740958189488e+00 2.290835940352359046e+00 2.301810517835434666e+00 2.310503689804377370e+00 2.321769047300767497e+00 2.338137142371295774e+00 2.349674249706290574e+00 2.361308880668035570e+00 2.370494317785678984e+00 2.382286995515694894e+00 2.396635994567624550e+00 2.406023550724637694e+00 2.417932525459407067e+00 2.432295322348624556e+00 2.439551401348026172e+00 2.453970018260424268e+00 2.468387014873794971e+00 2.475685234305923466e+00
2.231660787560290959e+00 2.238967835827683217e+00 2.249260204260942420e+00 2.259791251783116461e+00 2.273149965902750314e+00 2.281542322610084383e+00 2.292674189503851157e+00 2.301335471948115607e+00 2.312754490598302404e+00 2.324254653791704150e+00 2.335886291886688060e+00 2.347584833179198860e+00 2.359350535143598826e+00 2.373820944082552842e+00 2.388362162553375967e+00 2.397641848722903202e+00 2.409621476814479912e+00 2.424091312056737557e+00 2.433612483000501037e+00 2.904363460341608416e+00 2.921271726958468928e+00
2.248659588073671500e+00 2.258961724717276631e+00 2.269567931005134653e+00 2.280404201644741669e+00 2.291475710357470330e+00 2.300308799029687989e+00 2.311701412239408171e+00 2.323256501598118806e+00 2.339861310038713782e+00 2.351650074468919271e+00 2.363524372949821650e+00 2.372992552991016968e+00 2.385027638261455252e+00 2.397117818340771311e+00 2.409245835193412510e+00 2.421410970416055353e+00 2.431264674418927463e+00 2.445832014502344887e+00 2.460422349070663373e+00 2.467969284359420978e+00 2.480211455742398208e+00
2.265165994195512233e+00 2.273212600486329560e+00 2.285828577143143026e+00 2.296557317046914015e+00 2.305274187914774231e+00 2.316390922555330079e+00 2.327664647006129517e+00 2.343733354166518179e+00 2.355309080787101106e+00 2.366982742544004203e+00 2.376425855513307983e+00 2.388260994780946778e+00 2.400180719489467762e+00 2.412168681536976500e+00 2.424207854433448439e+00 2.438497606788777805e+00 2.450620006861736311e+00 2.460523078259107432e+00 2.474932469699755000e+00 2.487120270030200864e+00 2.497086732145829657e+00
2.264636985768171851e+00 2.272398620034292271e+00 2.284784052207315508e+00 2.295272456013254914e+00 2.303729248984264455e+00 2.314603746852489596e+00 2.325646952697750347e+00 2.341538177715651869e+00 2.352907623420700034e+00 2.364371077293439871e+00 2.373572366032782988e+00 2.385211687537268865e+00 2.394549135422637587e+00 2.408733785325143817e+00 2.420566270120956709e+00 2.430201151221002220e+00 2.446679855436173057e+00 2.456381172560777593e+00 2.470652181585876406e+00 2.482692089433662375e+00 2.492470661543254362e+00
2.237653207062322291e+00 2.250114263614948928e+00 2.260349930423603659e+00 2.270840281868049981e+00 2.281558589711596863e+00 2.292477093139045685e+00 2.301030582788290868e+00 2.312235932146385231e+00 2.323616392057456626e+00 2.340209767893739912e+00 2.351800909363017666e+00 2.358288311465569276e+00 2.372578574219840419e+00 2.384375328728216115e+00 2.396222425822820412e+00 2.408102556838302544e+00 2.420032172192406517e+00 2.429543245869776324e+00 2.443968429678402554e+00 2.453523259400498979e+00 2.465535338165782520e+00
2.234636871508379752e+00 2.247048992690068303e+00 2.257177117866967286e+00 2.267605833416006078e+00 2.278261117202295516e+00 2.289098881918264716e+00 2.300122912818153509e+00 2.308709431427831582e+00 2.319989876407812179e+00 2.336597489219788493e+00 2.348102661894563070e+00 2.354468853230973657e+00 2.368743729796008779e+00 2.380485619066289527e+00 2.394879312597065102e+00 2.404084114660670402e+00 2.415956683317818321e+00 2.425384769969578524e+00 2.439776975681164028e+00 2.449248080839182329e+00 2.466143374529671028e+00
2.249971875351558293e+00 2.260094500201289325e+00 2.270534143157177720e+00 2.281233291748351100e+00 2.292148674493398985e+00 2.300822020958396941e+00 2.312090129477047284e+00 2.323485509899456236e+00 2.339944266782008953e+00 2.351599800470320023e+00 2.363338179370205960e+00 2.372677915951373784e+00 2.384609450066979441e+00 2.399005503173230025e+00 2.408529026316721833e+00 2.420566270120956709e+00 2.435002817646117812e+00 2.444741648331104411e+00 2.459229488269475183e+00 2.471367442911411860e+00 2.478806206930741940e+00
2.241649854292759425e+00 2.251349050563892451e+00 2.261388209687221540e+00 2.274183878103744227e+00 2.282225740653572199e+00 2.292953467375571375e+00 2.301319423135931075e+00 2.312365549957606792e+00 2.323550949135357424e+00 2.340027229407760867e+00 2.351432235998289766e+00 2.362813609806392545e+00 2.371916508538899127e+00 2.383556265948795883e+00 2.395243328542846495e+00 2.406994442674595280e+00 2.418775388249019276e+00 2.428127428127428544e+00 2.442458550041665344e+00 2.451856055033660553e+00 2.468682992890192995e+00
2.243409983174425193e+00 2.252981680442710744e+00 2.262875407494360225e+00 2.275501127407376423e+00 2.283430854859426429e+00 2.294054813572201645e+00 2.302298810478948354e+00 2.313224635141386987e+00 2.324287394614696467e+00 2.340624734019916442e+00 2.351918238769590275e+00 2.363304329143839588e+00 2.372181290466621739e+00 2.383706663862305675e+00 2.395310826804936788e+00 2.406943323563975223e+00 2.418637737862351145e+00 2.427925303143815938e+00 2.442125223562198411e+00 2.453934595425577569e+00 2.463296876539560198e+00
2.258897940167440499e+00 2.268892071640266739e+00 2.279153579339472380e+00 2.289704914279172332e+00 2.300470158588661551e+00 2.309097143017079912e+00 2.320185614849187949e+00 2.331446980776159972e+00 2.347634935653460264e+00 2.359148133055954499e+00 2.368347729172471272e+00 2.380035700535508170e+00 2.391805954189881067e+00 2.403625232409351220e+00 2.415510418664791104e+00 2.427444400813907777e+00 2.441729860960925258e+00 2.453729669097027166e+00 2.465761145240376706e+00 2.477823479855294941e+00 2.489915840844579176e+00
2.230617017449181283e+00 2.242781048500140262e+00 2.252648622012600743e+00 2.262795400868347517e+00 2.273179325434035114e+00 2.283773078597477912e+00 2.294548296656413022e+00 2.302845060397345378e+00 2.313905873113816014e+00 2.327695944717221188e+00 2.341654485332727909e+00 2.347701742279262760e+00 2.359148133055954499e+00 2.373323840037973032e+00 2.384893802081871961e+00 2.396526446374196428e+00 2.408187838651414836e+00 2.419894378727704520e+00 2.429121698997119605e+00 2.443388836587592206e+00 2.452680780092641122e+00
2.227091490355256997e+00 2.239108834683795735e+00 2.249023080599364732e+00 2.259232849245627950e+00 2.272273444009116350e+00 2.280290451996322521e+00 2.291114770530536582e+00 2.299443256011650227e+00 2.310536044362291985e+00 2.321736377387694450e+00 2.338153708807753528e+00 2.344465994586415025e+00 2.355948054915006917e+00 2.370180342839615317e+00 2.381786339754815796e+00 2.393439160888387818e+00 2.405138507682295312e+00 2.416884067758056087e+00 2.431163346392153368e+00 2.440424921045075912e+00 2.921332684148291836e+00
2.215995196294283875e+00 2.225348877275598269e+00 2.235055768246346553e+00 2.242152466367712815e+00 2.252347368272872075e+00 2.262763399802008024e+00 2.273373117362887275e+00 2.284131708744655320e+00 2.295025532159045145e+00 2.308806347118539826e+00 2.319924637599651618e+00 2.328390354642955629e+00 2.336911877177576979e+00 2.348286462484344916e+00 2.362439983601887672e+00 2.373920389881513326e+00 2.382688683672805841e+00 2.396999520600095579e+00 2.887527290654271273e+00 2.904463884374675953e+00 2.921413964358749560e+00
2.226787535736348023e+00 2.238920840155044889e+00 2.248722795724615420e+00 2.258802270096281095e+00 2.269133403771015800e+00 2.279689392320296104e+00 2.290409625446450992e+00 2.298626396589674492e+00 2.309646624066517440e+00 2.320773028397822735e+00 2.337342229399515414e+00 2.343317285160410712e+00 2.354704056512897381e+00 2.368859254924092106e+00 2.380368957188363499e+00 2.389278655053324485e+00 2.403574256305847978e+00 2.415235876197850295e+00 2.424410348768746282e+00 2.438657017235566826e+00 2.921353003776891999e+00
2.221139516221483312e+00 2.230905963715394069e+00 2.238184832101165700e+00 2.248501584490960159e+00 2.259089304624073424e+00 2.269841607615318058e+00 2.280794286610312138e+00 2.291869592620179752e+00 2.300405010700368624e+00 2.317155375800471262e+00 2.328584432354622535e+00 2.334696418717190358e+00 2.346282919060349137e+00 2.357951297587744577e+00 2.372363362336638470e+00 2.381433478624830347e+00 2.395918482397045857e+00 2.407744439172585516e+00 2.887486618964448581e+00 2.904403629121486308e+00 2.921373323688163826e+00
2.264236386278727586e+00 2.272398620034292271e+00 2.285159318451233101e+00 2.296293638549029570e+00 2.304839464439120356e+00 2.316065776268045884e+00 2.327467644673272495e+00 2.343633484130760003e+00 2.355325891455162690e+00 2.367118571121153092e+00 2.376658418263920769e+00 2.388596559015898180e+00 2.400621337287297319e+00 2.412699313799930412e+00 2.424812968470298813e+00 2.439228367528991637e+00 2.451426730357067374e+00 2.459402294973684011e+00 2.475912904458057895e+00 2.488181139586961521e+00 2.498213083697077508e+00
2.257224883082804556e+00 2.267573696145124718e+00 2.278244897087406073e+00 2.289131632222389356e+00 2.300255184559536925e+00 2.309226409152933979e+00 2.320675105485232148e+00 2.332270854388556192e+00 2.348737731404046958e+00 2.360565677375050964e+00 2.370097731677053510e+00 2.382103397299816017e+00 2.394163873475480653e+00 2.406244913269025343e+00 2.418448494160158280e+00 2.430654847011724407e+00 2.445158585999720469e+00 2.455157274486583052e+00 2.469710761588235659e+00 2.482005460412012532e+00 2.492056569684131695e+00
