1.983508543254653977e+00 1.979106292144361623e+00 1.975155367132003681e+00 1.971594949900363769e+00 1.968351716332398471e+00 1.965422600956037602e+00 1.962736054059358581e+00 1.960290122938194823e+00 1.958041958041958130e+00 1.955976556223847362e+00 1.954092777533515957e+00 1.952348745267297181e+00 2.293817120216870009e+00 2.293817120216870009e+00 2.293817120216870009e+00 2.293817120216870009e+00 2.293817120216870009e+00 1.939989653388515256e+00 1.947489901904212228e+00 1.942165097905929727e+00 1.941357147314340059e+00
1.994430368526411312e+00 1.990417561169796734e+00 1.986801958419073477e+00 1.983564749220742440e+00 1.980632246107704164e+00 1.977959875671093437e+00 1.975545568075183667e+00 1.973331829842415397e+00 1.971317332807648315e+00 1.969473165928114389e+00 1.967772263156744250e+00 1.966253267985755393e+00 1.964822401886229253e+00 2.293817120216870009e+00 2.293817120216870009e+00 2.293817120216870009e+00 2.293817120216870009e+00 2.293817120216870009e+00 2.293817120216870009e+00 1.961738827170809385e+00 1.960912477939734666e+00
1.997089954637528031e+00 1.993164185054221438e+00 1.989639138412562236e+00 1.986477240120954280e+00 1.983620958372297016e+00 1.981024614230831649e+00 1.978658752031658530e+00 1.976507793087869835e+00 1.974556430001974228e+00 1.972775695403432339e+00 1.971148230346921881e+00 1.969638388981696853e+00 2.293817120216870009e+00 2.293817120216870009e+00 2.293817120216870009e+00 2.293817120216870009e+00 2.293817120216870009e+00 2.293817120216870009e+00 1.966110087601127043e+00 1.965380191879340099e+00 1.964522184548669115e+00
1.996938028356519901e+00 1.992972925093743353e+00 1.989419236947199465e+00 1.986214202167180698e+00 1.983311847454985788e+00 1.980688289180490225e+00 1.978309252128448437e+00 1.976131158648043895e+00 1.974138781956371380e+00 1.972331013496379182e+00 1.970673459407775718e+00 1.969164344997593297e+00 2.293817120216870009e+00 2.293817120216870009e+00 2.293817120216870009e+00 2.293817120216870009e+00 2.293817120216870009e+00 2.293817120216870009e+00 2.293817120216870009e+00 1.964636542239685424e+00 1.963950595731680959e+00
1.985857855131669236e+00 1.981347032932817998e+00 1.977289418676910548e+00 1.973623925960908077e+00 1.970304693547251684e+00 1.967273008311728244e+00 1.964512485178455004e+00 1.961979637454191350e+00 1.959659019330636465e+00 1.957521777429773957e+00 1.955566730222585203e+00 1.953751901419261028e+00 1.952076521399638942e+00 2.293817120216870009e+00 2.293817120216870009e+00 2.293817120216870009e+00 2.293817120216870009e+00 2.293817120216870009e+00 2.293817120216870009e+00 1.938944783161342000e+00 1.946521134172980450e+00
1.991855524079320094e+00 1.987126260583221837e+00 1.982820278586249207e+00 1.978938440879214111e+00 1.975406192898414570e+00 1.972178200387391778e+00 1.969223844487580033e+00 1.966499280120798998e+00 1.964016413565741859e+00 1.961704721402898643e+00 1.959576731426011964e+00 1.957617579405862784e+00 1.955785282715747364e+00 1.954100353909286270e+00 2.293833064560974133e+00 2.293833064560974133e+00 2.293833064560974133e+00 2.293817120216870009e+00 2.293817120216870009e+00 2.293817120216870009e+00 1.949303665412855047e+00
1.988057454860445494e+00 1.983606905785755936e+00 1.979582025395209444e+00 1.975935923220775603e+00 1.972636710769187340e+00 1.969639415298470642e+00 1.966913701661339609e+00 1.964402225387092304e+00 1.962103374817804502e+00 1.959988240070559495e+00 1.958041958041958130e+00 1.956249869001124742e+00 1.954609621022912247e+00 2.293833064560974133e+00 2.293817120216870009e+00 2.293817120216870009e+00 2.293817120216870009e+00 2.293817120216870009e+00 2.293817120216870009e+00 1.950134342588044856e+00 1.949120729981808076e+00
2.001658517056990050e+00 1.997788163105133519e+00 1.994297785590828820e+00 1.991179810911665626e+00 1.988364386184549915e+00 1.985805170448276868e+00 1.983485645440921319e+00 1.981375074301565009e+00 1.979443116669843405e+00 1.977659769273026891e+00 1.976053163148804082e+00 1.974593562824985105e+00 2.293833064560974133e+00 2.293817120216870009e+00 2.293817120216870009e+00 2.293817120216870009e+00 2.293817120216870009e+00 2.293817120216870009e+00 2.293817120216870009e+00 1.961995422010681889e+00 1.969738973109415037e+00
1.992528019925280169e+00 1.988113918927554291e+00 1.984141044083362448e+00 1.980548187444739039e+00 1.977289418676910548e+00 1.974319741082068091e+00 1.971608832807570932e+00 1.969140751367849385e+00 1.966858435364114754e+00 1.964774401796365089e+00 1.962846126883981857e+00 1.961072706770603302e+00 1.959439600274321513e+00 1.957897942756865239e+00 2.293817120216870009e+00 2.293817120216870009e+00 2.293817120216870009e+00 2.293833064560974133e+00 2.293817120216870009e+00 2.293817120216870009e+00 1.945581368536346112e+00
2.001744377243026118e+00 1.997203914519672052e+00 1.993090619186818957e+00 1.989375262487013796e+00 1.985995057078969062e+00 1.982917532663057925e+00 1.980110886209627497e+00 1.977526820207498925e+00 1.975141434234843896e+00 1.972956404709728551e+00 1.970932397018782423e+00 1.969049459605314745e+00 1.967327785954736674e+00 1.965737916172198840e+00 2.293817120216870009e+00 2.293817120216870009e+00 2.293817120216870009e+00 2.293817120216870009e+00 2.293817120216870009e+00 2.293817120216870009e+00 2.293817120216870009e+00
2.011624314790467771e+00 2.007168458781361853e+00 2.003133473075739968e+00 1.999500124968758064e+00 1.996178743548065126e+00 1.993152098860344168e+00 1.990387167163034876e+00 1.987837380177580160e+00 1.985498507199270568e+00 1.983354513600669833e+00 1.981360534233506998e+00 1.979501165706242016e+00 1.977819124778410709e+00 1.976226724440800941e+00 1.974737981525229058e+00 2.293817120216870009e+00 2.293817120216870009e+00 2.293817120216870009e+00 2.293817120216870009e+00 2.293817120216870009e+00 2.293817120216870009e+00
2.002216739962101144e+00 1.998030512780259338e+00 1.994268325110053919e+00 1.990856805780858219e+00 1.987793475620081018e+00 1.985002205558006327e+00 1.982437075978736418e+00 1.980096364689748256e+00 1.977945903179547660e+00 1.976005645730416482e+00 1.974189302818703640e+00 1.972516273259254271e+00 1.970989947951265364e+00 1.969580916949337901e+00 2.293817120216870009e+00 2.293817120216870009e+00 2.293817120216870009e+00 2.293817120216870009e+00 2.293817120216870009e+00 2.293817120216870009e+00 2.293817120216870009e+00
2.014634883403005894e+00 2.010223421974613789e+00 2.006219279767278429e+00 2.002617707431857408e+00 1.999328796761087101e+00 1.996306832360133621e+00 1.993549443586110304e+00 1.991047659781574497e+00 1.988730527013589544e+00 1.986579551474483729e+00 1.984608260380603895e+00 1.982786475927503345e+00 1.981069777679947075e+00 1.979515678497327569e+00 1.978050960453632712e+00 1.976660761087602580e+00 2.293817120216870009e+00 2.293817120216870009e+00 2.293817120216870009e+00 2.293817120216870009e+00 2.293817120216870009e+00
1.993635135234916644e+00 1.989800430386463370e+00 1.986379114642451205e+00 1.983297799247763171e+00 1.980520169475940229e+00 1.978001794330198848e+00 1.975726785210273562e+00 1.973665661037020236e+00 1.971775442945269186e+00 1.970055161544522981e+00 1.968489585231953498e+00 1.967041133015692722e+00 2.293817120216870009e+00 2.293817120216870009e+00 2.293817120216870009e+00 2.293817120216870009e+00 2.293817120216870009e+00 1.960468551983924224e+00 1.964050599762859006e+00 1.963193752681213544e+00 1.954043785055183502e+00
2.010483234005887354e+00 2.006391790991300716e+00 2.002717974393820377e+00 1.999400179946016154e+00 1.996392234034209512e+00 1.993648804522734741e+00 1.991165126586479150e+00 1.988877021104195286e+00 1.986784205801409797e+00 1.984870873122642987e+00 1.983106867425633579e+00 1.981462319191563681e+00 1.979980200197998030e+00 1.978587288675885292e+00 2.293817120216870009e+00 2.293817120216870009e+00 2.293817120216870009e+00 2.293817120216870009e+00 2.293817120216870009e+00 2.293817120216870009e+00 2.293817120216870009e+00
2.016158066792436365e+00 2.012520754120276756e+00 2.009242515571629362e+00 2.006305531670965259e+00 2.003649504454541930e+00 2.001243629970052673e+00 1.999071859493806169e+00 1.997089954637528031e+00 1.995282581895660767e+00 1.993648804522734741e+00 1.992145255848369212e+00 1.990771352800233096e+00 1.989512427347269297e+00 2.293817120216870009e+00 2.293817120216870009e+00 2.293817120216870009e+00 2.293817120216870009e+00 2.293817120216870009e+00 2.293817120216870009e+00 2.293817120216870009e+00 1.982371057382562363e+00
1.990573213993729773e+00 1.986646894799951379e+00 1.983115190662360527e+00 1.979945975759804355e+00 1.977066034005535711e+00 1.974486809722936886e+00 1.972122637854894167e+00 1.969985858315802529e+00 1.968033512799246765e+00 1.966250711010302021e+00 1.964636542239685424e+00 1.963136656123895651e+00 2.293817120216870009e+00 2.293817120216870009e+00 2.293817120216870009e+00 2.293817120216870009e+00 2.293817120216870009e+00 2.293817120216870009e+00 1.959830728694099466e+00 1.958977558823742582e+00 1.949697796841489694e+00
1.983466390870387341e+00 1.979190228455100842e+00 1.975336512684481960e+00 1.971844872146987004e+00 1.968711548602566364e+00 1.965850370703212890e+00 1.963245244388974964e+00 1.960866703082762008e+00 1.958699423582740851e+00 1.956701002110441845e+00 1.954870420017873034e+00 1.953179497195792091e+00 2.293817120216870009e+00 2.293817120216870009e+00 2.293817120216870009e+00 2.293817120216870009e+00 2.293817120216870009e+00 1.949697796841489694e+00 1.948684637869437797e+00 1.943405262463821392e+00 1.942650191142902383e+00
2.007528230865746277e+00 2.003506135737540550e+00 1.999900004999749958e+00 1.996648482903697230e+00 1.993679298224886542e+00 1.991018295245890357e+00 1.988584054501933096e+00 1.986345712435995559e+00 1.984301966663726935e+00 1.982451631851389395e+00 1.980720982437607081e+00 1.979138415076636681e+00 1.977688741091244484e+00 1.976342448907887794e+00 2.293833064560974133e+00 2.293817120216870009e+00 2.293817120216870009e+00 2.293817120216870009e+00 2.293817120216870009e+00 2.293817120216870009e+00 2.293817120216870009e+00
1.971900419028838947e+00 1.967853704133195158e+00 1.964236858904656824e+00 1.960976566330032034e+00 1.958041958041958130e+00 1.955388180764773942e+00 1.952969598773245385e+00 1.950782480528300500e+00 1.948811225152656812e+00 1.946956258382728011e+00 2.293817120216870009e+00 2.293817120216870009e+00 2.293817120216870009e+00 2.293817120216870009e+00 2.293817120216870009e+00 1.943103063625829963e+00 1.933515704444221495e+00 1.941133334291917478e+00 1.940380027021588294e+00 1.939529771781997036e+00 1.938722023164137775e+00
2.008810067008164335e+00 2.004639308113061347e+00 2.000914703864624222e+00 1.997545872214137264e+00 1.994486668993567857e+00 1.991693898777689986e+00 1.989155419343431319e+00 1.986828065786084840e+00 1.984710379300206107e+00 1.982757354561076157e+00 1.980953498950828173e+00 1.979283499373226896e+00 1.977761174350634921e+00 1.976342448907887794e+00 2.293817120216870009e+00 2.293817120216870009e+00 2.293817120216870009e+00 2.293817120216870009e+00 2.293817120216870009e+00 2.293817120216870009e+00 2.293817120216870009e+00
1.990021463802931212e+00 1.985984622804777500e+00 1.982357022499752208e+00 1.979106292144361623e+00 1.976159052572888708e+00 1.973484821787272470e+00 1.971053668975615292e+00 1.968836136580975449e+00 1.966816987679296025e+00 1.964967437682461293e+00 1.963279403744773832e+00 1.961724573869828570e+00 2.293833064560974133e+00 2.293817120216870009e+00 2.293817120216870009e+00 2.293817120216870009e+00 2.293817120216870009e+00 2.293817120216870009e+00 1.957954734987200851e+00 1.957074825494161452e+00 1.947841142733470310e+00
1.978784602228959244e+00 1.974445039911996380e+00 1.970526552845299317e+00 1.966996606930853098e+00 1.963796017702218455e+00 1.960894167740489857e+00 1.958261064175012667e+00 1.955839928472139944e+00 1.953633758791351482e+00 1.951600312256049907e+00 1.949738526136941319e+00 1.948015806756831836e+00 2.293817120216870009e+00 2.293817120216870009e+00 2.293817120216870009e+00 2.293817120216870009e+00 2.293817120216870009e+00 1.935816914738019312e+00 1.943410757858217597e+00 1.938212552695153912e+00 1.941621901495048874e+00
1.983199467369285873e+00 1.978952427397182801e+00 1.975141434234843896e+00 1.971692134356735071e+00 1.968573136007311764e+00 1.965753761259205534e+00 1.963176419446664545e+00 1.960825507538673573e+00 1.958672020370188838e+00 1.956701002110441845e+00 1.954897716958737375e+00 1.953220372088481094e+00 2.293833064560974133e+00 2.293817120216870009e+00 2.293817120216870009e+00 2.293817120216870009e+00 2.293817120216870009e+00 2.293817120216870009e+00 1.948923760989764276e+00 1.948066003362217247e+00 1.942811942742556530e+00
2.007168458781361853e+00 2.003391455535441956e+00 2.000000000000000000e+00 1.996961765314200221e+00 1.994209406759630987e+00 1.991723283245181220e+00 1.989463213351508220e+00 1.987398421858438402e+00 1.985527709142251851e+00 1.983820838935790531e+00 1.982262422177845540e+00 1.980808169733251134e+00 1.979515678497327569e+00 1.978295274700429207e+00 2.293817120216870009e+00 2.293817120216870009e+00 2.293817120216870009e+00 2.293817120216870009e+00 2.293817120216870009e+00 2.293817120216870009e+00 2.293817120216870009e+00
2.003721196507800340e+00 1.999571520388487844e+00 1.995816177938100067e+00 1.992428770671448079e+00 1.989345947260228620e+00 1.986564934921604131e+00 1.984039504431021284e+00 1.981695009798380758e+00 1.979573731789754820e+00 1.977616313137231963e+00 1.975807336831243877e+00 1.974145999064108370e+00 1.972617151540833058e+00 1.971205793884881263e+00 2.293833064560974133e+00 2.293817120216870009e+00 2.293817120216870009e+00 2.293817120216870009e+00 2.293817120216870009e+00 2.293817120216870009e+00 2.293817120216870009e+00
2.007585806368348713e+00 2.003864596006584176e+00 2.000528711159377693e+00 1.997531621638974464e+00 1.994841908778729245e+00 1.992399365383906051e+00 1.990181769934987521e+00 1.988159406203057422e+00 1.986345712435995559e+00 1.984666612762141291e+00 1.983106867425633579e+00 1.981709554775920035e+00 1.980473993442430247e+00 2.293833064560974133e+00 2.293817120216870009e+00 2.293817120216870009e+00 2.293817120216870009e+00 2.293817120216870009e+00 2.293817120216870009e+00 2.293817120216870009e+00 1.973345737220824292e+00
1.982469307126977220e+00 1.978365163815701155e+00 1.974681758877252058e+00 1.971386729751042122e+00 1.968379391067775597e+00 1.965670960721682015e+00 1.963203948844514324e+00 1.960962832750880569e+00 1.958918676890356370e+00 1.957042908165761430e+00 1.955334571711895286e+00 1.953760989905568346e+00 2.293817120216870009e+00 2.293817120216870009e+00 2.293817120216870009e+00 2.293817120216870009e+00 2.293817120216870009e+00 1.942278364457744599e+00 1.949979416883932837e+00 1.944728050618492965e+00 1.944052933784168324e+00
1.990743044841486897e+00 1.985956450812114360e+00 1.981641506896820282e+00 1.977722370158994547e+00 1.974152700711400144e+00 1.970901053728170593e+00 1.967922857423989091e+00 1.965188096574957743e+00 1.962667264812880452e+00 1.960358745650453871e+00 1.958206283044730878e+00 1.956222534286293335e+00 1.954379205405254449e+00 1.952675514146436697e+00 2.293833064560974133e+00 2.293817120216870009e+00 2.293817120216870009e+00 2.293817120216870009e+00 2.293817120216870009e+00 2.293817120216870009e+00 2.293817120216870009e+00
2.026709131048459511e+00 2.022405362263360207e+00 2.018512644539923073e+00 2.014997337324946791e+00 2.011768847759392465e+00 2.008824478961150461e+00 2.006147408845677216e+00 2.003678180660211972e+00 2.001415286524042436e+00 1.999314520735747891e+00 1.997374878730810988e+00 1.995581213028294387e+00 1.993918548427296544e+00 1.992372061251209470e+00 1.990941217460554302e+00 1.989597248671233443e+00 2.293833064560974133e+00 2.293833064560974133e+00 2.293817120216870009e+00 2.293817120216870009e+00 2.293817120216870009e+00
1.983536645839531820e+00 1.978882496784315936e+00 1.974681758877252058e+00 1.970887180786665249e+00 1.967438886429589973e+00 1.964291977971868386e+00 1.961429882384258416e+00 1.958795340865367773e+00 1.956372884671818468e+00 1.954147328750392543e+00 1.952103740370202178e+00 1.950200243775030096e+00 1.948449590825585664e+00 2.293833064560974133e+00 2.293817120216870009e+00 2.293817120216870009e+00 2.293817120216870009e+00 2.293817120216870009e+00 2.293817120216870009e+00 1.934859722670106086e+00 1.942418094703673104e+00
1.972678404103170857e+00 1.968420904630007406e+00 1.964581403833740358e+00 1.961141384285653988e+00 1.958025729908480450e+00 1.955204101583715381e+00 1.952630627372988537e+00 1.950289292911782102e+00 1.948150339483235127e+00 1.946198425741717530e+00 1.944390433599066492e+00 2.293817120216870009e+00 2.293817120216870009e+00 2.293817120216870009e+00 2.293817120216870009e+00 2.293817120216870009e+00 2.293817120216870009e+00 1.930874686232863624e+00 1.938429728332663249e+00 1.937650706166035297e+00 1.936844521599403013e+00
2.002803925495693971e+00 1.998658043884819824e+00 1.994901917322398521e+00 1.991517610178867415e+00 1.988466892026247601e+00 1.985673731742833237e+00 1.983135999059846499e+00 1.980822701695437171e+00 1.978703289777432595e+00 1.976731051620919111e+00 1.974954649189536893e+00 1.973265901234387165e+00 1.971767214623209918e+00 1.970342693677389345e+00 2.293817120216870009e+00 2.293817120216870009e+00 2.293817120216870009e+00 2.293817120216870009e+00 2.293817120216870009e+00 2.293817120216870009e+00 2.293833064560974133e+00
1.985097588815392555e+00 1.981094696326484383e+00 1.977484921677472141e+00 1.974264057817733065e+00 1.971345090998697591e+00 1.968697706467171793e+00 1.966305943159712966e+00 1.964126630049734201e+00 1.962130874129304425e+00 1.960317571446574592e+00 1.958644617924396369e+00 1.957117383551515655e+00 2.293833064560974133e+00 2.293817120216870009e+00 2.293817120216870009e+00 2.293817120216870009e+00 2.293817120216870009e+00 1.954425688392159355e+00 1.953548947254178048e+00 1.944222419044738803e+00 1.943452723713002150e+00
2.001629898631742677e+00 1.997745401618173933e+00 1.994253595196064488e+00 1.991091708209197453e+00 1.988276532445726996e+00 1.985688335184190523e+00 1.983369082948902573e+00 1.981244221371021075e+00 1.979298008972817380e+00 1.977529406594694006e+00 1.975865172815022053e+00 1.974391412128613243e+00 1.973035185794146606e+00 2.293817120216870009e+00 2.293817120216870009e+00 2.293817120216870009e+00 2.293817120216870009e+00 2.293817120216870009e+00 2.293817120216870009e+00 2.293817120216870009e+00 1.960983687520880370e+00
2.016462979900185193e+00 2.012332724842247345e+00 2.008608321377331141e+00 2.005242276236446575e+00 2.002173788684857847e+00 1.999385902901251733e+00 1.996862073883896693e+00 1.994543498856699015e+00 1.992414593013740243e+00 1.990445859872611356e+00 1.988642640917426929e+00 1.986959657359845810e+00 1.985435413076928279e+00 1.984014511648999335e+00 1.982693914545892389e+00 2.293833064560974133e+00 2.293817120216870009e+00 2.293817120216870009e+00 2.293817120216870009e+00 2.293817120216870009e+00 2.293817120216870009e+00
2.016535591853195974e+00 2.012173650586045248e+00 2.008262565985769577e+00 2.004696718025086977e+00 2.001472511919483388e+00 1.998515388568491868e+00 1.995823027520974069e+00 1.993336560640145860e+00 1.991054476672663442e+00 1.988964927918437597e+00 1.987032771321965097e+00 1.985250325360469859e+00 1.983558503956097230e+00 1.982034275035570392e+00 1.980619273626220478e+00 1.979260180819555126e+00 2.293817120216870009e+00 2.293817120216870009e+00 2.293817120216870009e+00 2.293817120216870009e+00 2.293817120216870009e+00
1.995019839363957992e+00 1.990871485558807885e+00 1.987140363078931937e+00 1.983789604942469920e+00 1.980744335424904801e+00 1.977973848360047526e+00 1.975475878028474908e+00 1.973178861616738278e+00 1.971067544261025484e+00 1.969154599734164179e+00 1.967370791101654692e+00 1.965766539741246710e+00 1.964279218653377290e+00 2.293817120216870009e+00 2.293817120216870009e+00 2.293833064560974133e+00 2.293817120216870009e+00 2.293817120216870009e+00 2.293817120216870009e+00 1.952178848503690833e+00 1.959802277725758213e+00
1.992570558346735909e+00 1.988382167052507477e+00 1.984619201190771509e+00 1.981206837993886305e+00 1.978127560968717225e+00 1.975336512684481960e+00 1.972803494680476222e+00 1.970471083336851947e+00 1.968351716332398471e+00 1.966402606888027149e+00 1.964622757348039928e+00 1.962979657714509774e+00 1.961453800498354383e+00 2.293817120216870009e+00 2.293817120216870009e+00 2.293817120216870009e+00 2.293817120216870009e+00 2.293817120216870009e+00 2.293817120216870009e+00 1.949247373930620864e+00 1.956918795117849719e+00
2.003147803691514905e+00 1.999114677785552185e+00 1.995476918983636994e+00 1.992193552671384094e+00 1.989228694992301039e+00 1.986550318583810038e+00 1.984097823371202551e+00 1.981855016295252181e+00 1.979805979014056749e+00 1.977935035822601106e+00 1.976183331259560472e+00 1.974622444875123284e+00 1.973164956590371055e+00 1.971810414080186868e+00 2.293817120216870009e+00 2.293817120216870009e+00 2.293817120216870009e+00 2.293817120216870009e+00 2.293817120216870009e+00 2.293817120216870009e+00 1.964733041897931853e+00
1.996691197444235177e+00 1.992355259079974461e+00 1.988466892026247601e+00 1.984929240948354767e+00 1.981739684337178620e+00 1.978840540788850744e+00 1.976186947285212936e+00 1.973763049745878240e+00 1.971539420226586126e+00 1.969487018970380143e+00 1.967600183642683964e+00 1.965881042353814889e+00 1.964264928413456124e+00 2.293817120216870009e+00 2.293817120216870009e+00 2.293817120216870009e+00 2.293817120216870009e+00 2.293817120216870009e+00 2.293817120216870009e+00 2.293817120216870009e+00 1.959233431778766299e+00
1.998529653183729105e+00 1.994062126113351541e+00 1.990035083581473074e+00 1.986393206535233658e+00 1.983073054994865192e+00 1.980057987412488396e+00 1.977303381894962797e+00 1.974779247891217393e+00 1.972456060019020185e+00 1.970318558289763322e+00 1.968351716332398471e+00 1.966525368177249433e+00 1.964865297567933045e+00 1.963293679648643097e+00 2.293817120216870009e+00 2.293817120216870009e+00 2.293817120216870009e+00 2.293817120216870009e+00 2.293817120216870009e+00 2.293817120216870009e+00 2.293817120216870009e+00
2.011364207773922441e+00 2.007110907214129547e+00 2.003276788461125335e+00 1.999800019998000167e+00 1.996662720880813202e+00 1.993790765900481210e+00 1.991179810911665626e+00 1.988774472974764507e+00 1.986579551474483729e+00 1.984535324728780248e+00 1.982684554887317319e+00 1.980953498950828173e+00 1.979341539048010024e+00 1.977877078602300331e+00 1.976501592181838074e+00 2.293817120216870009e+00 2.293817120216870009e+00 2.293817120216870009e+00 2.293817120216870009e+00 2.293817120216870009e+00 2.293817120216870009e+00
1.989653800238758041e+00 1.985238334952247996e+00 1.981276932983307537e+00 1.977708401022757467e+00 1.974458962985945920e+00 1.971497775023939081e+00 1.968808449000829741e+00 1.966333560398042080e+00 1.964071520261502224e+00 1.962007133297363204e+00 1.960084283624195622e+00 1.958329544898201657e+00 1.956720246981577871e+00 2.293833064560974133e+00 2.293817120216870009e+00 2.293817120216870009e+00 2.293817120216870009e+00 2.293817120216870009e+00 2.293817120216870009e+00 1.943844492440604643e+00 1.951501572042932731e+00
1.986294567484357732e+00 1.981964126449311303e+00 1.978071662710523260e+00 1.974556430001974228e+00 1.971372849971485541e+00 1.968490097791775861e+00 1.965850370703212890e+00 1.963437979902809660e+00 1.961237540888300490e+00 1.959220230348321490e+00 1.957357567284166100e+00 1.955648681683255008e+00 2.293833064560974133e+00 2.293817120216870009e+00 2.293817120216870009e+00 2.293817120216870009e+00 2.293817120216870009e+00 2.293817120216870009e+00 1.951050315419800896e+00 1.950021666907410189e+00 1.940603168214357632e+00
1.972469955055862645e+00 1.968075011773305460e+00 1.964112852312742685e+00 1.960537187189290265e+00 1.957301823190402024e+00 1.954354954289809321e+00 1.951684954677538331e+00 1.949247373930620864e+00 1.947012417612530077e+00 1.944992724286475294e+00 1.943075096254182954e+00 1.941357147314340059e+00 2.293817120216870009e+00 2.293817120216870009e+00 2.293817120216870009e+00 2.293817120216870009e+00 2.293817120216870009e+00 1.929053691994427000e+00 1.928048101229666411e+00 1.935692009893536625e+00 1.934873588258900101e+00
1.986421390920635188e+00 1.982006215005202687e+00 1.978029741090035376e+00 1.974431117034404215e+00 1.971178553577336734e+00 1.968213354327608799e+00 1.965505380570979010e+00 1.963025021558221006e+00 1.960770582839055365e+00 1.958685721880618180e+00 1.956769373763915798e+00 1.954993262255363629e+00 1.953356634087468624e+00 2.293817120216870009e+00 2.293817120216870009e+00 2.293817120216870009e+00 2.293817120216870009e+00 2.293817120216870009e+00 2.293817120216870009e+00 1.940477644978834570e+00 1.948192510282127143e+00
1.976270636147401172e+00 1.972150418729794019e+00 1.968462419943336039e+00 1.965146719257735874e+00 1.962144624074112942e+00 1.959439600274321513e+00 1.956974517396105284e+00 1.954722827542768604e+00 1.952672992362879167e+00 1.950811677001323741e+00 1.949100629281060426e+00 2.293817120216870009e+00 2.293833064560974133e+00 2.293817120216870009e+00 2.293817120216870009e+00 2.293817120216870009e+00 1.945581368536346112e+00 1.944642509885265991e+00 1.939541714000720507e+00 1.942977216793079887e+00 1.942180565246476753e+00
2.015345415808944995e+00 2.011335311146389415e+00 2.007729759574361061e+00 2.004467098104346423e+00 2.001501125844383111e+00 1.998814988256961689e+00 1.996363765997646977e+00 1.994131555707489678e+00 1.992088562565809795e+00 1.990191200511763459e+00 1.988466892026247601e+00 1.986872449884690139e+00 1.985407256663523023e+00 1.984042628573048361e+00 2.293817120216870009e+00 2.293833064560974133e+00 2.293817120216870009e+00 2.293817120216870009e+00 2.293817120216870009e+00 2.293817120216870009e+00 2.293817120216870009e+00
2.009040683073832323e+00 2.005127397201415196e+00 2.001615589725993072e+00 1.998444068546631369e+00 1.995581213028294387e+00 1.992987636095220561e+00 1.990621958772007316e+00 1.988466892026247601e+00 1.986491855383393013e+00 1.984695790239706881e+00 1.983034042084389270e+00 1.981491402528970047e+00 1.980110886209627497e+00 1.978833807276245249e+00 2.293817120216870009e+00 2.293817120216870009e+00 2.293817120216870009e+00 2.293817120216870009e+00 2.293817120216870009e+00 2.293817120216870009e+00 2.293817120216870009e+00
