2.226099944706549483e+00 2.235573564342601571e+00 2.245377679542504001e+00 2.255464043537731555e+00 2.265807547971394165e+00 2.276348736626451430e+00 2.287070191613599590e+00 2.297954124479478111e+00 2.308951735911895842e+00 2.320084683090932742e+00 2.331315215010844266e+00 2.342635251691311371e+00 2.354032171773014159e+00 2.365513594745777048e+00 2.377042095254559229e+00 2.388630120625820918e+00 2.400231551749698156e+00 2.411894898132909582e+00 2.423568490758362781e+00 2.904875940542148705e+00 2.921779781283913024e+00
2.239876806775627394e+00 2.249940235962482493e+00 2.260317998488412083e+00 2.270936974402282260e+00 2.281802624073017594e+00 2.292838462365206276e+00 2.304050940471702003e+00 2.315399511661193621e+00 2.326909652444312471e+00 2.338501658210266676e+00 2.350193000697935908e+00 2.361947634231567950e+00 2.373787797334375949e+00 2.385703131777565211e+00 2.397658756743415331e+00 2.409655631861317371e+00 2.421659320966726536e+00 2.433734422310186662e+00 2.445796826218941789e+00 2.457865168539325573e+00 2.921779781283913024e+00
2.243252716438836281e+00 2.253457649080307323e+00 2.263963542883851154e+00 2.274730586596150239e+00 2.285730612361516645e+00 2.296882504019543969e+00 2.308224974994229406e+00 2.319714675094962875e+00 2.331331684916990721e+00 2.343034442606306111e+00 2.354838479487928904e+00 2.366715625195775718e+00 2.378686964795432957e+00 2.390695973786721940e+00 2.402758932609678322e+00 2.414841330719622814e+00 2.426965668837067103e+00 2.439129374291576280e+00 2.451289378212939685e+00 2.463470255356288163e+00 2.921779781283913024e+00
2.242969691872038318e+00 2.253108585751904425e+00 2.263566797125999841e+00 2.274294080438938437e+00 2.285224594729700520e+00 2.296355058243914282e+00 2.307643895582609961e+00 2.319092654998732073e+00 2.330656609530266543e+00 2.342319322005025128e+00 2.354082549828080406e+00 2.365925111511617107e+00 2.377838544762810535e+00 2.389805371439014170e+00 2.401825387294343361e+00 2.413881237043137507e+00 2.425989977195694536e+00 2.438114906921377223e+00 2.450225420738707527e+00 2.462378376096637123e+00 2.921779781283913024e+00
2.228564445051508525e+00 2.237934386561203581e+00 2.247632961537380680e+00 2.257615812049842408e+00 2.267862964380376933e+00 2.278325999971520854e+00 2.288951517145677350e+00 2.299731697968570465e+00 2.310665471655836800e+00 2.321717490513607096e+00 2.332880895826263679e+00 2.344099617130396052e+00 2.355409948395108977e+00 2.366814476551133417e+00 2.378292674137869156e+00 2.389771776795315716e+00 2.401333446337260202e+00 2.412939030708197041e+00 2.424553596896571683e+00 2.436228145600458195e+00 2.921800107132670465e+00
2.234964624700549241e+00 2.244102218856068642e+00 2.253584608017126900e+00 2.263355566086445947e+00 2.273389268181785550e+00 2.283626398721168904e+00 2.294072256324340309e+00 2.304662401877252353e+00 2.315417788197157378e+00 2.326269931903734545e+00 2.337259457047545119e+00 2.348319883864907531e+00 2.359472588480222122e+00 2.370709190681718148e+00 2.382000736254772821e+00 2.393371768068196737e+00 2.404764262373927153e+00 2.416209312761036898e+00 2.427721725967339594e+00 2.439251867103818583e+00 2.450825928337850179e+00
2.231227102931544248e+00 2.240676684358676063e+00 2.250446572991827932e+00 2.260496725925709605e+00 2.270808052853057202e+00 2.281330871397100779e+00 2.292017333381083599e+00 2.302861130495464259e+00 2.313840976020193008e+00 2.324958784821541613e+00 2.336167411172543229e+00 2.347451237035667049e+00 2.358850546004523263e+00 2.370296008142663613e+00 2.381794429488058196e+00 2.393354920456145063e+00 2.404951370468611405e+00 2.416576332741847022e+00 2.428276566416934568e+00 2.439969572144159660e+00 2.921800107132670465e+00
2.248738598192576266e+00 2.259057408296388125e+00 2.269696711776888698e+00 2.280566720830126570e+00 2.291656222920858799e+00 2.302941484350465640e+00 2.314360254719892040e+00 2.325953277413539411e+00 2.337656817811528231e+00 2.349473504346526020e+00 2.361357085807548994e+00 2.373340406818467585e+00 2.385392722383657738e+00 2.397489687268623992e+00 2.409621476814479912e+00 2.421826887814058971e+00 2.434030611514396814e+00 2.446271953492053175e+00 2.458503965215681042e+00 2.470774270062686906e+00 2.483044354266579212e+00
2.236573569291845143e+00 2.246118426594041928e+00 2.255999548800089904e+00 2.266176605975624092e+00 2.276575461362245534e+00 2.287184618683439474e+00 2.297970126388356515e+00 2.308903270946300434e+00 2.320000580000145085e+00 2.331199932183274370e+00 2.342485590164399500e+00 2.353864260494311633e+00 2.365316117542297203e+00 2.376853765872701363e+00 2.388445543441609420e+00 2.400096003840153536e+00 2.411758029735557862e+00 2.423487051654895197e+00 2.435250974100389598e+00 2.447021974257328480e+00 2.458814851241701405e+00
2.246954323631639827e+00 2.256460882135176149e+00 2.266288951841359811e+00 2.276413510514184946e+00 2.286759661559569778e+00 2.297330223815656769e+00 2.308063534694391183e+00 2.318975013044234146e+00 2.329998376061737542e+00 2.341156105451346559e+00 2.352404442480147129e+00 2.363737486095661477e+00 2.375164165758515633e+00 2.386669366737061537e+00 2.398199939339648257e+00 2.409826421620395731e+00 2.421458271355531711e+00 2.433177085196979839e+00 2.444899866968683888e+00 2.456674785391909754e+00 2.468474059864022241e+00
2.258658780183092407e+00 2.268377401290139872e+00 2.278423331054909795e+00 2.288738690412330357e+00 2.299299062164685381e+00 2.310034650519757538e+00 2.320959716842914577e+00 2.332040111089910717e+00 2.343250727827877355e+00 2.354552849008947124e+00 2.365974503145353847e+00 2.377472746470501441e+00 2.389053789908057279e+00 2.400706090026478279e+00 2.412356943685655786e+00 2.424192051420576366e+00 2.436019683039038597e+00 2.447839421733934540e+00 2.459747981249692295e+00 2.471664136153384206e+00 2.483597905499099756e+00
2.248469986438915047e+00 2.258419670835333015e+00 2.268682958646163428e+00 2.279218512952370990e+00 2.289967081723200071e+00 2.300902232572408668e+00 2.312025334192752801e+00 2.323285125166986376e+00 2.334679901235965360e+00 2.346166151221072749e+00 2.357782826767265583e+00 2.369453562194671736e+00 2.381192905488288769e+00 2.393018018018017834e+00 2.404883327792670666e+00 2.416798168919975343e+00 2.428767712655961475e+00 2.440740262164218688e+00 2.452749532225624751e+00 2.464771374849472618e+00 2.476824003962918130e+00
2.262251505811158303e+00 2.272049530679768559e+00 2.282176911501458516e+00 2.292559212505910438e+00 2.303182579564488908e+00 2.313986999600310845e+00 2.324973117498328801e+00 2.336134334803445789e+00 2.347384444665746805e+00 2.358777152741542427e+00 2.370229912301493158e+00 2.381811620353663006e+00 2.393439160888387818e+00 2.405155521600419011e+00 2.416918429003021007e+00 2.428717151600524815e+00 2.440606107093796329e+00 2.452518520121471646e+00 2.464458980840591451e+00 2.476420934955035236e+00 2.488421925762079212e+00
2.239516264486870689e+00 2.249797869722641952e+00 2.260397830018082921e+00 2.271227101417387484e+00 2.282290849440125502e+00 2.293545103997935986e+00 2.304936055486096702e+00 2.316488484244368262e+00 2.328173724090248697e+00 2.339977451126379560e+00 2.351817669990093673e+00 2.363786786431863796e+00 2.375828045951309253e+00 2.387912819473790638e+00 2.400028235626301409e+00 2.412202908832918880e+00 2.424376762002396823e+00 2.436594787120446082e+00 2.448819668919580916e+00 2.904855359458138331e+00 2.921739130434782172e+00
2.258371855040756326e+00 2.268538210690486334e+00 2.279007492237130617e+00 2.289721297985760629e+00 2.300661614506716468e+00 2.311798579294690903e+00 2.323099595635476522e+00 2.334547769799441230e+00 2.346099431959561610e+00 2.357765981009266820e+00 2.369503101261412059e+00 2.381347554067413608e+00 2.393270685953612809e+00 2.405223579680105139e+00 2.417244909566601763e+00 2.429324023238219610e+00 2.441423780903757113e+00 2.453557658604976766e+00 2.465709032244428833e+00 2.477893648804593507e+00 2.490057063807712190e+00
2.266369205708417489e+00 2.277126266651485764e+00 2.288182253716508630e+00 2.299475301544829264e+00 2.310956736088740637e+00 2.322618787874522361e+00 2.334448681036494833e+00 2.346416382252559441e+00 2.358473710165021497e+00 2.370643071795622170e+00 2.382904760903540975e+00 2.395209580838323138e+00 2.407608041410858046e+00 2.420049397478877484e+00 2.432548894232773318e+00 2.445040522951019923e+00 2.457571778650020189e+00 2.470129081888307709e+00 2.482674478815693142e+00 2.495205640590579144e+00 2.507756131463741323e+00
2.235636038452939456e+00 2.245740111725570642e+00 2.256158607950138784e+00 2.266850848298091137e+00 2.277758401013602274e+00 2.288853284504463126e+00 2.300132431867289107e+00 2.311539485297207985e+00 2.323065866176886818e+00 2.334729454380801261e+00 2.346449750423071912e+00 2.358277902242444490e+00 2.370163820146392375e+00 2.382138293955865294e+00 2.394130156181784486e+00 2.406159769008662241e+00 2.418229303411776332e+00 2.430324734272581999e+00 2.442441004274271688e+00 2.454555655296229322e+00 2.921759455717952481e+00
2.226339753809913447e+00 2.235948461387964770e+00 2.245881964865983793e+00 2.256071379187377879e+00 2.266529730495449257e+00 2.277174879914606098e+00 2.288018647351975687e+00 2.298994712312161681e+00 2.310115505775288458e+00 2.321346961574453527e+00 2.332683009585206246e+00 2.344099617130396052e+00 2.355598356623734624e+00 2.367160521332293932e+00 2.378772697456154717e+00 2.390443849177054325e+00 2.402164774373141132e+00 2.413909637016959042e+00 2.425660635808458032e+00 2.904875940542148705e+00 2.921779781283913024e+00
2.255125124208063436e+00 2.265358422177858877e+00 2.275863049940969773e+00 2.286628937289201247e+00 2.297618135865818978e+00 2.308790193938376589e+00 2.320136677142435211e+00 2.331628183025746370e+00 2.343234089085499239e+00 2.354956112181545880e+00 2.366732099848250837e+00 2.378620400167902549e+00 2.390559463355621084e+00 2.402538210956987275e+00 2.414635532072041624e+00 2.426746911097860337e+00 2.438888424338712557e+00 2.451051068369906716e+00 2.463227531846013285e+00 2.475422589999292544e+00 2.487630946128970066e+00
2.213479375370400515e+00 2.223242204308786718e+00 2.233326819463443247e+00 2.243693118873665959e+00 2.254283137962127981e+00 2.265069792462980569e+00 2.276041110992567340e+00 2.287168271258157137e+00 2.298418270335777613e+00 2.309792118709316000e+00 2.321245928752257992e+00 2.332781948509139891e+00 2.344399371985137925e+00 2.356120716537888349e+00 2.367831926984673707e+00 2.379355843481646193e+00 2.391435846216607430e+00 2.870927309520975523e+00 2.887888059958056086e+00 2.904711300035423438e+00 2.921515570982394117e+00
2.256238145936303230e+00 2.266297235848435676e+00 2.276672642932354496e+00 2.287299057203919350e+00 2.298146162095909162e+00 2.309210250094468009e+00 2.320414018113292176e+00 2.331776460363332859e+00 2.343250727827877355e+00 2.354855283438944458e+00 2.366534419155007729e+00 2.378287632904308779e+00 2.390109293179496941e+00 2.402029008032667168e+00 2.413984067705152725e+00 2.425973161805478284e+00 2.438021997924198381e+00 2.450079627587896436e+00 2.462170508825122450e+00 2.474285108338341033e+00 2.486411072817310774e+00
2.234668081956451502e+00 2.244653166013145018e+00 2.254966210740685373e+00 2.265518803806071624e+00 2.276316351064889165e+00 2.287282708142726051e+00 2.298434278709533540e+00 2.309743618458351300e+00 2.321161741451596150e+00 2.332715988294006948e+00 2.344332753170176975e+00 2.356032156269187272e+00 2.367836424288430219e+00 2.379681843748647552e+00 2.391570417680739524e+00 2.403523282364501412e+00 2.415475607147046677e+00 2.427496394453884765e+00 2.439496889641465494e+00 2.904896521917798680e+00 2.921759455717952481e+00
2.220694002693487157e+00 2.230167694222426888e+00 2.239970880378554963e+00 2.250066798858091133e+00 2.260381348208100771e+00 2.270920858408084442e+00 2.281639928698752318e+00 2.292494511907077648e+00 2.303504118386151323e+00 2.314647377938517270e+00 2.325860039610101015e+00 2.337176690557805525e+00 2.348570574545765233e+00 2.360062194580186734e+00 2.371558545156629894e+00 2.383138593527675653e+00 2.394737212807617865e+00 2.406398188123716864e+00 2.417898135373849566e+00 2.904875940542148705e+00 2.921759455717952481e+00
2.226115930372838392e+00 2.235760997149404350e+00 2.245740111725570642e+00 2.255999548800089904e+00 2.266481570671728285e+00 2.277158675262940690e+00 2.288035006935606130e+00 2.299058779269456565e+00 2.310196366691168457e+00 2.321464844316763809e+00 2.332831421118485959e+00 2.344282791543532252e+00 2.355826860583551952e+00 2.367424242424242209e+00 2.379064234734338257e+00 2.390763215998424673e+00 2.402504257378867969e+00 2.414259305245150422e+00 2.426076036077177367e+00 2.904875940542148705e+00 2.921759455717952481e+00
2.255458915406193476e+00 2.265967993202095965e+00 2.276769832799715676e+00 2.287805994051704150e+00 2.299058779269456565e+00 2.310487512865214477e+00 2.322079457337067332e+00 2.333821314153565307e+00 2.345665849237658751e+00 2.357631223610604732e+00 2.369668246445497672e+00 2.381786339754815796e+00 2.393978440111812489e+00 2.406227883934890066e+00 2.418500103141916213e+00 2.430842530020905112e+00 2.443160587508263593e+00 2.455537236468235296e+00 2.467899676352585114e+00 2.480281760007936320e+00 2.492646692257839192e+00
2.250272493934812434e+00 2.260270102277222470e+00 2.270550253663035978e+00 2.281135720446817228e+00 2.291918837424169464e+00 2.302877200817870396e+00 2.314019451787755255e+00 2.325327907568215835e+00 2.336746399286230069e+00 2.348269752150801803e+00 2.359898385551868927e+00 2.371585614240673934e+00 2.383359815109056257e+00 2.395209580838323138e+00 2.407113729043950823e+00 2.419050736031760351e+00 2.431028255494123602e+00 2.443037701820062857e+00 2.455089400326877502e+00 2.467134247347830822e+00 2.479104689049440147e+00
2.256142701025839692e+00 2.266728087685816462e+00 2.277596281824069369e+00 2.288705951350693990e+00 2.300020212298834910e+00 2.311523293850647587e+00 2.323191078946256649e+00 2.334993773349937740e+00 2.346917004480477686e+00 2.358945765692350705e+00 2.371056375352171397e+00 2.383222116301238813e+00 2.395496466642711653e+00 2.407795592317715450e+00 2.420152754347377755e+00 2.432531987795639505e+00 2.444935029447084851e+00 2.457364722072049812e+00 2.469797899966128085e+00 2.482193707638951086e+00 2.494618750980028832e+00
2.225668418483099487e+00 2.235495476614621779e+00 2.245645552920040977e+00 2.256047264190184531e+00 2.266690278023729466e+00 2.277547650567251392e+00 2.288558637163331522e+00 2.299699645288751704e+00 2.310989103336227757e+00 2.322408337445931004e+00 2.333903843161661662e+00 2.345499129322293097e+00 2.357166131682392862e+00 2.368892264173291462e+00 2.380660380761378203e+00 2.392479171357802414e+00 2.404339124961989871e+00 2.416242673607035485e+00 2.428137832529905005e+00 2.904855359458138331e+00 2.921739130434782172e+00
2.233576234748861911e+00 2.242655303879793394e+00 2.252077893744149684e+00 2.261799662918889009e+00 2.271791449544931840e+00 2.281981615785607431e+00 2.292362135908419862e+00 2.302925413130862076e+00 2.313630085604312825e+00 2.324466462307323233e+00 2.335390364037818856e+00 2.346416382252559441e+00 2.357542054389881514e+00 2.368727227126106616e+00 2.379990768520654942e+00 2.391318108608041726e+00 2.402674034867039676e+00 2.414092783931798269e+00 2.425574111990183912e+00 2.437066345547336699e+00 2.448596953945389121e+00
2.276543069349192816e+00 2.286628937289201247e+00 2.297018900158637855e+00 2.307660032726815302e+00 2.318539179799200323e+00 2.329576890597245153e+00 2.340790761679127030e+00 2.352152932707042954e+00 2.363622459974834555e+00 2.375213943903035307e+00 2.386893783226645915e+00 2.398656752218757404e+00 2.410492733073377636e+00 2.422394323047656783e+00 2.434359241870978519e+00 2.446359960282626922e+00 2.458434890107960236e+00 2.470512666671372592e+00 2.482604038842113336e+00 2.494785205923728544e+00 2.506983740419740592e+00
2.225492659463728540e+00 2.234636871508379752e+00 2.244133694264835555e+00 2.253933818868243399e+00 2.263980076975322664e+00 2.274245590095660408e+00 2.284702488897773609e+00 2.295316858058995990e+00 2.306079664570230836e+00 2.316943372455887662e+00 2.327943790739016361e+00 2.339032066003232213e+00 2.350176263219741379e+00 2.361439088762327998e+00 2.372752176820367875e+00 2.384100218903747237e+00 2.395513344418453983e+00 2.406977402729795656e+00 2.418446528147262242e+00 2.429977344034762954e+00 2.441542496791115457e+00
2.213795516707014688e+00 2.223305984279074998e+00 2.233139794551138646e+00 2.243268442120168515e+00 2.253632221306684169e+00 2.264204344442086292e+00 2.274956989094424564e+00 2.285861233936467229e+00 2.296898491007294041e+00 2.308063534694391183e+00 2.319311164584118679e+00 2.330656609530266543e+00 2.342069964017288619e+00 2.353578866288192017e+00 2.365116679089501517e+00 2.376716817792246417e+00 2.388361654151183178e+00 2.400028235626301409e+00 2.887927774301568551e+00 2.904855359458138331e+00 2.921698480716790058e+00
2.249212775528564912e+00 2.259216898942403962e+00 2.269487450443613774e+00 2.280062986740008402e+00 2.290835940352359046e+00 2.301800984891815283e+00 2.312949009987734339e+00 2.324246980294743192e+00 2.335671363961298486e+00 2.347184090359474951e+00 2.358801451356657530e+00 2.370510845087116181e+00 2.382275867545461168e+00 2.394113297891067749e+00 2.406006524523575330e+00 2.417949720869039698e+00 2.429931198233787004e+00 2.441914748446870398e+00 2.453970524308330514e+00 2.466004368350595222e+00 2.478069088566189127e+00
2.229013122415962389e+00 2.238967835827683217e+00 2.249260204260942420e+00 2.259788163083809032e+00 2.270566364397518910e+00 2.281542322610084383e+00 2.292674189503851157e+00 2.303954423592493583e+00 2.315367020754107497e+00 2.326893244958397666e+00 2.338501658210266676e+00 2.350226476369540851e+00 2.361996859933586101e+00 2.373820944082552842e+00 2.385737626697126856e+00 2.397658756743415331e+00 2.409604399654150964e+00 2.421609055434090330e+00 2.433612483000501037e+00 2.904855359458138331e+00 2.921739130434782172e+00
2.248659588073671500e+00 2.258945778242116287e+00 2.269551834436193793e+00 2.280420452520933505e+00 2.291475710357470330e+00 2.302716507686188407e+00 2.314133041612319808e+00 2.325699708560755141e+00 2.337391895624827853e+00 2.349172450613988161e+00 2.361061922321062490e+00 2.373009115146777148e+00 2.385030680167385952e+00 2.397117818340771311e+00 2.409245835193412510e+00 2.421410970416055353e+00 2.433597552496176153e+00 2.445832014502344887e+00 2.458072309464280458e+00 2.470303423840545243e+00 2.482553168013681866e+00
2.265165994195512233e+00 2.275345212531463712e+00 2.285828577143143026e+00 2.296573798963670754e+00 2.307514806553341735e+00 2.318669505280242848e+00 2.329965474147973836e+00 2.341421881651766679e+00 2.352974730477439991e+00 2.364658098258498597e+00 2.376409245629852673e+00 2.388258452987494174e+00 2.400180719489467762e+00 2.412151568253247280e+00 2.424175260945151233e+00 2.436274032103130871e+00 2.448368234582480873e+00 2.460508833226711101e+00 2.472694389103188950e+00 2.484883624616913700e+00 2.497092670676283710e+00
2.264636985768171851e+00 2.274552730529473266e+00 2.284784052207315508e+00 2.295272456013254914e+00 2.305982977652928145e+00 2.316895079757357756e+00 2.327966884671065273e+00 2.339214449256767470e+00 2.350561285543335543e+00 2.362013268956893342e+00 2.373572366032782988e+00 2.385220307621140456e+00 2.396948825142583228e+00 2.408716720744718209e+00 2.420566270120956709e+00 2.432447459134882806e+00 2.444390124663896380e+00 2.456364440264725779e+00 2.468387014873794971e+00 2.480422380496793089e+00 2.492487918357173537e+00
2.240190416185375621e+00 2.250114263614948928e+00 2.260331904220258092e+00 2.270824167246199732e+00 2.281558589711596863e+00 2.292477093139045685e+00 2.303568436924107843e+00 2.314798577451055994e+00 2.326171544577905426e+00 2.337640258415504935e+00 2.349222620878181456e+00 2.360865187654063835e+00 2.372595130597405344e+00 2.384375835434714652e+00 2.396222425822820412e+00 2.408119612717704694e+00 2.420035125081243521e+00 2.431993590981595510e+00 2.443968429678402554e+00 2.455968002245456194e+00 2.467951881989591811e+00
2.237214667738665508e+00 2.247033213959694020e+00 2.257193039380964272e+00 2.267605833416006078e+00 2.278261117202295516e+00 2.289098881918264716e+00 2.300100368016058994e+00 2.311280449368949608e+00 2.322576899069517253e+00 2.334002885676295325e+00 2.345499129322293097e+00 2.357084425218029633e+00 2.368743729796008779e+00 2.380488649397303202e+00 2.392260334212840345e+00 2.404084114660670402e+00 2.415942459153315625e+00 2.427860412307824234e+00 2.439759468419465893e+00 2.451718654776998463e+00 2.463661000246366140e+00
2.249971875351558293e+00 2.260094500201289325e+00 2.270534143157177720e+00 2.281233291748351100e+00 2.292148674493398985e+00 2.303246880147407527e+00 2.314522577115683433e+00 2.325936371103147771e+00 2.337474677357662234e+00 2.349122282492631886e+00 2.360865187654063835e+00 2.372677915951373784e+00 2.384565358768696797e+00 2.396526446374196428e+00 2.408511964637376934e+00 2.420549037475794751e+00 2.432650337790875472e+00 2.444741648331104411e+00 2.456881725713723874e+00 2.469013875857982487e+00 2.481167251349134517e+00
2.241649854292759425e+00 2.251349050563892451e+00 2.261387178664176378e+00 2.271694684234438544e+00 2.282209464037371127e+00 2.292953467375571375e+00 2.303873999036561315e+00 2.314928482739752713e+00 2.326138750652023468e+00 2.337441563960901192e+00 2.348854755363218416e+00 2.360340722125417567e+00 2.371916508538899127e+00 2.383566393158442320e+00 2.395243328542846495e+00 2.406977402729795656e+00 2.418764080662326954e+00 2.430585342140630711e+00 2.442441004274271688e+00 2.454314685216610670e+00 2.466212883496103458e+00
2.243409983174425193e+00 2.252981680442710744e+00 2.262856308624402235e+00 2.273034003168040940e+00 2.283430854859426429e+00 2.294038367791701116e+00 2.304823366718350197e+00 2.315773222644051721e+00 2.326860430680711911e+00 2.338037748682196604e+00 2.349339693161997200e+00 2.360734049422661851e+00 2.372181290466621739e+00 2.383721350197559818e+00 2.395310826804936788e+00 2.406960363026256822e+00 2.418654943303882643e+00 2.430359478759372749e+00 2.442125223562198411e+00 2.453936113526095308e+00 2.465743773996970312e+00
2.258913885967203328e+00 2.268892071640266739e+00 2.279153579339472380e+00 2.289704914279172332e+00 2.300469156285508632e+00 2.311426149934509677e+00 2.322553401133124140e+00 2.333837819488252752e+00 2.345249093881031754e+00 2.356755675853252630e+00 2.368347729172471272e+00 2.380035700535508170e+00 2.391805954189881067e+00 2.403625232409351220e+00 2.415510418664791104e+00 2.427453809021804965e+00 2.439432378934455858e+00 2.451422185370777385e+00 2.463452916376331014e+00 2.475527641034346082e+00 2.487596567116737045e+00
2.233233303091632482e+00 2.242781048500140262e+00 2.252648622012600743e+00 2.262795400868347517e+00 2.273179325434035114e+00 2.283773078597477912e+00 2.294550789534067103e+00 2.305467450991351086e+00 2.316524055654490155e+00 2.327730321861619878e+00 2.338998908467176285e+00 2.350360388592917626e+00 2.361816375723305939e+00 2.373323840037973032e+00 2.384892788228747396e+00 2.396509554319708357e+00 2.408187838651414836e+00 2.419884536937808583e+00 2.431628332761185174e+00 2.443388836587592206e+00 2.455175003430023928e+00
2.229510083139150112e+00 2.239108834683795735e+00 2.249023080599364732e+00 2.259228218489232276e+00 2.269664515213845046e+00 2.280290451996322521e+00 2.291114770530536582e+00 2.302073959357930466e+00 2.313175990635141677e+00 2.324418367131315222e+00 2.335720959202740588e+00 2.347134007126752131e+00 2.358621455130695210e+00 2.370163820146392375e+00 2.381794429488058196e+00 2.393439160888387818e+00 2.405138507682295312e+00 2.416876704761246941e+00 2.428640818309094396e+00 2.440435931584121754e+00 2.921779781283913024e+00
2.213194925358216825e+00 2.222508997576748246e+00 2.232173997963140977e+00 2.242136756328781289e+00 2.252347368272872075e+00 2.262763399802008024e+00 2.273373117362887275e+00 2.284131708744655320e+00 2.295029522425220403e+00 2.306063549520967815e+00 2.317161477190441410e+00 2.328370845974740533e+00 2.339662237851480864e+00 2.351013429273679289e+00 2.362456398782640132e+00 2.373912855817165379e+00 2.385429236943283016e+00 2.396982621875991537e+00 2.887947631882942012e+00 2.904875940542148705e+00 2.921718805434396771e+00
2.229429913196067758e+00 2.238920840155044889e+00 2.248722795724615420e+00 2.258816671524336961e+00 2.269149494405128031e+00 2.279689392320296104e+00 2.290409625446450992e+00 2.301287326183071080e+00 2.312284537122677008e+00 2.323420074349442199e+00 2.334663383988454299e+00 2.345982682382380613e+00 2.357394939921096721e+00 2.368842750644464701e+00 2.380385622470840179e+00 2.391957395017693777e+00 2.403591248100102717e+00 2.415225582069365551e+00 2.426941910431567706e+00 2.438657017235566826e+00 2.921800107132670465e+00
2.218389735296011800e+00 2.228131962912383912e+00 2.238169177612712613e+00 2.248501584490960159e+00 2.259063581708872004e+00 2.269841607615318058e+00 2.280778030405621770e+00 2.291886007319710927e+00 2.303102208884391100e+00 2.314429746208312988e+00 2.325860039610101015e+00 2.337391895624827853e+00 2.348988511310735383e+00 2.360668485770029079e+00 2.372359851044557377e+00 2.384141253357080714e+00 2.395935366120064636e+00 2.407744439172585516e+00 2.887907916993274871e+00 2.904834778665759565e+00 2.921657832129888277e+00
2.264236386278727586e+00 2.274552730529473266e+00 2.285159318451233101e+00 2.295997072603732203e+00 2.307079237685091044e+00 2.318360006182293542e+00 2.329784530230719408e+00 2.341338820107133678e+00 2.353008285441295921e+00 2.364773225202918550e+00 2.376658418263920769e+00 2.388586897515145413e+00 2.400621337287297319e+00 2.412699313799930412e+00 2.424830261881667948e+00 2.437003460544914013e+00 2.449197167575511092e+00 2.461374009296960708e+00 2.473690534246478556e+00 2.485947491264655973e+00 2.498233392101299355e+00
2.257224883082804556e+00 2.267573696145124718e+00 2.278228677203474550e+00 2.289131632222389356e+00 2.300244662386817573e+00 2.311555676970601159e+00 2.323027538435546102e+00 2.334646866974651402e+00 2.346366331776198688e+00 2.358187197187325168e+00 2.370097731677053510e+00 2.382086707956169835e+00 2.394147014709921084e+00 2.406296002717698723e+00 2.418465696909342988e+00 2.430673713305508077e+00 2.442897276169536891e+00 2.455141065390928468e+00 2.467447319999717781e+00 2.479719437457933218e+00 2.491987567750911570e+00
