1.983480441466075161e+00 1.979134270123554584e+00 1.975211100686385501e+00 1.971581067188666214e+00 1.968365553602811735e+00 1.965422600956037602e+00 1.958522838552434031e+00 1.956053987090043522e+00 1.953817542386986128e+00 1.955921902832594039e+00 1.949838596693939996e+00 1.948094114591224502e+00 2.293808151620718494e+00 2.293824594100569936e+00 2.293824594100569936e+00 2.293824594100569936e+00 2.293808151620718494e+00 1.944236419148568373e+00 1.943242912561265801e+00 1.942236449304032053e+00 1.941328731665228347e+00
1.994444048721419005e+00 1.990417561169796734e+00 1.986801958419073477e+00 1.983564749220742440e+00 1.980632246107704164e+00 1.977959875671093437e+00 1.975531629672485190e+00 1.973331829842415397e+00 1.971317332807648315e+00 1.969459313080726526e+00 1.967770726599340714e+00 1.966236903457767804e+00 1.969078179696616138e+00 2.293824594100569936e+00 2.293824594100569936e+00 2.293808151620718494e+00 2.293824594100569936e+00 2.293824594100569936e+00 2.293824594100569936e+00 1.957401151241862092e+00 1.956635167256072672e+00
1.997075710566670326e+00 1.993166287015945448e+00 1.989597248671233443e+00 1.986477762090909316e+00 1.983620958372297016e+00 1.981010598406701462e+00 1.978644769664549052e+00 1.976521745268701169e+00 1.974556430001974228e+00 1.972845195065068724e+00 1.971123047356230895e+00 1.969625560112268303e+00 2.293824594100569936e+00 2.293824594100569936e+00 2.293824594100569936e+00 2.293824594100569936e+00 2.293824594100569936e+00 2.293824594100569936e+00 1.961938395134392499e+00 1.961126122199947641e+00 1.960385687732341786e+00
1.996933281032699403e+00 1.992967671217276138e+00 1.989385208920971371e+00 1.986210027523196420e+00 1.983325895861223431e+00 1.980674278114963771e+00 1.978295274700429207e+00 1.976131158648043895e+00 1.974138781956371380e+00 1.972303227533353187e+00 1.970651370658408785e+00 1.969140751367849385e+00 2.293808151620718494e+00 2.293808151620718494e+00 2.293824594100569936e+00 2.293824594100569936e+00 2.293808151620718494e+00 2.293824594100569936e+00 2.293824594100569936e+00 1.960485329034787894e+00 1.959716929776810002e+00
1.985871939629492822e+00 1.981318992357769426e+00 1.977331308922707365e+00 1.973665661037020236e+00 1.970290828999866184e+00 1.967286830419875177e+00 1.960300288962783188e+00 1.957770172283775034e+00 1.955430665498236520e+00 1.953294556819168415e+00 1.955594046612980641e+00 1.949500711206740844e+00 1.947827090667743510e+00 2.293824594100569936e+00 2.293824594100569936e+00 2.293808151620718494e+00 2.293824594100569936e+00 2.293824594100569936e+00 2.293824594100569936e+00 1.943214941163769582e+00 1.942292336577680523e+00
1.991890161485380784e+00 1.987098056192294404e+00 1.982834320029459363e+00 1.978896482511502519e+00 1.975406192898414570e+00 1.972178200387391778e+00 1.969223844487580033e+00 1.966499280120798998e+00 1.964002637374970384e+00 1.961704721402898643e+00 1.959563017447109035e+00 1.957603892835169557e+00 1.955771621753768175e+00 1.958423396631511881e+00 2.293824594100569936e+00 2.293824594100569936e+00 2.293824594100569936e+00 2.293824594100569936e+00 2.293824594100569936e+00 2.293824594100569936e+00 1.945034758491517302e+00
1.988071570576540603e+00 1.983564749220742440e+00 1.979610016826685248e+00 1.975894092076664554e+00 1.972636710769187340e+00 1.969653270679600832e+00 1.966899884795864084e+00 1.964402225387092304e+00 1.957897942756865239e+00 1.955770609838250573e+00 1.957959805882270699e+00 1.956249869001124742e+00 1.954597492530645297e+00 2.293824594100569936e+00 2.293824594100569936e+00 2.293824594100569936e+00 2.293808151620718494e+00 2.293824594100569936e+00 2.293824594100569936e+00 1.945847777049085847e+00 1.944908661326571808e+00
2.001644207742073966e+00 1.997788163105133519e+00 1.994273585846355390e+00 1.991181908690086599e+00 1.988368046925486077e+00 1.985801519138161941e+00 1.983480441466075161e+00 1.981375074301565009e+00 1.979428086670672826e+00 1.977736339492568884e+00 1.976200894936691155e+00 1.978732292178144503e+00 2.293808151620718494e+00 2.293824594100569936e+00 2.293808151620718494e+00 2.293808151620718494e+00 2.293808151620718494e+00 2.293824594100569936e+00 2.293824594100569936e+00 1.966195481963667779e+00 1.965463989891899077e+00
1.992542199197290032e+00 1.988113918927554291e+00 1.984126984126983961e+00 1.980548187444739039e+00 1.977289418676910548e+00 1.974319741082068091e+00 1.971622715910291257e+00 1.969140751367849385e+00 1.966872251647255654e+00 1.964774401796365089e+00 1.962804848127974733e+00 1.961058971844795940e+00 1.959425888214752831e+00 1.957877660615892523e+00 2.293824594100569936e+00 2.293824594100569936e+00 2.293824594100569936e+00 2.293808151620718494e+00 2.293824594100569936e+00 2.293824594100569936e+00 1.949824515793578517e+00
2.001730066700504906e+00 1.997203914519672052e+00 1.993066974168428596e+00 1.989413478276315095e+00 1.986012795596726166e+00 1.982932615700577106e+00 1.980099995049749984e+00 1.977512853833549800e+00 1.975141434234843896e+00 1.972956404709728551e+00 1.970956547447259233e+00 1.969209995147303882e+00 1.967328297909713308e+00 1.965712360118504476e+00 2.293824594100569936e+00 2.293824594100569936e+00 2.293824594100569936e+00 2.293824594100569936e+00 2.293808151620718494e+00 2.293808151620718494e+00 2.293824594100569936e+00
2.011624314790467771e+00 2.007168458781361853e+00 2.003147803691514905e+00 1.999485846496614982e+00 1.996192974826580535e+00 1.993152098860344168e+00 1.990389263271631348e+00 1.987845743170329804e+00 1.985491728299638714e+00 1.983339944466481430e+00 1.981361053517977089e+00 1.979512050279606195e+00 1.981884111161677620e+00 1.980372309994278712e+00 1.978978846914991818e+00 2.293824594100569936e+00 2.293824594100569936e+00 2.293808151620718494e+00 2.293824594100569936e+00 2.293808151620718494e+00 2.293808151620718494e+00
2.002216739962101144e+00 1.998044770474606935e+00 1.994259381922038665e+00 1.990884592686343213e+00 1.987789294334800783e+00 1.984985006273970454e+00 1.982427198901168586e+00 1.980085992305951281e+00 1.977945903179547660e+00 1.976005645730416482e+00 1.974180538810273999e+00 1.972483850288475615e+00 1.970970421365319192e+00 1.973684210526315486e+00 2.293824594100569936e+00 2.293824594100569936e+00 2.293808151620718494e+00 2.293824594100569936e+00 2.293824594100569936e+00 2.293824594100569936e+00 2.293824594100569936e+00
2.014663874918154463e+00 2.010208989941775659e+00 2.009952731456452923e+00 2.002589061572460860e+00 1.999314520735747891e+00 1.996278366759113299e+00 1.993563637399253796e+00 1.991040318566450917e+00 1.988721110274585202e+00 1.986576419337902299e+00 1.984605134456997488e+00 1.982764114802042510e+00 1.981052646474080081e+00 1.983689662772757156e+00 1.982262422177845540e+00 1.972516273259254271e+00 2.293808151620718494e+00 2.293824594100569936e+00 2.293808151620718494e+00 2.293808151620718494e+00 2.293824594100569936e+00
1.993620414673046071e+00 1.989823474231785738e+00 1.986379114642451205e+00 1.983297799247763171e+00 1.980520169475940229e+00 1.978001794330198848e+00 1.975726785210273562e+00 1.973665661037020236e+00 1.971775442945269186e+00 1.970027439667909386e+00 1.968490097791775861e+00 1.962851223147104696e+00 2.293824594100569936e+00 2.293824594100569936e+00 2.293808151620718494e+00 2.293824594100569936e+00 2.293824594100569936e+00 1.960542271469753350e+00 1.959773827583453754e+00 1.959005985851623111e+00 1.958252948258605519e+00
2.010468798242276200e+00 2.010105981105004158e+00 2.002703649927401575e+00 1.999414457194679029e+00 1.996392234034209512e+00 1.993648804522734741e+00 1.991153589054344142e+00 1.988862370723945894e+00 1.986787860726170640e+00 1.984858366178013700e+00 1.983087100018414262e+00 1.981445181196085148e+00 1.984185308210117960e+00 1.982742794198641301e+00 2.293824594100569936e+00 2.293824594100569936e+00 2.293824594100569936e+00 2.293808151620718494e+00 2.293824594100569936e+00 2.293824594100569936e+00 2.293824594100569936e+00
2.016172584373222332e+00 2.012520754120276756e+00 2.009256933730400707e+00 2.006305531670965259e+00 2.003663842454773913e+00 2.001229326586331680e+00 1.999086132053917941e+00 2.001141391756779964e+00 1.999318750647927523e+00 1.997765462334722075e+00 1.988086209308661534e+00 1.990827971132993923e+00 1.989526563732351816e+00 2.293808151620718494e+00 2.293824594100569936e+00 2.293824594100569936e+00 2.293808151620718494e+00 2.293824594100569936e+00 2.293824594100569936e+00 2.293824594100569936e+00 1.982371057382562363e+00
1.990559062731047213e+00 1.986675086384889433e+00 1.983115190662360527e+00 1.979931975194280769e+00 1.977079994068760005e+00 1.974486809722936886e+00 1.972136528194509131e+00 1.969985858315802529e+00 1.968033512799246765e+00 1.966305943159712966e+00 1.964622757348039928e+00 1.963135126797495689e+00 2.293808151620718494e+00 2.293824594100569936e+00 2.293808151620718494e+00 2.293808151620718494e+00 2.293824594100569936e+00 2.293824594100569936e+00 1.955501477490005469e+00 1.954708676010656676e+00 1.953930657172010754e+00
1.983438290276193783e+00 1.979204218532419679e+00 1.975378320222935358e+00 1.971844872146987004e+00 1.968711548602566364e+00 1.965850370703212890e+00 1.959034413704533906e+00 1.956663526342488302e+00 1.954468131311303036e+00 1.956742024529158686e+00 1.950627451830338588e+00 1.953193121969934776e+00 2.293824594100569936e+00 2.293824594100569936e+00 2.293824594100569936e+00 2.293824594100569936e+00 2.293824594100569936e+00 1.945441182828239191e+00 1.944446444903749738e+00 1.943480701956436851e+00 1.942613750827409280e+00
2.011193331160319619e+00 2.003520471685962256e+00 1.999871436836203387e+00 1.996662720880813202e+00 1.993634609496820920e+00 1.991012002958075122e+00 1.988579869890060081e+00 1.986336840163731132e+00 1.984309779103800686e+00 1.982441234777683192e+00 1.980702300444243225e+00 1.979162248893789666e+00 1.981898658915240752e+00 1.980546630870120062e+00 2.293808151620718494e+00 2.293824594100569936e+00 2.293824594100569936e+00 2.293824594100569936e+00 2.293808151620718494e+00 2.293824594100569936e+00 2.293824594100569936e+00
1.971914306238291559e+00 1.963664926035287861e+00 1.960015680125440696e+00 1.956748608534322642e+00 1.953803403959707641e+00 1.951149009972539261e+00 1.948726831803221815e+00 1.946535167402024369e+00 1.953040232628792117e+00 1.942711593671077486e+00 2.293808151620718494e+00 2.293808151620718494e+00 2.293824594100569936e+00 2.293808151620718494e+00 2.293808151620718494e+00 1.938847319364057853e+00 1.937831494785797526e+00 1.936858415649815868e+00 1.935983479607640723e+00 1.935178681498258335e+00 1.934429987963546482e+00
2.012463393984816662e+00 2.004668012658046283e+00 2.000900405182331809e+00 1.997574373974459361e+00 1.994515083520319143e+00 1.991691799920332073e+00 1.989144951834275421e+00 1.986830154405086590e+00 1.984703605781157787e+00 1.982750074353127445e+00 1.980940522260818737e+00 1.979260180819555126e+00 1.981927755063091601e+00 1.980473993442430247e+00 2.293808151620718494e+00 2.293824594100569936e+00 2.293824594100569936e+00 2.293824594100569936e+00 2.293824594100569936e+00 2.293824594100569936e+00 2.293824594100569936e+00
1.990007320384071132e+00 1.986012795596726166e+00 1.982357022499752208e+00 1.979092303451395418e+00 1.976159052572888708e+00 1.973470912448372694e+00 1.971053668975615292e+00 1.968849980663080146e+00 1.966803172172544967e+00 1.964926069656629082e+00 1.963259009956527468e+00 1.961718465375668963e+00 2.293808151620718494e+00 2.293808151620718494e+00 2.293808151620718494e+00 2.293824594100569936e+00 2.293808151620718494e+00 2.293824594100569936e+00 1.953732714892508104e+00 1.952898970026617720e+00 1.952080049741891754e+00
1.978770618083136590e+00 1.974458962985945920e+00 1.970582025476810495e+00 1.962794146511678495e+00 1.959588921790628602e+00 1.956663526342488302e+00 1.954015501856314563e+00 1.951586205899572768e+00 1.949374034337862271e+00 1.955940626335653576e+00 1.945469218353700569e+00 1.943746535451777113e+00 2.293824594100569936e+00 2.293808151620718494e+00 2.293824594100569936e+00 2.293824594100569936e+00 2.293808151620718494e+00 1.940101172683375452e+00 1.939111886755865655e+00 1.938137521624589743e+00 1.937247530009399199e+00
1.983185420754035588e+00 1.978966414112857786e+00 1.975113569030219285e+00 1.971678250276386990e+00 1.968586976391017096e+00 1.961553550411926139e+00 1.958963345619177510e+00 1.956606808991695257e+00 1.954439835827053829e+00 1.960969445190904104e+00 1.950655637033558376e+00 1.948980033782320875e+00 2.293808151620718494e+00 2.293824594100569936e+00 2.293808151620718494e+00 2.293824594100569936e+00 2.293824594100569936e+00 2.293824594100569936e+00 1.944628503932470664e+00 1.943704556907349890e+00 1.942823426133134079e+00
2.007182847188868635e+00 2.003377121433273178e+00 2.000000000000000000e+00 1.996919039196668244e+00 1.994202568248021556e+00 1.991720134867906111e+00 1.989455883815776316e+00 1.987394242234966857e+00 1.985533966813217921e+00 1.983817715492198985e+00 1.982244750591133364e+00 1.980856437429697081e+00 1.983631367824030045e+00 1.978295274700429207e+00 2.293808151620718494e+00 2.293824594100569936e+00 2.293808151620718494e+00 2.293808151620718494e+00 2.293824594100569936e+00 2.293824594100569936e+00 2.293824594100569936e+00
2.003721196507800340e+00 1.999571520388487844e+00 1.995794575715456709e+00 1.992457126592186878e+00 1.989399343498216677e+00 1.986548230553111694e+00 1.984014511648999335e+00 1.981697607100139313e+00 1.979554034755312886e+00 1.977610622594201395e+00 1.975796492961224837e+00 1.974138781956371380e+00 1.972608916192301054e+00 1.971192430621066194e+00 2.293824594100569936e+00 2.293824594100569936e+00 2.293824594100569936e+00 2.293808151620718494e+00 2.293808151620718494e+00 2.293808151620718494e+00 2.293824594100569936e+00
2.011277022200336884e+00 2.003850255133077241e+00 2.000543004529800939e+00 1.997574373974459361e+00 1.994827696757692559e+00 1.992386238303625268e+00 1.990177054680114743e+00 1.988156269082749672e+00 1.986336840163731132e+00 1.984647335256550793e+00 1.983143282102131755e+00 1.981697607100139313e+00 1.984652024345064492e+00 2.293824594100569936e+00 2.293824594100569936e+00 2.293824594100569936e+00 2.293808151620718494e+00 2.293808151620718494e+00 2.293808151620718494e+00 2.293824594100569936e+00 1.973164956590371055e+00
1.982441234777683192e+00 1.978393120844490927e+00 1.974695685289927560e+00 1.971372849971485541e+00 1.968393228727292943e+00 1.961468049864876217e+00 1.959005985851623111e+00 1.956748608534322642e+00 1.954680373561137996e+00 1.956988195167637112e+00 1.951092611862643267e+00 1.958054129318596903e+00 2.293824594100569936e+00 2.293824594100569936e+00 2.293824594100569936e+00 2.293824594100569936e+00 2.293808151620718494e+00 1.946535167402024369e+00 1.945651468966858921e+00 1.944768572539867568e+00 1.943984448124415065e+00
1.990728891164007308e+00 1.985984622804777500e+00 1.981599433828733048e+00 1.977736339492568884e+00 1.974110945035110865e+00 1.970901053728170593e+00 1.967922857423989091e+00 1.965174303942279765e+00 1.958451807578483139e+00 1.956124844234503168e+00 1.953987219476186699e+00 1.956208867215336600e+00 1.950134342588044856e+00 1.948417452047281451e+00 2.293824594100569936e+00 2.293824594100569936e+00 2.293824594100569936e+00 2.293824594100569936e+00 2.293808151620718494e+00 2.293808151620718494e+00 2.293824594100569936e+00
2.026709131048459511e+00 2.022405362263360207e+00 2.018512644539923073e+00 2.014982836664052090e+00 2.011768847759392465e+00 2.008838891120932058e+00 2.006204905170993147e+00 2.003692519070858769e+00 2.001386675053429709e+00 1.999328796761087101e+00 1.997374878730810988e+00 1.995566990471167479e+00 1.989859088497140327e+00 1.992372061251209470e+00 1.990898748577929256e+00 1.989583111281646666e+00 2.293824594100569936e+00 2.293808151620718494e+00 2.293824594100569936e+00 2.293824594100569936e+00 2.293808151620718494e+00
1.983564749220742440e+00 1.978854525922994378e+00 1.974681758877252058e+00 1.970845563133925893e+00 1.967438886429589973e+00 1.960101054098789319e+00 1.957202505219206579e+00 1.954553022680054486e+00 1.952136504952642682e+00 1.949894922329185487e+00 1.956337446472433905e+00 1.945931921211378368e+00 1.944180419942970639e+00 2.293808151620718494e+00 2.293808151620718494e+00 2.293824594100569936e+00 2.293824594100569936e+00 2.293808151620718494e+00 2.293824594100569936e+00 1.939139740155274572e+00 1.938151434232061154e+00
1.972664506129350181e+00 1.968448581310986656e+00 1.960399921584002891e+00 1.956932978669430501e+00 1.953803403959707641e+00 1.950965728035377156e+00 1.948389331485971709e+00 1.946044124748635751e+00 1.943900472295818416e+00 1.950571083867332245e+00 1.940129054510440820e+00 2.293808151620718494e+00 2.293824594100569936e+00 2.293824594100569936e+00 2.293824594100569936e+00 2.293824594100569936e+00 2.293824594100569936e+00 1.935192551658890148e+00 1.934194408029055623e+00 1.933294190092941456e+00 1.932482050214803015e+00
2.002818251396607963e+00 1.998658043884819824e+00 1.994884546056896912e+00 1.991550137274705756e+00 1.988452770695887217e+00 1.985674774838663836e+00 1.983129236282765717e+00 1.980814397690936257e+00 1.978686717358735692e+00 1.976731051620919111e+00 1.974946394312154574e+00 1.973331829842415397e+00 1.971747672633550774e+00 1.974506921743708787e+00 2.293824594100569936e+00 2.293808151620718494e+00 2.293824594100569936e+00 2.293824594100569936e+00 2.293808151620718494e+00 2.293824594100569936e+00 2.293824594100569936e+00
1.985069441982800553e+00 1.981108713340644423e+00 1.977512853833549800e+00 1.974250137492420620e+00 1.971345090998697591e+00 1.968697706467171793e+00 1.966305943159712966e+00 1.959916086555701265e+00 1.957912140505576382e+00 1.960276398972254919e+00 1.958644617924396369e+00 1.957083944922066054e+00 2.293808151620718494e+00 2.293824594100569936e+00 2.293824594100569936e+00 2.293824594100569936e+00 2.293824594100569936e+00 1.950204771501007350e+00 1.949317738791422894e+00 1.948459634411240371e+00 1.947700631199278609e+00
2.001644207742073966e+00 1.997716894977168867e+00 1.994273585846355390e+00 1.991082793489159286e+00 1.988255093128448170e+00 1.985688856739640462e+00 1.983353993270763116e+00 1.981220856594989144e+00 1.979288163149895530e+00 1.977512853833549800e+00 1.975935923220775603e+00 1.974375427487536694e+00 1.977225293837647779e+00 2.293808151620718494e+00 2.293808151620718494e+00 2.293824594100569936e+00 2.293808151620718494e+00 2.293824594100569936e+00 2.293824594100569936e+00 2.293824594100569936e+00 1.965174303942279765e+00
2.016448458137089617e+00 2.012318262506917588e+00 2.008608321377331141e+00 2.005227915637197267e+00 2.002188105572518584e+00 1.999428734647243466e+00 2.000904112228488074e+00 1.998593582293941351e+00 1.996509805081487121e+00 1.994533500775651946e+00 1.988650487574485259e+00 1.986900647871532755e+00 1.981331454737583320e+00 1.988188686470007571e+00 1.986798825581138406e+00 2.293808151620718494e+00 2.293808151620718494e+00 2.293824594100569936e+00 2.293824594100569936e+00 2.293824594100569936e+00 2.293824594100569936e+00
2.016521069044240555e+00 2.012188110842819455e+00 2.008248162094316225e+00 2.004696718025086977e+00 2.001486818779664389e+00 1.998486859948895855e+00 1.999851862824975957e+00 1.993336560640145860e+00 1.991054476672663442e+00 1.988961264979364429e+00 1.987027548717657410e+00 1.985238334952247996e+00 1.983550697430593424e+00 1.986141148430948355e+00 1.984797918167516828e+00 1.975113569030219285e+00 2.293824594100569936e+00 2.293824594100569936e+00 2.293824594100569936e+00 2.293824594100569936e+00 2.293808151620718494e+00
1.995026683481891716e+00 1.990842126219390940e+00 1.987168568670867774e+00 1.983719332053361928e+00 1.980744335424904801e+00 1.977987821246415034e+00 1.975461940609147371e+00 1.973178861616738278e+00 1.971081419741788077e+00 1.969154599734164179e+00 1.967438886429589973e+00 1.965739960685200849e+00 1.964264418051590244e+00 2.293824594100569936e+00 2.293824594100569936e+00 2.293824594100569936e+00 2.293808151620718494e+00 2.293824594100569936e+00 2.293824594100569936e+00 1.956408324155121337e+00 1.955614787344999161e+00
1.992570558346735909e+00 1.988353926999005372e+00 1.984633268123954464e+00 1.981122730553157574e+00 1.978141536026902569e+00 1.975350448334003417e+00 1.972789594944022395e+00 1.970484950421191206e+00 1.968351716332398471e+00 1.966402606888027149e+00 1.964650327324777512e+00 1.962956212055355198e+00 1.961443622506164441e+00 2.293824594100569936e+00 2.293824594100569936e+00 2.293824594100569936e+00 2.293824594100569936e+00 2.293824594100569936e+00 2.293824594100569936e+00 1.953478276598053842e+00 1.952672992362879167e+00
2.003162134512337378e+00 1.999100404817831800e+00 1.995481659385534456e+00 1.992173603699751050e+00 1.989243874194533523e+00 1.986534136460705424e+00 1.984098864812006369e+00 1.981837871506126225e+00 1.979805979014056749e+00 1.977931930885407086e+00 1.976256687511469323e+00 1.974612129760225265e+00 1.973151051759979735e+00 1.975951933139641126e+00 2.293824594100569936e+00 2.293824594100569936e+00 2.293824594100569936e+00 2.293808151620718494e+00 2.293824594100569936e+00 2.293824594100569936e+00 1.964736616141402603e+00
1.996719674819938728e+00 1.992343707751639936e+00 1.988495135288686821e+00 1.984999078393284710e+00 1.981739684337178620e+00 1.978840540788850744e+00 1.976186947285212936e+00 1.973763049745878240e+00 1.971539420226586126e+00 1.969473165928114389e+00 1.967646273418504288e+00 1.965877975145685186e+00 1.964264418051590244e+00 2.293824594100569936e+00 2.293824594100569936e+00 2.293808151620718494e+00 2.293808151620718494e+00 2.293824594100569936e+00 2.293824594100569936e+00 2.293824594100569936e+00 1.954920970509655076e+00
1.998515388568491868e+00 1.994088950610689803e+00 1.990021463802931212e+00 1.986421390920635188e+00 1.983087100018414262e+00 1.980057987412488396e+00 1.977303381894962797e+00 1.974779247891217393e+00 1.972456060019020185e+00 1.970332423227404428e+00 1.968351716332398471e+00 1.966582150457581335e+00 1.964857126817492583e+00 1.963286541670756780e+00 2.293824594100569936e+00 2.293808151620718494e+00 2.293824594100569936e+00 2.293808151620718494e+00 2.293808151620718494e+00 2.293824594100569936e+00 2.293824594100569936e+00
2.014994337171086780e+00 2.010788922633163001e+00 2.003291121127566132e+00 1.999800019998000167e+00 1.996676959060991408e+00 1.993819160602133156e+00 1.991167748771520696e+00 1.988763486302391303e+00 1.986562324845509320e+00 1.984534803779121503e+00 1.982679875091167609e+00 1.980940522260818737e+00 1.979330138128967631e+00 1.982029598308668428e+00 1.980619273626220478e+00 2.293824594100569936e+00 2.293808151620718494e+00 2.293824594100569936e+00 2.293824594100569936e+00 2.293808151620718494e+00 2.293808151620718494e+00
1.989667938632956101e+00 1.985224259440450334e+00 1.981304972367871731e+00 1.977764278751748206e+00 1.974458962985945920e+00 1.971511656562669357e+00 1.968808449000829741e+00 1.966333560398042080e+00 1.964099074769042996e+00 1.957784368179477985e+00 1.960098004900244772e+00 1.958343241617591435e+00 1.956701002110441845e+00 2.293824594100569936e+00 2.293824594100569936e+00 2.293824594100569936e+00 2.293808151620718494e+00 2.293824594100569936e+00 2.293808151620718494e+00 1.948108170509971426e+00 1.947223043581736368e+00
1.986294567484357732e+00 1.981950097327906279e+00 1.978071662710523260e+00 1.974556430001974228e+00 1.971386729751042122e+00 1.968490097791775861e+00 1.965850370703212890e+00 1.959233431778766299e+00 1.957018084296741955e+00 1.963522122349244947e+00 1.957357567284166100e+00 1.955635022629490960e+00 2.293824594100569936e+00 2.293824594100569936e+00 2.293824594100569936e+00 2.293824594100569936e+00 2.293808151620718494e+00 2.293824594100569936e+00 1.946731653856691890e+00 1.945777662472434999e+00 1.944866632571473408e+00
1.972456060019020185e+00 1.968102678728324229e+00 1.968259985274499524e+00 1.956323271552161236e+00 1.953068487601631986e+00 1.950120257415874025e+00 1.947447761516989617e+00 1.945006735486287441e+00 1.942767508292738921e+00 1.949345886158200258e+00 1.938819474364498197e+00 1.945693531649947960e+00 2.293824594100569936e+00 2.293824594100569936e+00 2.293824594100569936e+00 2.293808151620718494e+00 2.293824594100569936e+00 1.933377252026465376e+00 1.932353320069278402e+00 1.931391047259652938e+00 1.930487596617191492e+00
1.986449576105849157e+00 1.981992185287954733e+00 1.978057688639590639e+00 1.974486809722936886e+00 1.971164676728993204e+00 1.968227189652748788e+00 1.965505380570979010e+00 1.958821224916205805e+00 1.956550094928911632e+00 1.954453983466766909e+00 1.956742024529158686e+00 1.950754291659441364e+00 1.953356634087468624e+00 2.293808151620718494e+00 2.293808151620718494e+00 2.293824594100569936e+00 2.293808151620718494e+00 2.293824594100569936e+00 2.293824594100569936e+00 1.944754564771130845e+00 1.943858487102138710e+00
1.976256687511469323e+00 1.972122637854894167e+00 1.964279218653377290e+00 1.960940961151581119e+00 1.957940536620739191e+00 1.955218260290241039e+00 1.952729481875777218e+00 1.950486538030875350e+00 1.948431512632330831e+00 1.946549200833411319e+00 1.944838614410533850e+00 2.293824594100569936e+00 2.293824594100569936e+00 2.293824594100569936e+00 2.293824594100569936e+00 2.293824594100569936e+00 1.941356648787011308e+00 1.940393971842727439e+00 1.939446180368494588e+00 1.938596743157471547e+00 1.937803678956169451e+00
2.015345415808944995e+00 2.011335311146389415e+00 2.007729759574361061e+00 2.004467098104346423e+00 1.997514204545454586e+00 2.002878210168686834e+00 2.000385259383288705e+00 1.998209012662724104e+00 1.996185068535687224e+00 1.994253595196064488e+00 1.992619926199261871e+00 1.982771915137362173e+00 1.989565832522769417e+00 1.988144766392989649e+00 2.293824594100569936e+00 2.293808151620718494e+00 2.293808151620718494e+00 2.293808151620718494e+00 2.293824594100569936e+00 2.293808151620718494e+00 2.293824594100569936e+00
2.012714805252491690e+00 2.005141756360953931e+00 2.001601281024819823e+00 1.998472595944527974e+00 1.995581213028294387e+00 1.992981856747311209e+00 1.990615668989051512e+00 1.988452770695887217e+00 1.986477762090909316e+00 1.984689537850864438e+00 1.983030921117862722e+00 1.981487247714212918e+00 1.984301966663726935e+00 1.982932095592014887e+00 2.293808151620718494e+00 2.293808151620718494e+00 2.293824594100569936e+00 2.293808151620718494e+00 2.293808151620718494e+00 2.293808151620718494e+00 2.293824594100569936e+00
