1.933333333333333348e+00 1.933333333333333348e+00 1.933333333333333348e+00 1.933333333333333348e+00 1.933333333333333348e+00 1.899999999999999911e+00 1.899999999999999911e+00 1.899999999999999911e+00 1.899999999999999911e+00 1.899999999999999911e+00 1.899999999999999911e+00 1.899999999999999911e+00 2.233333333333333393e+00 2.233333333333333393e+00 2.233333333333333393e+00 2.233333333333333393e+00 2.233333333333333393e+00 1.866666666666666696e+00 1.866666666666666696e+00 1.899999999999999911e+00 1.899999999999999911e+00
1.933333333333333348e+00 1.933333333333333348e+00 1.933333333333333348e+00 1.933333333333333348e+00 1.933333333333333348e+00 1.933333333333333348e+00 1.933333333333333348e+00 1.933333333333333348e+00 1.933333333333333348e+00 1.933333333333333348e+00 1.899999999999999911e+00 1.899999999999999911e+00 1.866666666666666696e+00 2.233333333333333393e+00 2.233333333333333393e+00 2.233333333333333393e+00 2.233333333333333393e+00 2.233333333333333393e+00 2.233333333333333393e+00 1.866666666666666696e+00 1.866666666666666696e+00
1.899999999999999911e+00 1.899999999999999911e+00 1.933333333333333348e+00 1.933333333333333348e+00 1.933333333333333348e+00 1.933333333333333348e+00 1.933333333333333348e+00 1.933333333333333348e+00 1.933333333333333348e+00 1.933333333333333348e+00 1.899999999999999911e+00 1.899999999999999911e+00 2.233333333333333393e+00 2.233333333333333393e+00 2.233333333333333393e+00 2.233333333333333393e+00 2.233333333333333393e+00 2.233333333333333393e+00 1.866666666666666696e+00 1.866666666666666696e+00 1.866666666666666696e+00
1.899999999999999911e+00 1.899999999999999911e+00 1.933333333333333348e+00 1.933333333333333348e+00 1.933333333333333348e+00 1.933333333333333348e+00 1.933333333333333348e+00 1.933333333333333348e+00 1.933333333333333348e+00 1.933333333333333348e+00 1.899999999999999911e+00 1.899999999999999911e+00 2.233333333333333393e+00 2.233333333333333393e+00 2.233333333333333393e+00 2.233333333333333393e+00 2.233333333333333393e+00 2.233333333333333393e+00 2.233333333333333393e+00 1.866666666666666696e+00 1.866666666666666696e+00
1.933333333333333348e+00 1.933333333333333348e+00 1.933333333333333348e+00 1.933333333333333348e+00 1.933333333333333348e+00 1.933333333333333348e+00 1.899999999999999911e+00 1.899999999999999911e+00 1.899999999999999911e+00 1.899999999999999911e+00 1.899999999999999911e+00 1.899999999999999911e+00 1.899999999999999911e+00 2.233333333333333393e+00 2.233333333333333393e+00 2.233333333333333393e+00 2.233333333333333393e+00 2.233333333333333393e+00 2.233333333333333393e+00 1.866666666666666696e+00 1.866666666666666696e+00
1.899999999999999911e+00 1.933333333333333348e+00 1.933333333333333348e+00 1.933333333333333348e+00 1.933333333333333348e+00 1.933333333333333348e+00 1.933333333333333348e+00 1.933333333333333348e+00 1.899999999999999911e+00 1.899999999999999911e+00 1.933333333333333348e+00 1.933333333333333348e+00 1.899999999999999911e+00 1.866666666666666696e+00 2.233333333333333393e+00 2.233333333333333393e+00 2.233333333333333393e+00 2.233333333333333393e+00 2.233333333333333393e+00 2.233333333333333393e+00 1.866666666666666696e+00
1.933333333333333348e+00 1.933333333333333348e+00 1.933333333333333348e+00 1.933333333333333348e+00 1.933333333333333348e+00 1.933333333333333348e+00 1.933333333333333348e+00 1.899999999999999911e+00 1.899999999999999911e+00 1.899999999999999911e+00 1.933333333333333348e+00 1.899999999999999911e+00 1.933333333333333348e+00 2.233333333333333393e+00 2.233333333333333393e+00 2.233333333333333393e+00 2.233333333333333393e+00 2.233333333333333393e+00 2.233333333333333393e+00 1.866666666666666696e+00 1.866666666666666696e+00
1.933333333333333348e+00 1.933333333333333348e+00 1.899999999999999911e+00 1.899999999999999911e+00 1.899999999999999911e+00 1.899999999999999911e+00 1.899999999999999911e+00 1.899999999999999911e+00 1.899999999999999911e+00 1.899999999999999911e+00 1.899999999999999911e+00 1.899999999999999911e+00 2.233333333333333393e+00 2.233333333333333393e+00 2.233333333333333393e+00 2.233333333333333393e+00 2.233333333333333393e+00 2.233333333333333393e+00 2.233333333333333393e+00 1.899999999999999911e+00 1.866666666666666696e+00
1.933333333333333348e+00 1.933333333333333348e+00 1.933333333333333348e+00 1.933333333333333348e+00 1.933333333333333348e+00 1.933333333333333348e+00 1.933333333333333348e+00 1.933333333333333348e+00 1.933333333333333348e+00 1.933333333333333348e+00 1.933333333333333348e+00 1.933333333333333348e+00 1.933333333333333348e+00 1.899999999999999911e+00 2.233333333333333393e+00 2.233333333333333393e+00 2.233333333333333393e+00 2.233333333333333393e+00 2.233333333333333393e+00 2.233333333333333393e+00 1.866666666666666696e+00
1.933333333333333348e+00 1.933333333333333348e+00 1.899999999999999911e+00 1.899999999999999911e+00 1.899999999999999911e+00 1.933333333333333348e+00 1.933333333333333348e+00 1.933333333333333348e+00 1.933333333333333348e+00 1.933333333333333348e+00 1.933333333333333348e+00 1.899999999999999911e+00 1.899999999999999911e+00 1.899999999999999911e+00 2.233333333333333393e+00 2.233333333333333393e+00 2.233333333333333393e+00 2.233333333333333393e+00 2.233333333333333393e+00 2.233333333333333393e+00 2.233333333333333393e+00
1.933333333333333348e+00 1.966666666666666563e+00 1.933333333333333348e+00 1.933333333333333348e+00 1.933333333333333348e+00 1.899999999999999911e+00 1.899999999999999911e+00 1.899999999999999911e+00 1.899999999999999911e+00 1.899999999999999911e+00 1.899999999999999911e+00 1.899999999999999911e+00 1.866666666666666696e+00 1.866666666666666696e+00 1.866666666666666696e+00 2.233333333333333393e+00 2.233333333333333393e+00 2.233333333333333393e+00 2.233333333333333393e+00 2.233333333333333393e+00 2.233333333333333393e+00
1.933333333333333348e+00 1.899999999999999911e+00 1.899999999999999911e+00 1.899999999999999911e+00 1.899999999999999911e+00 1.933333333333333348e+00 1.933333333333333348e+00 1.933333333333333348e+00 1.933333333333333348e+00 1.933333333333333348e+00 1.933333333333333348e+00 1.899999999999999911e+00 1.899999999999999911e+00 1.866666666666666696e+00 2.233333333333333393e+00 2.233333333333333393e+00 2.233333333333333393e+00 2.233333333333333393e+00 2.233333333333333393e+00 2.233333333333333393e+00 2.233333333333333393e+00
1.933333333333333348e+00 1.966666666666666563e+00 1.966666666666666563e+00 1.933333333333333348e+00 1.933333333333333348e+00 1.933333333333333348e+00 1.899999999999999911e+00 1.899999999999999911e+00 1.899999999999999911e+00 1.899999999999999911e+00 1.899999999999999911e+00 1.899999999999999911e+00 1.899999999999999911e+00 1.866666666666666696e+00 1.866666666666666696e+00 1.866666666666666696e+00 2.233333333333333393e+00 2.233333333333333393e+00 2.233333333333333393e+00 2.233333333333333393e+00 2.233333333333333393e+00
1.933333333333333348e+00 1.933333333333333348e+00 1.933333333333333348e+00 1.933333333333333348e+00 1.933333333333333348e+00 1.933333333333333348e+00 1.933333333333333348e+00 1.933333333333333348e+00 1.933333333333333348e+00 1.933333333333333348e+00 1.899999999999999911e+00 1.899999999999999911e+00 2.233333333333333393e+00 2.233333333333333393e+00 2.233333333333333393e+00 2.233333333333333393e+00 2.233333333333333393e+00 1.933333333333333348e+00 1.866666666666666696e+00 1.866666666666666696e+00 1.866666666666666696e+00
1.966666666666666563e+00 1.966666666666666563e+00 1.933333333333333348e+00 1.933333333333333348e+00 1.933333333333333348e+00 1.899999999999999911e+00 1.899999999999999911e+00 1.899999999999999911e+00 1.899999999999999911e+00 1.899999999999999911e+00 1.899999999999999911e+00 1.899999999999999911e+00 1.866666666666666696e+00 1.866666666666666696e+00 2.233333333333333393e+00 2.233333333333333393e+00 2.233333333333333393e+00 2.233333333333333393e+00 2.233333333333333393e+00 2.233333333333333393e+00 2.233333333333333393e+00
1.933333333333333348e+00 1.933333333333333348e+00 1.933333333333333348e+00 1.933333333333333348e+00 1.933333333333333348e+00 1.933333333333333348e+00 1.899999999999999911e+00 1.899999999999999911e+00 1.899999999999999911e+00 1.899999999999999911e+00 1.933333333333333348e+00 1.899999999999999911e+00 1.933333333333333348e+00 2.233333333333333393e+00 2.233333333333333393e+00 2.233333333333333393e+00 2.233333333333333393e+00 2.233333333333333393e+00 2.233333333333333393e+00 2.233333333333333393e+00 1.933333333333333348e+00
1.933333333333333348e+00 1.933333333333333348e+00 1.933333333333333348e+00 1.933333333333333348e+00 1.933333333333333348e+00 1.933333333333333348e+00 1.933333333333333348e+00 1.933333333333333348e+00 1.933333333333333348e+00 1.933333333333333348e+00 1.899999999999999911e+00 1.899999999999999911e+00 2.233333333333333393e+00 2.233333333333333393e+00 2.233333333333333393e+00 2.233333333333333393e+00 2.233333333333333393e+00 2.233333333333333393e+00 1.866666666666666696e+00 1.866666666666666696e+00 1.866666666666666696e+00
1.933333333333333348e+00 1.933333333333333348e+00 1.933333333333333348e+00 1.933333333333333348e+00 1.933333333333333348e+00 1.899999999999999911e+00 1.899999999999999911e+00 1.899999999999999911e+00 1.899999999999999911e+00 1.899999999999999911e+00 1.899999999999999911e+00 1.899999999999999911e+00 2.233333333333333393e+00 2.233333333333333393e+00 2.233333333333333393e+00 2.233333333333333393e+00 2.233333333333333393e+00 1.866666666666666696e+00 1.866666666666666696e+00 1.899999999999999911e+00 1.899999999999999911e+00
1.933333333333333348e+00 1.933333333333333348e+00 1.933333333333333348e+00 1.899999999999999911e+00 1.899999999999999911e+00 1.899999999999999911e+00 1.899999999999999911e+00 1.899999999999999911e+00 1.899999999999999911e+00 1.899999999999999911e+00 1.899999999999999911e+00 1.899999999999999911e+00 1.899999999999999911e+00 1.866666666666666696e+00 2.233333333333333393e+00 2.233333333333333393e+00 2.233333333333333393e+00 2.233333333333333393e+00 2.233333333333333393e+00 2.233333333333333393e+00 2.233333333333333393e+00
1.933333333333333348e+00 1.899999999999999911e+00 1.899999999999999911e+00 1.899999999999999911e+00 1.866666666666666696e+00 1.866666666666666696e+00 1.866666666666666696e+00 1.866666666666666696e+00 1.866666666666666696e+00 1.866666666666666696e+00 2.233333333333333393e+00 2.233333333333333393e+00 2.233333333333333393e+00 2.233333333333333393e+00 2.233333333333333393e+00 1.866666666666666696e+00 1.866666666666666696e+00 1.866666666666666696e+00 1.866666666666666696e+00 1.866666666666666696e+00 1.833333333333333259e+00
1.966666666666666563e+00 1.933333333333333348e+00 1.933333333333333348e+00 1.933333333333333348e+00 1.899999999999999911e+00 1.899999999999999911e+00 1.899999999999999911e+00 1.899999999999999911e+00 1.899999999999999911e+00 1.899999999999999911e+00 1.899999999999999911e+00 1.899999999999999911e+00 1.866666666666666696e+00 1.866666666666666696e+00 2.233333333333333393e+00 2.233333333333333393e+00 2.233333333333333393e+00 2.233333333333333393e+00 2.233333333333333393e+00 2.233333333333333393e+00 2.233333333333333393e+00
1.933333333333333348e+00 1.933333333333333348e+00 1.933333333333333348e+00 1.933333333333333348e+00 1.933333333333333348e+00 1.933333333333333348e+00 1.933333333333333348e+00 1.933333333333333348e+00 1.933333333333333348e+00 1.933333333333333348e+00 1.933333333333333348e+00 1.899999999999999911e+00 2.233333333333333393e+00 2.233333333333333393e+00 2.233333333333333393e+00 2.233333333333333393e+00 2.233333333333333393e+00 2.233333333333333393e+00 1.866666666666666696e+00 1.866666666666666696e+00 1.866666666666666696e+00
1.933333333333333348e+00 1.933333333333333348e+00 1.933333333333333348e+00 1.899999999999999911e+00 1.899999999999999911e+00 1.899999999999999911e+00 1.899999999999999911e+00 1.866666666666666696e+00 1.866666666666666696e+00 1.899999999999999911e+00 1.899999999999999911e+00 1.899999999999999911e+00 2.233333333333333393e+00 2.233333333333333393e+00 2.233333333333333393e+00 2.233333333333333393e+00 2.233333333333333393e+00 1.866666666666666696e+00 1.866666666666666696e+00 1.866666666666666696e+00 1.866666666666666696e+00
1.933333333333333348e+00 1.933333333333333348e+00 1.933333333333333348e+00 1.933333333333333348e+00 1.933333333333333348e+00 1.899999999999999911e+00 1.899999999999999911e+00 1.899999999999999911e+00 1.899999999999999911e+00 1.899999999999999911e+00 1.899999999999999911e+00 1.899999999999999911e+00 2.233333333333333393e+00 2.233333333333333393e+00 2.233333333333333393e+00 2.233333333333333393e+00 2.233333333333333393e+00 2.233333333333333393e+00 1.866666666666666696e+00 1.866666666666666696e+00 1.899999999999999911e+00
1.933333333333333348e+00 1.933333333333333348e+00 1.933333333333333348e+00 1.899999999999999911e+00 1.899999999999999911e+00 1.899999999999999911e+00 1.899999999999999911e+00 1.899999999999999911e+00 1.899999999999999911e+00 1.899999999999999911e+00 1.899999999999999911e+00 1.899999999999999911e+00 1.866666666666666696e+00 1.899999999999999911e+00 2.233333333333333393e+00 2.233333333333333393e+00 2.233333333333333393e+00 2.233333333333333393e+00 2.233333333333333393e+00 2.233333333333333393e+00 2.233333333333333393e+00
1.933333333333333348e+00 1.933333333333333348e+00 1.899999999999999911e+00 1.899999999999999911e+00 1.899999999999999911e+00 1.933333333333333348e+00 1.933333333333333348e+00 1.933333333333333348e+00 1.933333333333333348e+00 1.933333333333333348e+00 1.933333333333333348e+00 1.899999999999999911e+00 1.899999999999999911e+00 1.899999999999999911e+00 2.233333333333333393e+00 2.233333333333333393e+00 2.233333333333333393e+00 2.233333333333333393e+00 2.233333333333333393e+00 2.233333333333333393e+00 2.233333333333333393e+00
1.933333333333333348e+00 1.933333333333333348e+00 1.933333333333333348e+00 1.933333333333333348e+00 1.899999999999999911e+00 1.899999999999999911e+00 1.899999999999999911e+00 1.899999999999999911e+00 1.899999999999999911e+00 1.899999999999999911e+00 1.899999999999999911e+00 1.899999999999999911e+00 1.866666666666666696e+00 2.233333333333333393e+00 2.233333333333333393e+00 2.233333333333333393e+00 2.233333333333333393e+00 2.233333333333333393e+00 2.233333333333333393e+00 2.233333333333333393e+00 1.933333333333333348e+00
1.933333333333333348e+00 1.933333333333333348e+00 1.933333333333333348e+00 1.933333333333333348e+00 1.933333333333333348e+00 1.899999999999999911e+00 1.899999999999999911e+00 1.899999999999999911e+00 1.899999999999999911e+00 1.899999999999999911e+00 1.899999999999999911e+00 1.899999999999999911e+00 2.233333333333333393e+00 2.233333333333333393e+00 2.233333333333333393e+00 2.233333333333333393e+00 2.233333333333333393e+00 1.866666666666666696e+00 1.866666666666666696e+00 1.899999999999999911e+00 1.899999999999999911e+00
1.933333333333333348e+00 1.933333333333333348e+00 1.933333333333333348e+00 1.933333333333333348e+00 1.933333333333333348e+00 1.933333333333333348e+00 1.933333333333333348e+00 1.899999999999999911e+00 1.899999999999999911e+00 1.899999999999999911e+00 1.899999999999999911e+00 1.933333333333333348e+00 1.899999999999999911e+00 1.899999999999999911e+00 2.233333333333333393e+00 2.233333333333333393e+00 2.233333333333333393e+00 2.233333333333333393e+00 2.233333333333333393e+00 2.233333333333333393e+00 2.233333333333333393e+00
1.933333333333333348e+00 1.933333333333333348e+00 1.933333333333333348e+00 1.933333333333333348e+00 1.933333333333333348e+00 1.933333333333333348e+00 1.933333333333333348e+00 1.933333333333333348e+00 1.933333333333333348e+00 1.933333333333333348e+00 1.933333333333333348e+00 1.899999999999999911e+00 1.899999999999999911e+00 1.933333333333333348e+00 1.933333333333333348e+00 1.933333333333333348e+00 2.233333333333333393e+00 2.233333333333333393e+00 2.233333333333333393e+00 2.233333333333333393e+00 2.233333333333333393e+00
1.933333333333333348e+00 1.933333333333333348e+00 1.933333333333333348e+00 1.933333333333333348e+00 1.899999999999999911e+00 1.899999999999999911e+00 1.899999999999999911e+00 1.899999999999999911e+00 1.866666666666666696e+00 1.866666666666666696e+00 1.899999999999999911e+00 1.899999999999999911e+00 1.899999999999999911e+00 2.233333333333333393e+00 2.233333333333333393e+00 2.233333333333333393e+00 2.233333333333333393e+00 2.233333333333333393e+00 2.233333333333333393e+00 1.866666666666666696e+00 1.866666666666666696e+00
1.933333333333333348e+00 1.899999999999999911e+00 1.899999999999999911e+00 1.899999999999999911e+00 1.866666666666666696e+00 1.866666666666666696e+00 1.866666666666666696e+00 1.866666666666666696e+00 1.866666666666666696e+00 1.866666666666666696e+00 1.866666666666666696e+00 2.233333333333333393e+00 2.233333333333333393e+00 2.233333333333333393e+00 2.233333333333333393e+00 2.233333333333333393e+00 2.233333333333333393e+00 1.866666666666666696e+00 1.866666666666666696e+00 1.833333333333333259e+00 1.866666666666666696e+00
1.933333333333333348e+00 1.933333333333333348e+00 1.899999999999999911e+00 1.899999999999999911e+00 1.899999999999999911e+00 1.933333333333333348e+00 1.933333333333333348e+00 1.933333333333333348e+00 1.933333333333333348e+00 1.933333333333333348e+00 1.933333333333333348e+00 1.899999999999999911e+00 1.899999999999999911e+00 1.899999999999999911e+00 2.233333333333333393e+00 2.233333333333333393e+00 2.233333333333333393e+00 2.233333333333333393e+00 2.233333333333333393e+00 2.233333333333333393e+00 2.233333333333333393e+00
1.933333333333333348e+00 1.933333333333333348e+00 1.933333333333333348e+00 1.933333333333333348e+00 1.933333333333333348e+00 1.933333333333333348e+00 1.899999999999999911e+00 1.899999999999999911e+00 1.899999999999999911e+00 1.933333333333333348e+00 1.933333333333333348e+00 1.899999999999999911e+00 2.233333333333333393e+00 2.233333333333333393e+00 2.233333333333333393e+00 2.233333333333333393e+00 2.233333333333333393e+00 1.866666666666666696e+00 1.866666666666666696e+00 1.899999999999999911e+00 1.899999999999999911e+00
1.933333333333333348e+00 1.899999999999999911e+00 1.899999999999999911e+00 1.899999999999999911e+00 1.899999999999999911e+00 1.933333333333333348e+00 1.933333333333333348e+00 1.933333333333333348e+00 1.933333333333333348e+00 1.933333333333333348e+00 1.899999999999999911e+00 1.899999999999999911e+00 1.866666666666666696e+00 2.233333333333333393e+00 2.233333333333333393e+00 2.233333333333333393e+00 2.233333333333333393e+00 2.233333333333333393e+00 2.233333333333333393e+00 2.233333333333333393e+00 1.899999999999999911e+00
1.933333333333333348e+00 1.933333333333333348e+00 1.933333333333333348e+00 1.966666666666666563e+00 1.933333333333333348e+00 1.899999999999999911e+00 1.933333333333333348e+00 1.933333333333333348e+00 1.933333333333333348e+00 1.899999999999999911e+00 1.899999999999999911e+00 1.899999999999999911e+00 1.899999999999999911e+00 1.899999999999999911e+00 1.899999999999999911e+00 2.233333333333333393e+00 2.233333333333333393e+00 2.233333333333333393e+00 2.233333333333333393e+00 2.233333333333333393e+00 2.233333333333333393e+00
1.933333333333333348e+00 1.933333333333333348e+00 1.966666666666666563e+00 1.966666666666666563e+00 1.933333333333333348e+00 1.933333333333333348e+00 1.933333333333333348e+00 1.933333333333333348e+00 1.899999999999999911e+00 1.899999999999999911e+00 1.899999999999999911e+00 1.899999999999999911e+00 1.899999999999999911e+00 1.866666666666666696e+00 1.866666666666666696e+00 1.899999999999999911e+00 2.233333333333333393e+00 2.233333333333333393e+00 2.233333333333333393e+00 2.233333333333333393e+00 2.233333333333333393e+00
1.899999999999999911e+00 1.933333333333333348e+00 1.933333333333333348e+00 1.933333333333333348e+00 1.933333333333333348e+00 1.933333333333333348e+00 1.933333333333333348e+00 1.933333333333333348e+00 1.933333333333333348e+00 1.933333333333333348e+00 1.933333333333333348e+00 1.899999999999999911e+00 1.899999999999999911e+00 2.233333333333333393e+00 2.233333333333333393e+00 2.233333333333333393e+00 2.233333333333333393e+00 2.233333333333333393e+00 2.233333333333333393e+00 1.866666666666666696e+00 1.866666666666666696e+00
1.933333333333333348e+00 1.933333333333333348e+00 1.933333333333333348e+00 1.933333333333333348e+00 1.933333333333333348e+00 1.933333333333333348e+00 1.933333333333333348e+00 1.933333333333333348e+00 1.933333333333333348e+00 1.933333333333333348e+00 1.933333333333333348e+00 1.933333333333333348e+00 1.899999999999999911e+00 2.233333333333333393e+00 2.233333333333333393e+00 2.233333333333333393e+00 2.233333333333333393e+00 2.233333333333333393e+00 2.233333333333333393e+00 1.866666666666666696e+00 1.866666666666666696e+00
1.933333333333333348e+00 1.933333333333333348e+00 1.899999999999999911e+00 1.899999999999999911e+00 1.899999999999999911e+00 1.899999999999999911e+00 1.899999999999999911e+00 1.933333333333333348e+00 1.933333333333333348e+00 1.933333333333333348e+00 1.899999999999999911e+00 1.899999999999999911e+00 1.899999999999999911e+00 1.866666666666666696e+00 2.233333333333333393e+00 2.233333333333333393e+00 2.233333333333333393e+00 2.233333333333333393e+00 2.233333333333333393e+00 2.233333333333333393e+00 1.899999999999999911e+00
1.899999999999999911e+00 1.899999999999999911e+00 1.933333333333333348e+00 1.933333333333333348e+00 1.933333333333333348e+00 1.933333333333333348e+00 1.933333333333333348e+00 1.933333333333333348e+00 1.933333333333333348e+00 1.933333333333333348e+00 1.899999999999999911e+00 1.899999999999999911e+00 1.899999999999999911e+00 2.233333333333333393e+00 2.233333333333333393e+00 2.233333333333333393e+00 2.233333333333333393e+00 2.233333333333333393e+00 2.233333333333333393e+00 2.233333333333333393e+00 1.866666666666666696e+00
1.899999999999999911e+00 1.899999999999999911e+00 1.933333333333333348e+00 1.933333333333333348e+00 1.933333333333333348e+00 1.933333333333333348e+00 1.933333333333333348e+00 1.933333333333333348e+00 1.933333333333333348e+00 1.933333333333333348e+00 1.933333333333333348e+00 1.933333333333333348e+00 1.899999999999999911e+00 1.899999999999999911e+00 2.233333333333333393e+00 2.233333333333333393e+00 2.233333333333333393e+00 2.233333333333333393e+00 2.233333333333333393e+00 2.233333333333333393e+00 2.233333333333333393e+00
1.966666666666666563e+00 1.933333333333333348e+00 1.933333333333333348e+00 1.933333333333333348e+00 1.933333333333333348e+00 1.899999999999999911e+00 1.899999999999999911e+00 1.899999999999999911e+00 1.899999999999999911e+00 1.899999999999999911e+00 1.899999999999999911e+00 1.899999999999999911e+00 1.899999999999999911e+00 1.866666666666666696e+00 1.866666666666666696e+00 2.233333333333333393e+00 2.233333333333333393e+00 2.233333333333333393e+00 2.233333333333333393e+00 2.233333333333333393e+00 2.233333333333333393e+00
1.933333333333333348e+00 1.933333333333333348e+00 1.933333333333333348e+00 1.933333333333333348e+00 1.933333333333333348e+00 1.933333333333333348e+00 1.933333333333333348e+00 1.933333333333333348e+00 1.899999999999999911e+00 1.899999999999999911e+00 1.933333333333333348e+00 1.933333333333333348e+00 1.933333333333333348e+00 2.233333333333333393e+00 2.233333333333333393e+00 2.233333333333333393e+00 2.233333333333333393e+00 2.233333333333333393e+00 2.233333333333333393e+00 1.866666666666666696e+00 1.866666666666666696e+00
1.933333333333333348e+00 1.933333333333333348e+00 1.933333333333333348e+00 1.933333333333333348e+00 1.933333333333333348e+00 1.933333333333333348e+00 1.899999999999999911e+00 1.899999999999999911e+00 1.899999999999999911e+00 1.899999999999999911e+00 1.899999999999999911e+00 1.899999999999999911e+00 2.233333333333333393e+00 2.233333333333333393e+00 2.233333333333333393e+00 2.233333333333333393e+00 2.233333333333333393e+00 2.233333333333333393e+00 1.866666666666666696e+00 1.866666666666666696e+00 1.899999999999999911e+00
1.933333333333333348e+00 1.899999999999999911e+00 1.899999999999999911e+00 1.866666666666666696e+00 1.866666666666666696e+00 1.866666666666666696e+00 1.866666666666666696e+00 1.866666666666666696e+00 1.866666666666666696e+00 1.866666666666666696e+00 1.866666666666666696e+00 1.866666666666666696e+00 2.233333333333333393e+00 2.233333333333333393e+00 2.233333333333333393e+00 2.233333333333333393e+00 2.233333333333333393e+00 1.866666666666666696e+00 1.833333333333333259e+00 1.866666666666666696e+00 1.866666666666666696e+00
1.933333333333333348e+00 1.933333333333333348e+00 1.933333333333333348e+00 1.933333333333333348e+00 1.933333333333333348e+00 1.933333333333333348e+00 1.899999999999999911e+00 1.899999999999999911e+00 1.899999999999999911e+00 1.899999999999999911e+00 1.899999999999999911e+00 1.899999999999999911e+00 1.899999999999999911e+00 2.233333333333333393e+00 2.233333333333333393e+00 2.233333333333333393e+00 2.233333333333333393e+00 2.233333333333333393e+00 2.233333333333333393e+00 1.866666666666666696e+00 1.866666666666666696e+00
1.933333333333333348e+00 1.933333333333333348e+00 1.899999999999999911e+00 1.899999999999999911e+00 1.899999999999999911e+00 1.899999999999999911e+00 1.866666666666666696e+00 1.866666666666666696e+00 1.866666666666666696e+00 1.899999999999999911e+00 1.899999999999999911e+00 2.233333333333333393e+00 2.233333333333333393e+00 2.233333333333333393e+00 2.233333333333333393e+00 2.233333333333333393e+00 1.866666666666666696e+00 1.899999999999999911e+00 1.866666666666666696e+00 1.866666666666666696e+00 1.866666666666666696e+00
1.933333333333333348e+00 1.933333333333333348e+00 1.966666666666666563e+00 1.966666666666666563e+00 1.933333333333333348e+00 1.899999999999999911e+00 1.933333333333333348e+00 1.933333333333333348e+00 1.933333333333333348e+00 1.899999999999999911e+00 1.899999999999999911e+00 1.899999999999999911e+00 1.899999999999999911e+00 1.899999999999999911e+00 2.233333333333333393e+00 2.233333333333333393e+00 2.233333333333333393e+00 2.233333333333333393e+00 2.233333333333333393e+00 2.233333333333333393e+00 2.233333333333333393e+00
1.966666666666666563e+00 1.933333333333333348e+00 1.933333333333333348e+00 1.933333333333333348e+00 1.899999999999999911e+00 1.899999999999999911e+00 1.899999999999999911e+00 1.899999999999999911e+00 1.899999999999999911e+00 1.899999999999999911e+00 1.899999999999999911e+00 1.899999999999999911e+00 1.866666666666666696e+00 1.866666666666666696e+00 2.233333333333333393e+00 2.233333333333333393e+00 2.233333333333333393e+00 2.233333333333333393e+00 2.233333333333333393e+00 2.233333333333333393e+00 2.233333333333333393e+00
