2.708201684640330065e+00 2.743310542753439663e+00 2.778607500850948320e+00 2.814047726249436998e+00 2.849656303648254951e+00 2.885393574721137444e+00 2.921292045739086962e+00 2.957329953527672028e+00 2.993521164907378296e+00 3.029823099646749895e+00 3.066266193718335309e+00 3.102849105000413221e+00 3.139564088968269662e+00 3.176400723666946924e+00 3.213412504366049305e+00 3.250538812140055800e+00 3.287862889122070698e+00 3.325389347669456708e+00 3.363167142543377341e+00 3.401195277197414768e+00 3.439586126534652344e+00
2.729735215684078842e+00 2.766114389468905976e+00 2.802690582959641130e+00 2.839433498389833055e+00 2.876325038760233710e+00 2.913389103924751034e+00 2.950577821490041774e+00 2.987937072655511450e+00 3.025399282347146279e+00 3.063021670878321334e+00 3.100711096411443712e+00 3.138556821827616083e+00 3.176466526257638812e+00 3.214512826604984941e+00 3.252676386983637702e+00 3.290947792964373786e+00 3.329379694945585388e+00 3.367998515331267040e+00 3.406847067330422085e+00 3.446020549534787314e+00 3.485558851269153102e+00
2.735114664422470199e+00 2.771829892799478223e+00 2.808732348872644558e+00 2.845799322560941480e+00 2.883019717042162533e+00 2.920418593331710611e+00 2.957954785548277510e+00 2.995634931956292046e+00 3.033436745949672275e+00 3.071381702941545999e+00 3.109409764928621644e+00 3.147535479719379747e+00 3.185772064934345060e+00 3.224110741195023611e+00 3.262552148772377869e+00 3.301079040211268634e+00 3.339780966031644205e+00 3.378663738491426649e+00 3.417754186748879430e+00 3.457169131628257119e+00 3.497006973443317790e+00
2.734385955071935381e+00 2.771023408220240736e+00 2.807805699845570491e+00 2.844772556964835886e+00 2.881905150175374519e+00 2.919200695047784233e+00 2.956622129612682226e+00 2.994204076394977765e+00 3.031910861820662273e+00 3.069753163938772289e+00 3.107691882708802478e+00 3.145753233135267113e+00 3.183897783038130314e+00 3.222145949202167792e+00 3.260515161395500350e+00 3.298991745647736451e+00 3.337621249521955047e+00 3.376469453287577860e+00 3.415538609527261293e+00 3.454923611638946568e+00 3.494706547435501687e+00
2.710950153272950747e+00 2.745956754701570635e+00 2.781138319914340684e+00 2.816465054709833105e+00 2.851955676435193876e+00 2.887588300337354585e+00 2.923345699549665166e+00 2.959267792597602753e+00 2.995314472361092051e+00 3.031513965633655161e+00 3.067848253069591191e+00 3.104326050814368188e+00 3.140944656555150871e+00 3.177717293690158318e+00 3.214647611726475063e+00 3.251756655497588522e+00 3.289036312360478664e+00 3.326564698218209326e+00 3.364344811013079806e+00 3.402423358677915566e+00 3.440866255635296689e+00
2.718452015836725355e+00 2.753284527246926849e+00 2.788253089732954493e+00 2.823363331568731205e+00 2.858636918249956249e+00 2.894029123815036186e+00 2.929575854578712502e+00 2.965292288171241797e+00 3.001116694584031297e+00 3.037079985642894719e+00 3.073205143427880870e+00 3.109495708895920973e+00 3.145951160855978035e+00 3.182573641217864235e+00 3.219394753786288366e+00 3.256429678816924689e+00 3.293672032607353195e+00 3.331205063431696534e+00 3.369040579750003594e+00 3.407249793131262194e+00 3.445875146801312905e+00
2.714856530274130986e+00 2.750042308343204844e+00 2.785398938763004040e+00 2.820914258311118417e+00 2.856585474611225806e+00 2.892395820840769627e+00 2.928341344608637709e+00 2.964433689754779166e+00 3.000676896881389499e+00 3.037038059608774265e+00 3.073570091368856172e+00 3.110226424483702790e+00 3.147007196156454967e+00 3.183947245531860482e+00 3.221062950773754707e+00 3.258345176609241278e+00 3.295843117867589100e+00 3.333541679688313941e+00 3.371497770683106854e+00 3.409786783944775745e+00 3.448445736243165083e+00
2.743117588307284915e+00 2.780152491364150880e+00 2.817397429124846031e+00 2.854795359913102626e+00 2.892355011886873495e+00 2.930078325996226418e+00 2.967932524399166105e+00 3.005941978329255360e+00 3.044076849103726445e+00 3.082311733800349618e+00 3.120665742024965272e+00 3.159114044016988476e+00 3.197664314761391235e+00 3.236312806847211565e+00 3.275055919837779772e+00 3.313933017128891212e+00 3.352938711074477052e+00 3.392200707516147773e+00 3.431661885217772934e+00 3.471498993265292210e+00 4.134142410695517356e+00
2.722513089005235809e+00 2.758015925774012445e+00 2.793666757460835814e+00 2.829474637296720108e+00 2.865452669885525161e+00 2.901574449564418234e+00 2.937823073102830751e+00 2.974214254094731835e+00 3.010761722715847188e+00 3.047429078014184167e+00 3.084277893438198692e+00 3.121231467688160066e+00 3.158338012352610580e+00 3.195598410537138445e+00 3.233040296063944830e+00 3.270634572695072073e+00 3.308451024585926437e+00 3.346486885954515156e+00 3.384810662153585614e+00 3.423461667499708927e+00 3.462531941857164064e+00
2.735997306094959836e+00 2.771695446104382121e+00 2.807529794909948695e+00 2.843509862124447896e+00 2.879638148884315907e+00 2.915917437880544583e+00 2.952320031491413310e+00 2.988850891094614326e+00 3.025548292676062179e+00 3.062403429891841444e+00 3.099387010124663888e+00 3.136544225273576014e+00 3.173858445913312121e+00 3.211348626799402250e+00 3.249046475490888319e+00 3.286966130261768093e+00 3.325135949568771121e+00 3.363605785401950765e+00 3.402376108376094610e+00 3.441567107046784368e+00 3.481204906451150549e+00
2.752507251797951415e+00 2.788816844453740007e+00 2.825297715746796889e+00 2.861909382176586636e+00 2.898673680042985090e+00 2.935564362248642034e+00 2.972569406039155204e+00 3.009771257384438847e+00 3.047091412742381600e+00 3.084558978169734456e+00 3.122161671207992484e+00 3.159979214358945132e+00 3.197953309881675477e+00 3.236112258668649044e+00 3.274485487758997504e+00 3.313109560391775066e+00 3.352025531261129565e+00 3.391238147968718142e+00 3.430814200826139526e+00 3.470872438496140244e+00 4.137645679608302096e+00
2.740361306098357819e+00 2.776775053452919195e+00 2.813374783721813710e+00 2.850111919029015617e+00 2.886978319496960932e+00 2.924017321321655594e+00 2.961187295096414651e+00 2.998521659089007141e+00 3.035969336709698929e+00 3.073570091368856172e+00 3.111280118920039861e+00 3.149165471150144668e+00 3.187171986883016839e+00 3.225308858380894872e+00 3.263639583087402762e+00 3.302123678290600495e+00 3.340826993882110685e+00 3.379758065651800258e+00 3.419018113818415028e+00 3.458651817521529281e+00 3.498705478972780281e+00
2.757606397646842122e+00 2.794135110403263234e+00 2.830836299813872081e+00 2.867654258816288326e+00 2.904624577273387409e+00 2.941712076428481648e+00 2.978932710759488955e+00 3.016337324719235102e+00 3.053880162966150280e+00 3.091537618391837938e+00 3.129389838523483736e+00 3.167389657784204005e+00 3.205597251548791160e+00 3.243974489936777061e+00 3.282581366112585108e+00 3.321437405038691004e+00 3.360560733562400149e+00 3.400038857586943575e+00 3.439877815539992056e+00 3.480197675227952647e+00 4.137617146285453629e+00
2.730729104670947205e+00 2.767508036417567485e+00 2.804478752567850730e+00 2.841598225733790617e+00 2.878910227153038459e+00 2.916403380250393695e+00 2.954022745975143582e+00 2.991783033111384604e+00 3.029662509687874650e+00 3.067655753248926143e+00 3.105782967886204116e+00 3.143951038202498438e+00 3.182201806937199784e+00 3.220521724519372242e+00 3.258898209022897063e+00 3.297360051109080370e+00 3.335927943956410680e+00 3.374655647382919899e+00 3.413563690828659958e+00 3.452746695228163354e+00 3.492289572434193801e+00
2.754626359655317991e+00 2.791658524329303948e+00 2.828814302485113341e+00 2.866130222626664725e+00 2.903620538275940799e+00 2.941238261308010138e+00 2.978973985936471447e+00 3.016887554286435513e+00 3.054919114073456399e+00 3.093080638018178341e+00 3.131415051668348770e+00 3.169856047189508974e+00 3.208436793795162334e+00 3.247201879231725652e+00 3.286115811111266272e+00 3.325220738057504732e+00 3.364575823119442255e+00 3.404196192858135017e+00 3.444155479018766730e+00 3.484511006955357093e+00 4.135677803127951080e+00
2.769335151863416389e+00 2.807608619358461066e+00 2.845996862461995569e+00 2.884601854587923953e+00 2.923325352191101789e+00 2.962210655494900813e+00 3.001263322468294970e+00 3.040416813504978499e+00 3.079701268976908768e+00 3.119108350892758175e+00 3.158581866932455462e+00 3.198153414028769514e+00 3.237806558280517333e+00 3.277545327754532334e+00 3.317391424543167933e+00 3.357394661742487685e+00 3.397587019830813571e+00 3.437985615468184708e+00 3.478744868851318728e+00 4.084034195133769529e+00 4.133626361513182523e+00
2.724491079038184882e+00 2.760866487328330621e+00 2.797437547206758524e+00 2.834212400024885614e+00 2.871128353442903069e+00 2.908184461985874325e+00 2.945425473722596887e+00 2.982817583362814773e+00 3.020299220341364332e+00 3.057929994737515589e+00 3.095655763079145473e+00 3.133486526007937645e+00 3.171407691353087532e+00 3.209376962254935961e+00 3.247471118235586651e+00 3.285633393220409815e+00 3.323927326218714118e+00 3.362382488163040861e+00 3.401030026236517401e+00 3.439924181262943303e+00 3.479180583389000603e+00
2.709179952068354602e+00 2.744507466467748458e+00 2.779997915001563236e+00 2.815672030521884306e+00 2.851479639739889382e+00 2.887466283549189328e+00 2.923569539189753819e+00 2.959830866807610761e+00 2.996244242681847414e+00 3.032767676210694763e+00 3.069453358261014841e+00 3.106233174570304012e+00 3.143160482789450150e+00 3.180199799509142888e+00 3.217345689805909625e+00 3.254678600488201567e+00 3.292113331001419674e+00 3.329772326817153072e+00 3.367628158869576893e+00 3.405781487839969923e+00 3.444252316083954657e+00
2.750721182669045639e+00 2.787728419497372379e+00 2.824918607032634199e+00 2.862249029627767616e+00 2.899739730677831862e+00 2.937371052907647773e+00 2.975160866256140402e+00 3.013082383278093523e+00 3.051148341284810606e+00 3.089323578560093875e+00 3.127621159778791959e+00 3.166081629843760847e+00 3.204659295950285536e+00 3.243370068524818794e+00 3.282214586999637085e+00 3.321226168435631898e+00 3.360468545328605838e+00 3.399968081932291941e+00 3.439759492016317921e+00 3.479955456570155814e+00 4.135193251364612799e+00
2.692934590036141884e+00 2.728207567628067931e+00 2.763664193541528924e+00 2.799336557235934997e+00 2.835153132844211665e+00 2.871148459383753071e+00 2.907298704175434345e+00 2.943608864467837538e+00 2.980068195048928281e+00 3.016633577236342401e+00 3.053305025172014187e+00 3.090082940635292985e+00 3.126932618076449621e+00 3.163860459997799079e+00 3.200846136717879986e+00 3.237895781090688541e+00 3.275010277957786542e+00 3.312238368405473921e+00 3.349569440761468897e+00 3.387088969841083319e+00 3.424821738028535290e+00
2.751225706324291309e+00 2.788039311354289840e+00 2.824998410938393434e+00 2.862109165032006519e+00 2.899350121277693759e+00 2.936754885851133867e+00 2.974296544282433175e+00 3.011984898047813441e+00 3.049815971331729880e+00 3.087784304230965837e+00 3.125865829313517086e+00 3.164099847985637481e+00 3.202517457201138562e+00 3.241066379797811869e+00 3.279786744078938554e+00 3.318716856963303652e+00 3.357864398242717652e+00 3.397280788723801237e+00 3.437040295860428252e+00 3.477220727017309443e+00 4.135934376507892196e+00
2.722399061819400057e+00 2.758562152527267219e+00 2.794876990476456324e+00 2.831357281897009415e+00 2.868035395753908645e+00 2.904825468403106292e+00 2.941794494641731372e+00 2.978912073599911281e+00 3.016146907397275090e+00 3.053519875638463166e+00 3.090994668034197090e+00 3.128584836792156931e+00 3.166277765158554747e+00 3.204056614287306815e+00 3.241960627422848074e+00 3.279969852191997326e+00 3.318107690244057384e+00 3.356440255363454028e+00 3.394974052698311873e+00 3.433782929978298704e+00 3.472945752587344614e+00
2.700954574208726644e+00 2.735939725143285983e+00 2.771080998697592168e+00 2.806387337580332542e+00 2.841854275257845952e+00 2.877475681821371367e+00 2.913227439827980270e+00 2.949148257895993108e+00 2.985219691342168691e+00 3.021402774069337216e+00 3.057712546576783375e+00 3.094144503424186343e+00 3.130717908402151028e+00 3.167411467406647585e+00 3.204257482986089478e+00 3.241200485490455474e+00 3.278322614845918803e+00 3.315603087038108576e+00 3.353102667812310589e+00 3.390839198101130325e+00 3.428908441286800723e+00
2.709123494352519312e+00 2.744507466467748458e+00 2.780055879123170204e+00 2.815790955679450036e+00 2.851677969048861172e+00 2.887710327438178126e+00 2.923915540611098596e+00 2.960248096983365773e+00 2.996724510418844467e+00 3.033311272887712295e+00 3.070053028188668431e+00 3.106898003990637758e+00 3.143885143396094595e+00 3.180969504183666086e+00 3.218178510962794725e+00 3.255530863848037360e+00 3.293039338099092550e+00 3.330696531912236136e+00 3.368600518351998030e+00 3.406752322153623336e+00 3.445245210054491025e+00
2.753167907945360149e+00 2.790684694489792950e+00 2.828374250480823360e+00 2.866230906358138597e+00 2.904263043252774512e+00 2.942454006641538555e+00 2.980770563850878574e+00 3.019238870945091691e+00 3.057827691409588766e+00 3.096519933847074135e+00 3.135320429747919579e+00 3.174230766576729756e+00 3.213210486242569441e+00 3.252302561015271376e+00 3.291477873565230361e+00 3.330788980639789010e+00 3.370245546461242192e+00 3.409929156982004272e+00 3.449878198177900757e+00 3.490186417015685549e+00 4.133910679502808883e+00
2.742943952511903483e+00 2.779457033068589933e+00 2.816147791436094394e+00 2.852987634734081013e+00 2.889990061253691955e+00 2.927114840472240687e+00 2.964385031267203541e+00 3.001787110465765629e+00 3.039366706500790549e+00 3.077052184007720292e+00 3.114898212048425652e+00 3.152850176559609974e+00 3.190968849052991274e+00 3.229219628158794819e+00 3.267633051760697516e+00 3.306240528998483974e+00 3.345040976751965545e+00 3.384118613357398608e+00 3.423485107839780550e+00 3.463251438980972541e+00 4.135791831811133079e+00
2.754606903468685530e+00 2.792301624421469342e+00 2.830155304772349112e+00 2.868175840165654300e+00 2.906353149587228124e+00 2.944723336231314548e+00 2.983231464072873873e+00 3.021848668629696810e+00 3.060614070477594595e+00 3.099451052780207494e+00 3.138403598702792952e+00 3.177453892381017830e+00 3.216558282637577371e+00 3.255738238645612626e+00 3.295028625561184477e+00 3.334421651511256801e+00 3.373981780498385152e+00 3.413730162047680317e+00 3.453720149990132438e+00 3.494084036146641647e+00 4.133592091527537704e+00
2.709499923578207348e+00 2.745144964770639184e+00 2.781002968720668989e+00 2.817000598612627194e+00 2.853186173877340526e+00 2.889541972359064292e+00 2.926021609740083296e+00 2.962649455084118255e+00 2.999421041984919434e+00 3.036325494092966704e+00 3.073355405613064306e+00 3.110462906001810524e+00 3.147689595836655752e+00 3.185006405401770380e+00 3.222416812609457004e+00 3.259949782901216508e+00 3.297586578822623959e+00 3.335371615987547944e+00 3.373354629068678445e+00 3.411567301868006830e+00 3.450072521932604275e+00
2.716369259058046381e+00 2.751070448565563709e+00 2.785903329154478136e+00 2.820914258311118417e+00 2.856068099809130789e+00 2.891355552107868654e+00 2.926794446229074698e+00 2.962356907581517707e+00 2.998061718237976070e+00 3.033917822198624936e+00 3.069924507765513511e+00 3.106104530771141459e+00 3.142436156172093042e+00 3.178947077441915070e+00 3.215636381430399204e+00 3.252538394094521390e+00 3.289680900952607789e+00 3.327095030151798749e+00 3.364806866952789743e+00 3.402872302008389305e+00 3.441349570884777886e+00
2.777777777777777679e+00 2.815117179252585977e+00 2.852570792458080984e+00 2.890193783968588281e+00 2.927931068137138659e+00 2.965787522508208873e+00 3.003821139915194394e+00 3.041993335269147281e+00 3.080304950190068780e+00 3.118784090042761914e+00 3.157407277472951357e+00 3.196242330755494354e+00 3.235243503699879231e+00 3.274508301226895401e+00 3.313955896770274023e+00 3.353735222604175004e+00 3.393821858983238293e+00 3.434301806442749960e+00 3.475190614205188933e+00 4.093356274629516456e+00 4.137731281938113348e+00
2.705890515506833793e+00 2.740496100063242402e+00 2.775233813448783060e+00 2.810172825628776128e+00 2.845246356696738310e+00 2.880447382656896593e+00 2.915795977590025068e+00 2.951303492375799031e+00 2.986940816893580930e+00 3.022719604094027623e+00 3.058647793150051530e+00 3.094719033897489258e+00 3.130935732325867527e+00 3.167324230718913558e+00 3.203878085473894632e+00 3.240597097252387648e+00 3.277522471949288807e+00 3.314691134259095673e+00 3.352119167836416391e+00 3.389877410963832105e+00 3.427968106184740016e+00
2.691961660798662503e+00 2.726796014682747238e+00 2.761863620590755186e+00 2.797062367318836174e+00 2.832450207597875025e+00 2.867995271305356919e+00 2.903680761040900560e+00 2.939509101979969063e+00 2.975510853694823155e+00 3.011626278190222994e+00 3.047851264858274511e+00 3.084213035005817893e+00 3.120655905132060148e+00 3.157230056830140796e+00 3.193912125756817932e+00 3.230684630189716522e+00 3.267587616538164319e+00 3.304624408782039335e+00 3.341850410421003392e+00 3.379258393585041098e+00 3.416943857520414518e+00
2.741536385108536145e+00 2.778009278550990224e+00 2.814681378068002449e+00 2.851479639739889382e+00 2.888442706682165184e+00 2.925544882734409491e+00 2.962795750504380710e+00 3.000174428745856936e+00 3.037709015091890397e+00 3.075374636546633678e+00 3.113174261658837594e+00 3.151106038219414707e+00 3.189182293659905465e+00 3.227401323921224030e+00 3.265771243147091774e+00 3.304328670558430936e+00 3.343083994985374119e+00 3.382091823793015983e+00 3.421405429560942846e+00 3.461117802605529814e+00 3.501228931354905871e+00
2.714762040665742671e+00 2.750759985611409331e+00 2.786932075497989381e+00 2.823263692828910099e+00 2.859773450142290674e+00 2.896441615507972411e+00 2.933268149596675478e+00 2.970228638530082232e+00 3.007329491411626421e+00 3.044561306393578359e+00 3.081879946767528189e+00 3.119324562254786493e+00 3.156853529011483417e+00 3.194466628240474115e+00 3.232128734999828001e+00 3.269929174725534349e+00 3.307812639979049951e+00 3.345857062198088538e+00 3.384094754653130366e+00 3.422547744541036163e+00 3.461333444096003298e+00
2.742808917645403355e+00 2.779824037138449278e+00 2.817000598612627194e+00 2.854358117516011983e+00 2.891865394245893395e+00 2.929544455837117312e+00 2.967338573331216534e+00 3.005290709458278364e+00 3.043382027445772131e+00 3.081577767817122560e+00 3.119886852103496366e+00 3.158293679201582993e+00 3.196819859200933589e+00 3.235421671818099920e+00 3.274143323882437340e+00 3.312995223765219599e+00 3.351978714935159864e+00 3.391214677730792548e+00 3.430672960807992222e+00 3.470462890340313411e+00 4.134281461881924358e+00
2.763585858943742757e+00 2.800798586673943547e+00 2.838155890904056289e+00 2.875639128330656380e+00 2.913288061761706516e+00 2.951075385923370487e+00 2.988996322839407416e+00 3.027081822725640858e+00 3.065283573563322594e+00 3.103619510041933260e+00 3.142128966937820067e+00 3.180793538840254620e+00 3.219597550306211975e+00 3.258575010979981368e+00 3.297745166742239942e+00 3.337157159244968252e+00 3.376841757060355498e+00 3.416800898130521347e+00 3.457169131628257119e+00 4.086495172394686293e+00 4.136219495381221911e+00
2.761316085728243941e+00 2.798102886243127418e+00 2.835015903747752475e+00 2.872053518265559102e+00 2.909252114402875566e+00 2.946582665675118395e+00 2.984059570156628372e+00 3.021678788517620617e+00 3.059443598461934144e+00 3.097360360670405655e+00 3.135429658377519857e+00 3.173639474555689954e+00 3.212066196494657966e+00 3.250682989245080368e+00 3.289519730119402130e+00 3.328594708921326806e+00 3.367975365665896170e+00 3.407676312476962899e+00 3.447742080747526305e+00 3.488324373127590583e+00 4.137360364087712128e+00
2.729238542446656979e+00 2.765408287715914515e+00 2.801748290933542496e+00 2.838234479703162005e+00 2.874893068001738605e+00 2.911692525269331089e+00 2.948630641888808412e+00 2.985717162318860307e+00 3.022953355126717589e+00 3.060302187048516309e+00 3.097786803428216995e+00 3.135364120286502576e+00 3.173114066552618961e+00 3.210967548286669970e+00 3.248952731194093779e+00 3.287104061321974857e+00 3.325412385775548429e+00 3.363929069152770346e+00 3.402730517631699758e+00 3.441833021929393333e+00 3.481336554730091404e+00
2.724833715275836621e+00 2.760788311247026616e+00 2.796909415096318074e+00 2.833182230281051428e+00 2.869601125443563383e+00 2.906192265376870587e+00 2.942948834732401764e+00 2.979820379199467517e+00 3.016845221808282407e+00 3.053964948811382918e+00 3.091255260403127814e+00 3.128671844039184968e+00 3.166190590907526303e+00 3.203855770771084188e+00 3.241625226741339016e+00 3.279580771887713020e+00 3.317686090424593282e+00 3.356009704461395682e+00 3.394574223404549951e+00 3.433452817491382092e+00 3.472752781674977918e+00
2.743445627018014754e+00 2.780171814618142889e+00 2.817119636028142970e+00 2.854199153486299601e+00 2.891416723672240341e+00 2.928788597249728287e+00 2.966335540838851426e+00 3.004010004051920646e+00 3.041804066338980483e+00 3.079744381216358740e+00 3.117790110369769607e+00 3.155967935365776356e+00 3.194275857663067431e+00 3.232728973505378356e+00 3.271294736695574912e+00 3.310048064656272437e+00 3.348961821835230612e+00 3.388155572810051197e+00 3.427592116538132228e+00 3.467430426008502042e+00 4.135136252739527229e+00
2.730021840174721603e+00 2.765878982156534160e+00 2.801905295601008650e+00 2.838096952160760633e+00 2.874409343933594041e+00 2.910905499532176144e+00 2.947513211175285530e+00 2.984266668517374654e+00 3.021190489573379434e+00 3.058212723587354631e+00 3.095400235250417964e+00 3.132723032475894787e+00 3.170183732822428269e+00 3.207810320781032232e+00 3.245587382261138298e+00 3.283567491284573592e+00 3.321719095644307451e+00 3.360145926337371414e+00 3.398859647905886128e+00 3.437920969914683322e+00 3.477414194804743452e+00
2.731589785255017944e+00 2.767272391845770674e+00 2.803083391730903706e+00 2.839079584247955257e+00 2.875215641173087811e+00 2.911470500564963704e+00 2.947885593963853079e+00 2.984453081621321502e+00 3.021148036253776592e+00 3.057995235216725671e+00 3.094973481704486051e+00 3.132112505481197129e+00 3.169419238374776793e+00 3.206893426565626370e+00 3.244534340289522589e+00 3.282375042775631968e+00 3.320475322509996996e+00 3.358810021592350203e+00 3.397469232102617642e+00 3.436496972446166698e+00 3.475987875754288581e+00
2.754140037428056242e+00 2.790857437277268094e+00 2.827734419183350223e+00 2.864728898826159664e+00 2.901875164094130710e+00 2.939159400411482270e+00 2.976602519728644314e+00 3.014180668587330469e+00 3.051910218350303516e+00 3.089757454039857798e+00 3.127799024695394614e+00 3.165950886466248448e+00 3.204279803285082995e+00 3.242788245927541002e+00 3.281481274611109278e+00 3.320381490639349398e+00 3.359593009304015609e+00 3.399048266485384051e+00 3.438884150870725520e+00 3.479132165272693644e+00 4.136590208690975601e+00
2.717997323818019062e+00 2.753381717545395180e+00 2.788933511825077982e+00 2.824639328865695465e+00 2.860511682748323459e+00 2.896523465372415451e+00 2.932674179898613342e+00 2.968977636003341747e+00 3.005416739472305032e+00 3.041993335269147281e+00 3.078688478708070608e+00 3.115545185790344007e+00 3.152518862571194180e+00 3.189679614403174934e+00 3.226980301688327835e+00 3.264432961049064108e+00 3.302100961736904594e+00 3.339990119195897389e+00 3.378116840616224525e+00 3.416586481473734338e+00 3.455425017277125033e+00
2.713326607993877815e+00 2.748704937096944523e+00 2.784255037761458773e+00 2.819959674576653530e+00 2.855829374643021445e+00 2.891844997108155013e+00 2.928006741556985038e+00 2.964290638356541940e+00 3.000739717232620229e+00 3.037310599523694421e+00 3.074042505624100308e+00 3.110871458791322652e+00 3.147843727046972351e+00 3.184938778399037052e+00 3.222191089941160325e+00 3.259588043553644177e+00 3.297178851345317074e+00 3.334931321258102876e+00 3.372959875544663699e+00 3.411258545550743815e+00 3.449926777064323602e+00
2.690246440733162991e+00 2.724814677668396801e+00 2.759557621685877482e+00 2.794466955428251964e+00 2.829534683021377006e+00 2.864748915238367832e+00 2.900131886950096938e+00 2.935646436334915510e+00 2.971316431379865897e+00 3.007098150284975180e+00 3.043024212790383931e+00 3.079076277116865157e+00 3.115243231268734370e+00 3.151547409778200581e+00 3.187962254526905514e+00 3.224522839226662718e+00 3.261193874506484125e+00 3.298039727636885576e+00 3.335116694343503330e+00 3.372396931118792462e+00 3.409952886977459130e+00
2.712628328186295068e+00 2.747833439019234714e+00 2.783208900702064170e+00 2.818707763425857049e+00 2.854397861290187244e+00 2.890214157819791296e+00 2.926167790743317898e+00 2.962294226347490955e+00 2.998542568844444922e+00 3.034922299091592279e+00 3.071446022826428202e+00 3.108099707838627435e+00 3.144917812814491676e+00 3.181871632230976132e+00 3.218944186306890831e+00 3.256199166129865485e+00 3.293672032607353195e+00 3.331320660434320402e+00 3.369225903158820756e+00 3.407439344102695333e+00 3.446020549534787314e+00
2.699304573900565885e+00 2.734635206675314567e+00 2.770159838222665094e+00 2.805875503303918883e+00 2.841736092820803972e+00 2.877778635652167516e+00 2.913955069588022084e+00 2.950308377470883148e+00 2.986774838853078151e+00 3.023378449639655408e+00 3.060106178567870039e+00 3.096934035305047406e+00 3.133835675585330716e+00 3.170861164533228305e+00 3.207922173018584733e+00 3.245116789681909086e+00 3.282397966310025783e+00 3.319818610761863464e+00 3.357383159640143333e+00 3.395162240252766139e+00 3.433193487918591913e+00
2.763232429295790382e+00 2.800630141781900839e+00 2.838175537695816431e+00 2.875881177006979428e+00 2.913732699712095364e+00 2.951739066266541922e+00 2.989869210604996219e+00 3.028126364417402350e+00 3.066544004906470278e+00 3.105097189542032510e+00 3.143797287950872654e+00 3.182620126612930367e+00 3.221581796662160713e+00 3.260700058125522549e+00 3.300012375046406987e+00 3.339525369956794609e+00 3.379287039399727632e+00 3.419328276449201454e+00 3.459728757265430055e+00 4.085844280856780308e+00 4.135563780732407935e+00
2.754412356717587773e+00 2.791697491659803188e+00 2.829194457608057434e+00 2.866832150473726415e+00 2.904624577273387409e+00 2.942557082104348076e+00 2.980646592358453972e+00 3.018857327398587476e+00 3.057211545142507259e+00 3.095692063067689848e+00 3.134315883319866991e+00 3.173004628448055531e+00 3.211841921519341003e+00 3.250817891948345917e+00 3.289911172398344963e+00 3.329171868497711184e+00 3.368600518351998030e+00 3.408316291751874338e+00 3.448324395839490464e+00 3.488706168853378031e+00 4.134708813131835470e+00
