3.371709948651667066e+00 3.446041876300880435e+00 3.518770224304352823e+00 3.593791034873595081e+00 3.670233025172258579e+00 3.747813775297742733e+00 3.826672603807191653e+00 3.906999698407040977e+00 3.989277940692734781e+00 4.074079189051085237e+00 4.162937368607289024e+00 4.820704236021678746e+00 4.826320440486711050e+00 4.967473257301504574e+00 5.036926113739236932e+00 5.105131678363090231e+00 5.172812785015177717e+00 5.240662092997930621e+00 5.309300805924634936e+00 5.379199051054116332e+00 5.451095394169398034e+00
3.412707809529115899e+00 3.491790799829600278e+00 3.572017365499807973e+00 3.653710929421335241e+00 3.737334588339515484e+00 3.823772742757427068e+00 3.914512540175259847e+00 4.012979914343635102e+00 4.131377814501136392e+00 4.619319787924959897e+00 4.702953177951448183e+00 4.781257470714797897e+00 4.855796521608295002e+00 4.927827854546947606e+00 4.998322480811234314e+00 5.068111306682372863e+00 5.137901270089193062e+00 5.208261948164087052e+00 5.279831045406546686e+00 5.353208836912433100e+00 5.429323777723483957e+00
3.423222020399608212e+00 3.503396921132353015e+00 3.584859241556250797e+00 3.668023143149794052e+00 3.753548809783795459e+00 3.842459173871277667e+00 3.936926296595594010e+00 4.042507999369642668e+00 4.196795299589264339e+00 4.612101603909959380e+00 4.694868094919185886e+00 4.772708408267161140e+00 4.847011919553255943e+00 4.919108001749015635e+00 4.989815308479951916e+00 5.059967452101253649e+00 5.130239684798072908e+00 5.201204489460717006e+00 5.273539161164835676e+00 5.347886899048350351e+00 5.425420809201514594e+00
3.421142661648990835e+00 3.501040014827933700e+00 3.582215354358361914e+00 3.665004736845744127e+00 3.750017045532024973e+00 3.838324297278216335e+00 3.931793725684959551e+00 4.035175599710579597e+00 4.173622704507512715e+00 4.614897163560220505e+00 4.698306536864433447e+00 4.776474823131983349e+00 4.851085344939497723e+00 4.923278903749897850e+00 4.993979859894920992e+00 5.064063876575582768e+00 5.134137909789773246e+00 5.204873405151454691e+00 5.276827872616004278e+00 5.350711713256731450e+00 5.427482055387454096e+00
3.374376773269426977e+00 3.448542814714721239e+00 3.521685989904500325e+00 3.596624706045095987e+00 3.673030943553137639e+00 3.750625104184030612e+00 3.829523537644215825e+00 3.909974550867397092e+00 3.992428153501979438e+00 4.077570597260424812e+00 4.167187565112306480e+00 4.834254143646409041e+00 4.849494901200078090e+00 4.902795274250109969e+00 5.053057099545225306e+00 5.121355359775213500e+00 5.188803254417400979e+00 5.256205434639777074e+00 5.324077275178736635e+00 5.393043656347065173e+00 5.463622518320208954e+00
3.383188373109291547e+00 3.457814661134163359e+00 3.532859052778142939e+00 3.608530009784667758e+00 3.685162008065637540e+00 3.763092425731189739e+00 3.842591004219988449e+00 3.924041763015906348e+00 4.008126822661119526e+00 4.096401993582303724e+00 4.195842676534922155e+00 4.869617700717411957e+00 4.949814381960676357e+00 4.930761003930718367e+00 5.095974180397485398e+00 5.164727628574535601e+00 5.231937923396275281e+00 5.298445110146523085e+00 5.364843299039081082e+00 5.431793646159381872e+00 5.499803093469492588e+00
3.381234150464919708e+00 3.456404371660249719e+00 3.531831497011792997e+00 3.606102635228848552e+00 3.681961860432803491e+00 3.759922016432251546e+00 3.839403247038174705e+00 3.920635142893149183e+00 4.004142216085605277e+00 4.091206633209687027e+00 4.236228784132893388e+00 4.829418055124357068e+00 4.905991528527304801e+00 4.910552914617760223e+00 5.048954388837716856e+00 5.117494917082750838e+00 5.185323460477464508e+00 5.253044692351290124e+00 5.321244203644706516e+00 5.390578088323597861e+00 5.461533735211190788e+00
3.437040295860428252e+00 3.518500274443021603e+00 3.601482148422620266e+00 3.686469266670839851e+00 3.774323417579959372e+00 3.866468740290675221e+00 3.966017492224518382e+00 4.082818944279900997e+00 4.251263379480111126e+00 4.607407611162305017e+00 4.690431519699812313e+00 4.768486523842431879e+00 4.843209615476442131e+00 4.915648831509309424e+00 4.986815679094995346e+00 5.057339292792606855e+00 5.127991906088451124e+00 5.199389755833919935e+00 5.272058773185076319e+00 5.346823781027001843e+00 5.424795383499128931e+00
3.394025101643980857e+00 3.470535156521135089e+00 3.547752046913803525e+00 3.625891655568184380e+00 3.704974271012007492e+00 3.785350007226577329e+00 3.867857414199180166e+00 3.955037468776020582e+00 4.049972542559032718e+00 4.160022186784996023e+00 4.740704097617280510e+00 4.823228669271209412e+00 4.900404455917064972e+00 4.973734593346097022e+00 5.044480043627936006e+00 5.113659607543671548e+00 5.182018396165305241e+00 5.250250423128734134e+00 5.318965219493661856e+00 5.388739580633278514e+00 5.460079990171855968e+00
3.413064374573366422e+00 3.490735860808619417e+00 3.569378928066516021e+00 3.649258098943092499e+00 3.730724589620295184e+00 3.814332179786813271e+00 3.900930063852065199e+00 3.992345709605033210e+00 4.092390927377401511e+00 4.215356335818781552e+00 4.428299602144956992e+00 4.840036784279559967e+00 4.920587190071348260e+00 4.996440891419810626e+00 5.068979217185209052e+00 5.139239118517706650e+00 5.208154874079149899e+00 5.276466275157437380e+00 5.344735435595938000e+00 5.413628638780767943e+00 5.483583521831516983e+00
3.439333594722686183e+00 3.519738694599312545e+00 3.601257669986286825e+00 3.684367852847738156e+00 3.769686138724449354e+00 3.858131011105905284e+00 3.951254003244187629e+00 4.052309129371685970e+00 4.167245450757049774e+00 4.304101877408246679e+00 4.741388196004865385e+00 4.829751267809707649e+00 4.911725379976533468e+00 4.988996869917031951e+00 5.062910078611941422e+00 5.134489392144915065e+00 5.204623897441515545e+00 5.274044849929451217e+00 5.343307507347047292e+00 5.413035136764785982e+00 5.483771463824244741e+00
3.425878667962440893e+00 3.505564223998680173e+00 3.586548334013136774e+00 3.669140451927336954e+00 3.753881855100159814e+00 3.841694257016330827e+00 3.934208982420297485e+00 4.035091380905669212e+00 4.157571977964868104e+00 4.346476249611921361e+00 4.716626450020848793e+00 4.798464491362763873e+00 4.875636922992404365e+00 4.949474118374922682e+00 5.021116201009725444e+00 5.091474532306782486e+00 5.161201527715652659e+00 5.230978260869565410e+00 5.301362042247776962e+00 5.373016574735939521e+00 5.446510441443118467e+00
3.447467490381565636e+00 3.528631314485736858e+00 3.611286659768183416e+00 3.695617955228273299e+00 3.782280715271308491e+00 3.872431056897076562e+00 3.967894857747488846e+00 4.071352171962875133e+00 4.186656234342935434e+00 4.326982513496064442e+00 4.737123947877904584e+00 4.825689211827074665e+00 4.907890643901426486e+00 4.985521499207779428e+00 5.059794462943843385e+00 5.131713992473486030e+00 5.202236961893612843e+00 5.272022676544292352e+00 5.341624264670633337e+00 5.411663161644323594e+00 5.482681579560562568e+00
3.418731859790131278e+00 3.498758283824760174e+00 3.580059070974670909e+00 3.662978346960072962e+00 3.748177969042826074e+00 3.836789932263216851e+00 3.931007372362949059e+00 4.036748329621381082e+00 4.211572849853975953e+00 4.606362280080577243e+00 4.687054220386647430e+00 4.763285424346601182e+00 4.836558857466609851e+00 4.907942004485313703e+00 4.978347597776792810e+00 5.048541039863007285e+00 5.119087972218570926e+00 5.190742483804883456e+00 5.264093413730395632e+00 5.340015198504795890e+00 5.420788724759451505e+00
3.449774729710150645e+00 3.532027175832623378e+00 3.615706070909558090e+00 3.701494992699828845e+00 3.790228102818550937e+00 3.883333564484140688e+00 3.983729609594497401e+00 4.096198172679051730e+00 4.230003001937614471e+00 4.618587401596514042e+00 4.707283136158165071e+00 4.789665270821358511e+00 4.867514482569498924e+00 4.942149767448158038e+00 5.014597286622016092e+00 5.085770837915108977e+00 5.156304785738348606e+00 5.226888213367078428e+00 5.298049231103624024e+00 5.370386735824556723e+00 5.444547285893177602e+00
3.484174877705461526e+00 3.570953444569699542e+00 3.660271550712026478e+00 3.752971102122513614e+00 3.850515969139864936e+00 3.955257022315976645e+00 4.071829838921170897e+00 4.212969038130824018e+00 4.502445174071457501e+00 4.591016910245619087e+00 4.673539518900343914e+00 4.751804308302572721e+00 4.827107950450756135e+00 4.900438278634779543e+00 4.972684295854278957e+00 5.044480043627936006e+00 5.116555125764924661e+00 5.189413596263622530e+00 5.263777591544710255e+00 5.340490503512398845e+00 5.421653672998791862e+00
3.406373394138256572e+00 3.485170599100825939e+00 3.551927791397369916e+00 3.646308113035551468e+00 3.729359033681636681e+00 3.815073006624353891e+00 3.904911968212645856e+00 4.002218773916767169e+00 4.118559602421712817e+00 4.614515751339586913e+00 4.696002872848816345e+00 4.772708408267161140e+00 4.846151745979741854e+00 4.917428185059213419e+00 4.987531172069825658e+00 5.057257857800993683e+00 5.127223505927070768e+00 5.198038424447195993e+00 5.270398839143320302e+00 5.345028438292332318e+00 5.423287596941265498e+00
3.375123930331817235e+00 3.450250833235576131e+00 3.524655309444003404e+00 3.596898366869798913e+00 3.673794752712022493e+00 3.751745603857350453e+00 3.830945833162309189e+00 3.911611309360417010e+00 3.994132756709110499e+00 4.079205730246964201e+00 4.238583618221739790e+00 4.808286738745173317e+00 4.882678183368634350e+00 4.953969367956074343e+00 5.023396641893751458e+00 5.091789832934246363e+00 5.159888655034285065e+00 5.228385379533246891e+00 5.297797338875644080e+00 5.368707908310623722e+00 5.441858222372236931e+00
3.445543189883884860e+00 3.527385653915052544e+00 3.610760064993681073e+00 3.696300961038249344e+00 3.784719545272955177e+00 3.877498736350858177e+00 3.977585954236826371e+00 4.092797358781437467e+00 4.233435814866993496e+00 4.615050494081875954e+00 4.701750019014429682e+00 4.782599654821067858e+00 4.859319284653447646e+00 4.933162499743064089e+00 5.005107952636594248e+00 5.075968035120210331e+00 5.146468493319884097e+00 5.217200285573068363e+00 5.288752129237869859e+00 5.361784727736716327e+00 5.436887925351528317e+00
3.348424496515545634e+00 3.422576431719600354e+00 3.497408420360512693e+00 3.572925470148895055e+00 3.649132470393830818e+00 3.726149130330854042e+00 3.804122285240005841e+00 3.883171996782514235e+00 3.963562559368016824e+00 4.045646047822326175e+00 4.707262828996738868e+00 4.726160689463441145e+00 4.852544168403785996e+00 4.921771560478867436e+00 4.990123713483729517e+00 5.058309138909483416e+00 5.127083304849536560e+00 5.196972079951311052e+00 5.268667848125517139e+00 5.342941494790631296e+00 5.421653672998791862e+00
3.443289029681151359e+00 3.524676258485658131e+00 3.607428527822292175e+00 3.692181463881576420e+00 3.779554012626510140e+00 3.870851794761908327e+00 3.968362571498946778e+00 4.078162476757929866e+00 4.207273755578086138e+00 4.404528405767178967e+00 4.712829291620173500e+00 4.795735905674725075e+00 4.873829594442460333e+00 4.948555640322480187e+00 5.021012593800080914e+00 5.091965016824127943e+00 5.162302800033038430e+00 5.232538125236668058e+00 5.303308448578305523e+00 5.375136929912297745e+00 5.448689210905654612e+00
3.400817584309043795e+00 3.478914300425123063e+00 3.557988368114950006e+00 3.638348189921775333e+00 3.720289355838787060e+00 3.804516999273682920e+00 3.892213487909812031e+00 3.985898167174066309e+00 4.092362541703948864e+00 4.622108633147315793e+00 4.705068327279017915e+00 4.782662166409314075e+00 4.856593680955995751e+00 4.928097685847460774e+00 4.998151368671861050e+00 5.067590703025487642e+00 5.137056672009205016e+00 5.207227083062123008e+00 5.278636603574391017e+00 5.352033429624190930e+00 5.428255426559095653e+00
3.359777294762175792e+00 3.431228379759953651e+00 3.505588320204561459e+00 3.580749340660096536e+00 3.656761213492758955e+00 3.733716845977266274e+00 3.811794384880343944e+00 3.891131693962492033e+00 3.972085824447503466e+00 4.055121688608604558e+00 4.140958217731583346e+00 4.815762679215167985e+00 4.812617307546871892e+00 4.960419982225162450e+00 5.029258048511951351e+00 5.097082430017057852e+00 5.164587240751311370e+00 5.232471221408282247e+00 5.301289980561937121e+00 5.371701333405862755e+00 5.444183338042437370e+00
3.375701835968447195e+00 3.451012872278013788e+00 3.525654319963498651e+00 3.596948127857671818e+00 3.673973020560385105e+00 3.752032350856713716e+00 3.831286559709916162e+00 3.911960303897548563e+00 3.994435338356220999e+00 4.079318546379777644e+00 4.725638988576280397e+00 4.803996925441967214e+00 4.878048780487804770e+00 4.949201941186982978e+00 5.018596305488144615e+00 5.087064420109028262e+00 5.155276941477296759e+00 5.223978059292150533e+00 5.293698462791407877e+00 5.365025466893039052e+00 5.438662089126075294e+00
3.455425017277125033e+00 3.538791398655258824e+00 3.624021688375950401e+00 3.711799397863652761e+00 3.803333102828296397e+00 3.900796583723412869e+00 4.009789416921310412e+00 4.138302054666970875e+00 4.343370591309186679e+00 4.600168672851337348e+00 4.682855320130848042e+00 4.760919064375904952e+00 4.835823782581361918e+00 4.908603191283426703e+00 4.980147630677709714e+00 5.051263498477794656e+00 5.122495953228196619e+00 5.194521147168986275e+00 5.267946937407211649e+00 5.343563745975201229e+00 5.423067946236115766e+00
3.430219534050178876e+00 3.510317580496400414e+00 3.591726352707527603e+00 3.674864619374163865e+00 3.760272380457522434e+00 3.848980020294622051e+00 3.942726706785640189e+00 4.045723533082361101e+00 4.174965265657831104e+00 4.365662333342572587e+00 4.714986028386989325e+00 4.796984752441321831e+00 4.874264569588707907e+00 4.948280303133007152e+00 5.020080321285140812e+00 5.090598902081642230e+00 5.160455771453734464e+00 5.230413477949677592e+00 5.300965727217739953e+00 5.372724243227986918e+00 5.446285150944826015e+00
3.442435592030072655e+00 3.543344644779699681e+00 3.603878327523234226e+00 3.717856036352370275e+00 3.810526753361923813e+00 3.909894089886407187e+00 4.021717273275688953e+00 4.155441203969831854e+00 4.508412287472761903e+00 4.596439474496620825e+00 4.678298200231163051e+00 4.755865567533291483e+00 4.830417831142392870e+00 4.903044030716534607e+00 4.974581930682948183e+00 5.045821514291947807e+00 5.117323162369252110e+00 5.189732523917156115e+00 5.263777591544710255e+00 5.340197998110390643e+00 5.421244415775134051e+00
3.379234603362338607e+00 3.455425017277125033e+00 3.532173949178250005e+00 3.609131101687268917e+00 3.677873772596370383e+00 3.756391082049319596e+00 3.836036825953529572e+00 3.917070031616350256e+00 3.999834489607326571e+00 4.135848848510749853e+00 4.711376951124583989e+00 4.788092697474622739e+00 4.861149148271895370e+00 4.931810865053324555e+00 5.001130392485972465e+00 5.069847424997087515e+00 5.138675729006796367e+00 5.208297640504107484e+00 5.279288050297216373e+00 5.352217052986948609e+00 5.428144931469669920e+00
3.379472520664066781e+00 3.453491825584848574e+00 3.527873660618554119e+00 3.603054281398538894e+00 3.679354655077856862e+00 3.756913764914599607e+00 3.835931720415376223e+00 3.916745116093699686e+00 3.999806905873509066e+00 4.086155550938430636e+00 4.178447567447107325e+00 4.874866971059767629e+00 4.955094456488076560e+00 4.928946802085429901e+00 5.003975761563982161e+00 5.169575686669296566e+00 5.236527842006474032e+00 5.302695536897922501e+00 5.368817365065988056e+00 5.435447269367177370e+00 5.503166018968937756e+00
3.478841684872604478e+00 3.562717531310806152e+00 3.648479341346220206e+00 3.736558767765953526e+00 3.827672706643062028e+00 3.922783111386394239e+00 4.023403936116528357e+00 4.132117572518663629e+00 4.254005283200109844e+00 4.403528327072065984e+00 4.724732949876745636e+00 4.814537151032030060e+00 4.898159108535041995e+00 4.977291109313755513e+00 5.053022595205090894e+00 5.126417454426149156e+00 5.198297730769763092e+00 5.269316836493782574e+00 5.340051757424725487e+00 5.411107153620646315e+00 5.483057352779909799e+00
3.363790511364806335e+00 3.436402016957591954e+00 3.510148458631867641e+00 3.584871840831690637e+00 3.660549634981040690e+00 3.737282856945117526e+00 3.815205327413984104e+00 3.894568467904582665e+00 3.975761563982342039e+00 4.059251308936545399e+00 4.146080226652386180e+00 4.855298429892225265e+00 4.845967462789892544e+00 4.901260032266628208e+00 5.074714890173569692e+00 5.142445747197367467e+00 5.209082995771046498e+00 5.275454065867811515e+00 5.342173031614706247e+00 5.409736155526490897e+00 5.478739068203452689e+00
3.344225289310323035e+00 3.417587322843432585e+00 3.491620111731843501e+00 3.566333808844507569e+00 3.641785711831680761e+00 3.718112025338244919e+00 3.795359821196381489e+00 3.873770423762814108e+00 3.953528697763135202e+00 4.035015729722335465e+00 4.118785781951480374e+00 4.804953220348290088e+00 4.798596067893279304e+00 4.946821667078901363e+00 5.014976230386633205e+00 5.082452489371492632e+00 5.150073131038459984e+00 5.218346608074703852e+00 5.287916766816604941e+00 5.359384010040364466e+00 5.433490678167554933e+00
3.428131668240808505e+00 3.508047874535699329e+00 3.589274403547047410e+00 3.672216563775315912e+00 3.757369568039131025e+00 3.845723555406387550e+00 3.938993967119766015e+00 4.041178928334143272e+00 4.168258709923929217e+00 4.363364361702127603e+00 4.714691811689661449e+00 4.796393112379490731e+00 4.873495051000094946e+00 4.947365527856415923e+00 5.019010361162485445e+00 5.089408528198074322e+00 5.159213323152485486e+00 5.229153909136569744e+00 5.299705118971584916e+00 5.371518711923410905e+00 5.445158977964336344e+00
3.389567194638834380e+00 3.457193035830348649e+00 3.545014736139687095e+00 3.624173235480655730e+00 3.704661582659387609e+00 3.786939877165441004e+00 3.872109746653390694e+00 3.962185458084247713e+00 4.062193584535649826e+00 4.199482293330396132e+00 4.702595417735700778e+00 4.778939894590239490e+00 4.851880958075647676e+00 4.922673011445214186e+00 4.992268916885656438e+00 5.061421028152444102e+00 5.130836326321190022e+00 5.201133299571591095e+00 5.272925240876811692e+00 5.346933739151894294e+00 5.424317214070678794e+00
3.436136940575868159e+00 3.517459704395444753e+00 3.600285253370074212e+00 3.685136384811674937e+00 3.772730702482456788e+00 3.864520937422364355e+00 3.963425233807321924e+00 4.078557158559093843e+00 4.242681374628765489e+00 4.608675315384720861e+00 4.691962464300284630e+00 4.770233741453330900e+00 4.845060426774759677e+00 4.917596115099068577e+00 4.988724116722476509e+00 5.059275566433758087e+00 5.129818609613963964e+00 5.201097705357814682e+00 5.273647514879220566e+00 5.348143577085260780e+00 5.425751975312827824e+00
3.462076414950630898e+00 3.545261167572677952e+00 3.630270874057525354e+00 3.717628573833505978e+00 3.808073115003807629e+00 3.902933362548273166e+00 4.004280437709274665e+00 4.115886624763684942e+00 4.246846194547328146e+00 4.444596396457997756e+00 4.710446106954834455e+00 4.794750433239949317e+00 4.874152100624161932e+00 4.950018562569609593e+00 5.023396641893751458e+00 5.095190553241297771e+00 5.166143164159365142e+00 5.236812753339318505e+00 5.307891746228334817e+00 5.379895534686706782e+00 5.453353121872088316e+00
3.454207570241310865e+00 3.536116927599739057e+00 3.619607133410366107e+00 3.705126797672630978e+00 3.793286572455222050e+00 3.885138650885603617e+00 3.982337981723164333e+00 4.087555437470620667e+00 4.206171349767281242e+00 4.354067311159337983e+00 4.729850152863273038e+00 4.817685033517323134e+00 4.899491418989324387e+00 4.976888149552079810e+00 5.051160060340883717e+00 5.123230777638121403e+00 5.193988641566943620e+00 5.264093413730395632e+00 5.334135733238504429e+00 5.404702775554324212e+00 5.476301306097861143e+00
3.409359736157303811e+00 3.487844860660598290e+00 3.567410334513323011e+00 3.648329135416155555e+00 3.731008132215873019e+00 3.816211265455655255e+00 3.905099237477991370e+00 4.000386244189094498e+00 4.109448306564844167e+00 4.316990440949737717e+00 4.713972769874940738e+00 4.793732537117185721e+00 4.869283735220694354e+00 4.941830536394522078e+00 5.012531328320801727e+00 5.082208150763017684e+00 5.151558861711553305e+00 5.221250489492233804e+00 5.291830905649368866e+00 5.363932645301465740e+00 5.438224522950683593e+00
3.401549440479826547e+00 3.479325845824113639e+00 3.558012713053116727e+00 3.637940925436202733e+00 3.719392499225126159e+00 3.802964929748866130e+00 3.889726260514415834e+00 3.981820927901579932e+00 4.084260368137231367e+00 4.228272137050575807e+00 4.718464926077381882e+00 4.798234249796075268e+00 4.873628862865693634e+00 4.946040076663621221e+00 5.016492578339747155e+00 5.085875698448806936e+00 5.154922607428586545e+00 5.224301249707851369e+00 5.294524918206377606e+00 5.366264536463427604e+00 5.440096957677422296e+00
3.433560602344630563e+00 3.514260317110313281e+00 3.596400832705115569e+00 3.680376648357372105e+00 3.766865283199781089e+00 3.857014945932915051e+00 3.953081017713892642e+00 4.060815879854911437e+00 4.201767497606369695e+00 4.618247510900421737e+00 4.704352217617798537e+00 4.784656290797738798e+00 4.860849621743743576e+00 4.934176712056522973e+00 5.005657078204820642e+00 5.076142131979694661e+00 5.146327237794626974e+00 5.216770544466104553e+00 5.288134662005782971e+00 5.360984249563995441e+00 5.436075153738999965e+00
3.407107643741699388e+00 3.484879109543689957e+00 3.563692264691495915e+00 3.643738613316832797e+00 3.725345456803239141e+00 3.809154436972344904e+00 3.896140038404808159e+00 3.988282700479968579e+00 4.090291450597598022e+00 4.225137490129802664e+00 4.731309612786877672e+00 4.813820410598540711e+00 4.891120893352897347e+00 4.964798201639761821e+00 5.036000598875747691e+00 5.105687736138056820e+00 5.174609010628373973e+00 5.243481399260464748e+00 5.312873022334765771e+00 5.383282836299889240e+00 5.455425761884304059e+00
3.407344565980793494e+00 3.484733383048862709e+00 3.563083711910977502e+00 3.642604462190466297e+00 3.723624327678940471e+00 3.806623524933384406e+00 3.892565200467107633e+00 3.983160844155397839e+00 4.082140979160323369e+00 4.202983429221069933e+00 4.745333755140777932e+00 4.830284503757271253e+00 4.909282000221263154e+00 4.984023814075428938e+00 5.055818974351966588e+00 5.125681715668183536e+00 5.194445406378778607e+00 5.262798168272845523e+00 5.331364829396324723e+00 5.400749268506110923e+00 5.471469705156176033e+00
3.445535921469907503e+00 3.526970954356845933e+00 3.609732393877338907e+00 3.694332336560646191e+00 3.781539086408167716e+00 3.872511392790213502e+00 3.969340268272653294e+00 4.076697184315080769e+00 4.199193204190931894e+00 4.362427725651766508e+00 4.721726098827779161e+00 4.806701915814048931e+00 4.886325076348828844e+00 4.962095106822880020e+00 5.035177265829769766e+00 5.106547421883625759e+00 5.176864863392071747e+00 5.246911477107793154e+00 5.317190887152848155e+00 5.388298525379568105e+00 5.460750853242321234e+00
3.387151405667833348e+00 3.463083529574733532e+00 3.539626465301250580e+00 3.616661682164989511e+00 3.692402012010756795e+00 3.767794264732075238e+00 3.847686578444709404e+00 3.929625237845737917e+00 4.014896651022413998e+00 4.135278752248558121e+00 4.740085321535786989e+00 4.821766833132425489e+00 4.898206980289891099e+00 4.970957351909731869e+00 5.041284028667193162e+00 5.110140562933083608e+00 5.178275770438858672e+00 5.246444843296975691e+00 5.315110098709188158e+00 5.384955263448579998e+00 5.456579270455351072e+00
3.381019800097204264e+00 3.456619426201175127e+00 3.532614342414229558e+00 3.604427901044590765e+00 3.680785604655846033e+00 3.759005951759423425e+00 3.838613712076552442e+00 3.919784411857347717e+00 4.003036786527710333e+00 4.092930330001179229e+00 4.732964756560987141e+00 4.812939350185398979e+00 4.888090271323433100e+00 4.960009920019839313e+00 5.029804993101009813e+00 5.098364444686144026e+00 5.166553365057783509e+00 5.234925793227229285e+00 5.304065770415552272e+00 5.374602933981959652e+00 5.447148865751912261e+00
3.340559850561077404e+00 3.413373457886634377e+00 3.486798979065258930e+00 3.560955173858399547e+00 3.635864718391987438e+00 3.711620809820673106e+00 3.788383693112858719e+00 3.866281879565319102e+00 3.945565046446914526e+00 4.026589137763945558e+00 4.744615892400362966e+00 4.745855973588279930e+00 4.800735198304654006e+00 4.964939366528145825e+00 5.032952234562778848e+00 5.099959200326397379e+00 5.166764110024881340e+00 5.234107346783403614e+00 5.302407156890069473e+00 5.372322339340359854e+00 5.444473179164000420e+00
3.378308501616761550e+00 3.453301010435875451e+00 3.527556440903054202e+00 3.600684129984697002e+00 3.677439946711813956e+00 3.755398385178694287e+00 3.834644644850277562e+00 3.915507470376095256e+00 3.998345512201847196e+00 4.084062465389300733e+00 4.225108225108224147e+00 4.824059652943365251e+00 4.899998619718698656e+00 4.972311716264907311e+00 5.042177130319837275e+00 5.110662887047535463e+00 5.178452187896048997e+00 5.246299977910315882e+00 5.314779919795139307e+00 5.384472011100296385e+00 5.455914141867579836e+00
3.362359415635657101e+00 3.431252407128601689e+00 3.506335466927006372e+00 3.582130678882650798e+00 3.658704956509733375e+00 3.736145128481879407e+00 3.814623184586147797e+00 3.894216393260223619e+00 3.975325565455791743e+00 4.058301978938100518e+00 4.143846732922171761e+00 4.788780571233110628e+00 4.860841064385312826e+00 4.930730090465201165e+00 4.999417876000739724e+00 5.067660110666739826e+00 5.136177177567917695e+00 5.205622071837583853e+00 5.276538590684510588e+00 5.349610781523267633e+00 5.425972775181599594e+00
3.464379252525532582e+00 3.548146962855770692e+00 3.633795670983798853e+00 3.721956094703104956e+00 3.813512314177945228e+00 3.909959224710942038e+00 4.013757499844293974e+00 4.129700114943320344e+00 4.271001963283159952e+00 4.612389692665622043e+00 4.700872426617998201e+00 4.783283108860689303e+00 4.861348853132487768e+00 4.936307915918221489e+00 5.009160588198966479e+00 5.080777496275240779e+00 5.151771178931316086e+00 5.222829261588151972e+00 5.294534252886208492e+00 5.367394775282806840e+00 5.442139849388778927e+00
3.453695806931356138e+00 3.536656403428476203e+00 3.621270787487115950e+00 3.708256364123306614e+00 3.798604876027350308e+00 3.894187412893176159e+00 3.999034715758265524e+00 4.118817410729867845e+00 4.274388142019992287e+00 4.608104762166771451e+00 4.693345112709302214e+00 4.773269689737470678e+00 4.849428655342226335e+00 4.922975938955097774e+00 4.994868286007526414e+00 5.065960170599630885e+00 5.136810383206054098e+00 5.208083493801695774e+00 5.280374152225642881e+00 5.354311250231677199e+00 5.430761189065162142e+00
