3.371729766180862509e+00 3.446041876300880435e+00 3.518747888751266650e+00 3.593766197864472822e+00 3.670233025172258579e+00 3.747813775297742733e+00 3.826678784482817175e+00 3.907013088493846098e+00 3.989242800448445703e+00 4.074051056836465179e+00 4.162913220320476171e+00 4.820716860966451911e+00 4.830551165888027576e+00 4.967469970954098812e+00 5.036914372455667532e+00 5.105138252662950293e+00 5.172806212885115329e+00 5.240656461177768399e+00 5.309300805924634936e+00 5.379236148466917555e+00 5.451039445084184365e+00
3.412684041175077176e+00 3.491790799829600278e+00 3.571992828537474907e+00 3.653685741663736497e+00 3.737334588339515484e+00 3.823772742757427068e+00 3.914512540175259847e+00 4.012979914343635102e+00 4.131377814501136392e+00 4.619345547426412679e+00 4.702963548624554235e+00 4.781257470714797897e+00 4.855783237836262423e+00 4.927827854546947606e+00 4.998322480811234314e+00 5.068111306682372863e+00 5.137866072957698371e+00 5.208261948164087052e+00 5.279831045406546686e+00 5.353208836912433100e+00 5.429329374733686819e+00
3.423245935768728376e+00 3.503412323603189105e+00 3.584871840831690637e+00 3.668048528974122924e+00 3.753545014736138885e+00 3.842459173871277667e+00 3.936953488693346159e+00 4.042507999369642668e+00 4.196766425868593053e+00 4.612101603909959380e+00 4.694868094919185886e+00 4.772683884691957701e+00 4.847045009250346759e+00 4.919111788547476216e+00 4.989815308479951916e+00 5.059967452101253649e+00 5.130239684798072908e+00 5.201204489460717006e+00 5.273539161164835676e+00 5.347886899048350351e+00 5.425377029365710868e+00
3.421142661648990835e+00 3.501032804677379318e+00 3.582204709221421979e+00 3.665004736845744127e+00 3.750052084056722634e+00 3.838324297278216335e+00 3.931766604816069322e+00 4.035208907552680024e+00 4.173594148757842959e+00 4.614865376800314500e+00 4.698288188912039587e+00 4.776494189735996265e+00 4.851072086931210947e+00 4.923245239153475339e+00 4.993979859894920992e+00 5.064018777929089943e+00 5.134137909789773246e+00 5.204873405151454691e+00 5.276866353211784322e+00 5.350748418785242322e+00 5.427501631685617056e+00
3.374376773269426977e+00 3.448542814714721239e+00 3.521647567598024775e+00 3.596624706045095987e+00 3.673030943553137639e+00 3.750625104184030612e+00 3.829504968098855322e+00 3.909986524510727257e+00 3.992428153501979438e+00 4.077570597260424812e+00 4.167179024743479232e+00 4.834240037039810645e+00 4.841409265074073431e+00 4.900133890982372620e+00 5.053091604356584554e+00 5.121341654944484567e+00 5.188811284299066351e+00 5.256187966742665196e+00 5.324086714355922290e+00 5.393043656347065173e+00 5.463622518320208954e+00
3.383206865838586097e+00 3.457814661134163359e+00 3.532859052778142939e+00 3.608530009784667758e+00 3.685136384811674937e+00 3.763076691502972526e+00 3.842606824469720017e+00 3.924025361595494310e+00 4.008154521267405457e+00 4.096397253330926524e+00 4.195813815920705458e+00 4.869617700717411957e+00 4.949814381960676357e+00 4.925535480958016521e+00 5.095997575957908587e+00 5.164720141031290623e+00 5.231961779142371149e+00 5.298396031019700025e+00 5.364843766120323210e+00 5.431830526887560850e+00 5.499793757734083854e+00
3.381222484439475817e+00 3.456424364264804705e+00 3.531831497011792997e+00 3.606052620629395022e+00 3.681961860432803491e+00 3.759912496581898189e+00 3.839387931756625072e+00 3.920624548612305027e+00 4.004142216085605277e+00 4.091199068038720910e+00 4.236216921636819954e+00 4.829373473815953055e+00 4.906002357606688236e+00 4.910519423832387709e+00 5.048919940504619674e+00 5.117497748300990246e+00 5.185341857307579794e+00 5.253032432358678783e+00 5.321289935257638604e+00 5.390578088323597861e+00 5.461533735211190788e+00
3.437052832412109460e+00 3.518503187349946604e+00 3.601466008516407413e+00 3.686494908463635589e+00 3.774335888444356080e+00 3.866468740290675221e+00 3.966028910983164568e+00 4.082818944279900997e+00 4.251263379480111126e+00 4.607407611162305017e+00 4.690431519699812313e+00 4.768522303060028555e+00 4.843242653278397647e+00 4.915671993131905282e+00 4.986771204166724480e+00 5.057339292792606855e+00 5.127994748933376812e+00 5.199354185480118851e+00 5.272094870320159110e+00 5.346823781027001843e+00 5.424780948718653129e+00
3.394033427765963395e+00 3.470511067459794319e+00 3.547776726584673579e+00 3.625865418821661468e+00 3.704974271012007492e+00 3.785356279134976187e+00 3.867830699524809290e+00 3.955048824395832163e+00 4.049968228697515826e+00 4.160017458433922677e+00 4.740671526427525428e+00 4.823261903121339955e+00 4.900392712027060504e+00 4.973715296246917994e+00 5.044467324981169121e+00 5.113624741761950254e+00 5.182018396165305241e+00 5.250238647211237009e+00 5.318967574755361305e+00 5.388739580633278514e+00 5.460117256018072851e+00
3.413064374573366422e+00 3.490718180358427070e+00 3.569393820830158326e+00 3.649276460763259955e+00 3.730724589620295184e+00 3.814305727006671365e+00 3.900956760974007675e+00 3.992345709605033210e+00 4.092378626870558200e+00 4.215356335818781552e+00 4.428305730227615200e+00 4.840040083712242591e+00 4.920611819170980894e+00 4.996440891419810626e+00 5.068979217185209052e+00 5.139239118517706650e+00 5.208154874079149899e+00 5.276437998471185331e+00 5.344772059176219337e+00 5.413591541091900439e+00 5.483583521831516983e+00
3.439320558714115350e+00 3.519741609557133444e+00 3.601257669986286825e+00 3.684342240636209631e+00 3.769679440168333784e+00 3.858160008417803599e+00 3.951254003244187629e+00 4.052316807333295579e+00 4.167264430007036502e+00 4.304131282836080707e+00 4.741420777043277468e+00 4.829767694976360382e+00 4.911725379976533468e+00 4.989017232897024812e+00 5.062910078611941422e+00 5.134489392144915065e+00 5.204623897441515545e+00 5.274044849929451217e+00 5.343307507347047292e+00 5.413012882970661188e+00 5.483771463824244741e+00
3.425877709869268095e+00 3.505564223998680173e+00 3.586528447378040330e+00 3.669140451927336954e+00 3.753884227429771236e+00 3.841721091048790004e+00 3.934208982420297485e+00 4.035070921500772734e+00 4.157571977964868104e+00 4.346476249611921361e+00 4.716594208842588287e+00 4.798464491362763873e+00 4.875603441764006618e+00 4.949474118374922682e+00 5.021116201009725444e+00 5.091476867723430999e+00 5.161185171100078684e+00 5.230989482957986603e+00 5.301387311095045796e+00 5.373010952676172458e+00 5.446511849567342800e+00
3.447467490381565636e+00 3.528654752267679218e+00 3.611286659768183416e+00 3.695620341252187746e+00 3.782278306914692134e+00 3.872404279006728345e+00 3.967901048757294546e+00 4.071324077396560881e+00 4.186640430386636247e+00 4.326982513496064442e+00 4.737123947877904584e+00 4.825689211827074665e+00 4.907942004485313703e+00 4.985493598487733991e+00 5.059759866531739370e+00 5.131749105365072339e+00 5.202236961893612843e+00 5.271986580397794775e+00 5.341624264670633337e+00 5.411663161644323594e+00 5.482681579560562568e+00
3.418731859790131278e+00 3.498778926154772151e+00 3.580059070974670909e+00 3.662978346960072962e+00 3.748177969042826074e+00 3.836799013394538438e+00 3.931034482758620108e+00 4.036782615835134536e+00 4.211572849853975953e+00 4.606393949810930977e+00 4.687036896630157656e+00 4.763298107609708509e+00 4.836545208073624202e+00 4.907924570038156631e+00 4.978357971595702480e+00 5.048506597170106858e+00 5.119139438532786635e+00 5.190760446405398021e+00 5.264093413730395632e+00 5.340015198504795890e+00 5.420760827798210002e+00
3.449805332413385273e+00 3.532027175832623378e+00 3.615706070909558090e+00 3.701479194893356084e+00 3.790228102818550937e+00 3.883360493741547792e+00 3.983708007939942064e+00 4.096206230329675790e+00 4.229971777073552985e+00 4.618587401596514042e+00 4.707294942727910936e+00 4.789670970428987928e+00 4.867514482569498924e+00 4.942169749802655332e+00 5.014597286622016092e+00 5.085735885364764286e+00 5.156317846287451268e+00 5.226859268511227619e+00 5.298031471683053439e+00 5.370384395590775739e+00 5.444547285893177602e+00
3.484199156823804433e+00 3.570962580432498257e+00 3.660271550712026478e+00 3.752997185252111123e+00 3.850490937594543528e+00 3.955257022315976645e+00 4.071829838921170897e+00 4.212969038130824018e+00 4.502414931645154716e+00 4.590990694678561468e+00 4.673539518900343914e+00 4.751804308302572721e+00 4.827086853084162854e+00 4.900426064821747474e+00 4.972650422675285675e+00 5.044502183647519900e+00 5.116539559839313078e+00 5.189413596263622530e+00 5.263805526312191674e+00 5.340490503512398845e+00 5.421653672998791862e+00
3.406389023252011761e+00 3.485194892098365305e+00 3.551903053940174804e+00 3.646295570094872485e+00 3.729359033681636681e+00 3.815073006624353891e+00 3.904911968212645856e+00 4.002208114821971030e+00 4.118558644086727227e+00 4.614515751339586913e+00 4.696035303135984940e+00 4.772716425644487614e+00 4.846118668477704894e+00 4.917442375886523998e+00 4.987531172069825658e+00 5.057235605672304679e+00 5.127188454938849560e+00 5.198038424447195993e+00 5.270398839143320302e+00 5.345028438292332318e+00 5.423291319987917802e+00
3.375120540019286519e+00 3.450274641861491798e+00 3.524527184678174496e+00 3.596898366869798913e+00 3.673794752712022493e+00 3.751745603857350453e+00 3.830945833162309189e+00 3.911625210424480859e+00 3.994160262237280712e+00 4.079218421750392842e+00 4.238554166637714005e+00 4.808286738745173317e+00 4.882678183368634350e+00 4.953988979071092480e+00 5.023396641893751458e+00 5.091789832934246363e+00 5.159887720843194359e+00 5.228362490626784265e+00 5.297776309995597011e+00 5.368721005465082463e+00 5.441843696644422579e+00
3.445543189883884860e+00 3.527385653915052544e+00 3.610785137452868554e+00 3.696290458688723302e+00 3.784724850503368820e+00 3.877498736350858177e+00 3.977561069278141570e+00 4.092788368156719869e+00 4.233440079752549323e+00 4.615056103928307785e+00 4.701745778649985219e+00 4.782629489693432490e+00 4.859322610428105982e+00 4.933162499743064089e+00 5.005107952636594248e+00 5.075968035120210331e+00 5.146468493319884097e+00 5.217200285573068363e+00 5.288781003783512347e+00 5.361782861542268463e+00 5.436914585383646248e+00
3.348424496515545634e+00 3.422600338069094583e+00 3.497414656224711926e+00 3.572925470148895055e+00 3.649122807017543657e+00 3.726168050179063496e+00 3.804122285240005841e+00 3.883171996782514235e+00 3.963535473642488594e+00 4.045640308291505782e+00 4.707250550332967798e+00 4.722113864536924943e+00 4.852511003581289728e+00 4.921764452556240954e+00 4.990122292175078300e+00 5.058341820866342431e+00 5.127048255778182906e+00 5.196972079951311052e+00 5.268667848125517139e+00 5.342928059840794219e+00 5.421653672998791862e+00
3.443289029681151359e+00 3.524704028529369371e+00 3.607429944391127297e+00 3.692170508613903390e+00 3.779575175750244931e+00 3.870851794761908327e+00 3.968362571498946778e+00 4.078162476757929866e+00 4.207273755578086138e+00 4.404528405767178967e+00 4.712857220916889744e+00 4.795729715453370012e+00 4.873829594442460333e+00 4.948555640322480187e+00 5.020978059013687655e+00 5.091960812269587855e+00 5.162271943051988998e+00 5.232502099885710578e+00 5.303285971086761030e+00 5.375121457071385223e+00 5.448700484934343891e+00
3.400793981288693146e+00 3.478914300425123063e+00 3.558023692251879755e+00 3.638335701683931056e+00 3.720290323033510038e+00 3.804516999273682920e+00 3.892219657757808537e+00 3.985874619768539073e+00 4.092350714456228111e+00 4.622124107481631938e+00 4.705048039222370804e+00 4.782662166409314075e+00 4.856591782646702882e+00 4.928097685847460774e+00 4.998151368671861050e+00 5.067590703025487642e+00 5.137091858051876514e+00 5.207241446936857088e+00 5.278636603574391017e+00 5.352033429624190930e+00 5.428247500601229625e+00
3.359800331865992362e+00 3.431261537616919988e+00 3.505588320204561459e+00 3.580749340660096536e+00 3.656769946976835772e+00 3.733742662158518133e+00 3.811794384880343944e+00 3.891156834100186312e+00 3.972097755416338138e+00 4.055094298125033525e+00 4.140983517527900837e+00 4.815795810257645471e+00 4.807985318715251921e+00 4.960419982225162450e+00 5.029280055115398440e+00 5.097085706807364502e+00 5.164577881834458317e+00 5.232502099885710578e+00 5.301350811726312173e+00 5.371678856245609701e+00 5.444213821497839056e+00
3.375701835968447195e+00 3.450995858804969174e+00 3.525471531817379933e+00 3.596948127857671818e+00 3.673998488808168261e+00 3.752058420939264671e+00 3.831286559709916162e+00 3.911980440097799328e+00 3.994407829039344104e+00 4.079290341761561578e+00 4.725638988576280397e+00 4.803963956544714975e+00 4.878048780487804770e+00 4.949219650435938256e+00 5.018616353907400018e+00 5.087064420109028262e+00 5.155276941477296759e+00 5.223978059292150533e+00 5.293660669476202507e+00 5.365028269572035491e+00 5.438673789722971996e+00
3.455425017277125033e+00 3.538791398655258824e+00 3.624021688375950401e+00 3.711796509510602693e+00 3.803333102828296397e+00 3.900808024519365258e+00 4.009789416921310412e+00 4.138302054666970875e+00 4.343389774419502913e+00 4.600163408789745390e+00 4.682873080366364960e+00 4.760951914385663564e+00 4.835820488894639446e+00 4.908611203905072884e+00 4.980148574432470276e+00 5.051238937440751364e+00 5.122495953228196619e+00 5.194521147168986275e+00 5.267946937407211649e+00 5.343563745975201229e+00 5.423067946236115766e+00
3.430202244724348759e+00 3.510299217905333613e+00 3.591730730709988162e+00 3.674864619374163865e+00 3.760314752271856964e+00 3.848955970692949702e+00 3.942726706785640189e+00 4.045730707793611991e+00 4.174965265657831104e+00 4.365692585945240900e+00 4.715014930880613520e+00 4.796996662958842528e+00 4.874264569588707907e+00 4.948317572025510813e+00 5.020080321285140812e+00 5.090578357575798130e+00 5.160449230685660638e+00 5.230413477949677592e+00 5.300949351838465162e+00 5.372677866633603472e+00 5.446289374970215036e+00
3.442435592030072655e+00 3.543364528836734806e+00 3.603878327523234226e+00 3.717856036352370275e+00 3.810534767727491889e+00 3.909894089886407187e+00 4.021745160037720090e+00 4.155412424683149197e+00 4.508409918501820712e+00 4.596439474496620825e+00 4.678330386443848354e+00 4.755865567533291483e+00 4.830424873286388809e+00 4.903062371039244915e+00 4.974581930682948183e+00 5.045827170051287780e+00 5.117353360164861087e+00 5.189767962742928731e+00 5.263769542598934592e+00 5.340197998110390643e+00 5.421244415775134051e+00
3.379240429508354904e+00 3.455425017277125033e+00 3.532173949178250005e+00 3.609131101687268917e+00 3.677873772596370383e+00 3.756394407753198550e+00 3.836040648081631144e+00 3.917068108880749300e+00 3.999806905873509066e+00 4.135877357450093328e+00 4.711359920184020389e+00 4.788108835795624074e+00 4.861149148271895370e+00 4.931810865053324555e+00 5.001096130658774896e+00 5.069847424997087515e+00 5.138675729006796367e+00 5.208298104044208898e+00 5.279251854594320115e+00 5.352253779171498138e+00 5.428135607195371470e+00
3.379450184145550651e+00 3.453491825584848574e+00 3.527873660618554119e+00 3.603054281398538894e+00 3.679354655077856862e+00 3.756907586904103091e+00 3.835931720415376223e+00 3.916741271262309088e+00 3.999806905873509066e+00 4.086163569127671202e+00 4.178454245926007005e+00 4.874866971059767629e+00 4.955094456488076560e+00 4.923581905836496020e+00 4.995688652259009821e+00 5.169525988930321780e+00 5.236503944603300376e+00 5.302701623177626722e+00 5.368794912034360323e+00 5.435455683835367147e+00 5.503123022315163482e+00
3.478841684872604478e+00 3.562746248637773228e+00 3.648482722329415395e+00 3.736584623262314775e+00 3.827684598789060200e+00 3.922783111386394239e+00 4.023419073781180799e+00 4.132115643209322897e+00 4.254005283200109844e+00 4.403498028746585469e+00 4.724732949876745636e+00 4.814537151032030060e+00 4.898173188365803732e+00 4.977261415314965021e+00 5.053022122546169115e+00 5.126452494873547039e+00 5.198287301131310656e+00 5.269316836493782574e+00 5.340088316845239547e+00 5.411109006790941756e+00 5.483057352779909799e+00
3.363794360038122822e+00 3.436426116838487754e+00 3.510148458631867641e+00 3.584884440195692967e+00 3.660549634981040690e+00 3.737282856945117526e+00 3.815205327413984104e+00 3.894586524730624610e+00 3.975727139568947521e+00 4.059279237130708040e+00 4.146077878295622021e+00 4.855298429892225265e+00 4.840568050887323004e+00 4.898713915107356875e+00 5.074714890173569692e+00 5.142410487774776051e+00 5.209082995771046498e+00 5.275454065867811515e+00 5.342136443643884292e+00 5.409718559391946791e+00 5.478784927253910197e+00
3.344225289310323035e+00 3.417587322843432585e+00 3.491620111731843501e+00 3.566333808844507569e+00 3.641810735783194808e+00 3.718098017482075690e+00 3.795354486109002501e+00 3.873770423762814108e+00 3.953512150233461142e+00 4.035007165616173452e+00 4.118814056139434854e+00 4.804986202825332064e+00 4.791534043849381419e+00 4.946804906146236469e+00 5.014977161522925719e+00 5.082471572042340568e+00 5.150073131038459984e+00 5.218310777871615791e+00 5.287880452697505618e+00 5.359388205223341473e+00 5.433474328553250743e+00
3.428109123569621275e+00 3.508033396477934662e+00 3.589276346668876183e+00 3.672216563775315912e+00 3.757358159729470071e+00 3.845704828419758137e+00 3.938993967119766015e+00 4.041206608400230493e+00 4.168261083474552819e+00 4.363394582464693805e+00 4.714692759188525706e+00 4.796396446495850618e+00 4.873495051000094946e+00 4.947331533054359021e+00 5.019010361162485445e+00 5.089403861161062359e+00 5.159223129611904213e+00 5.229153909136569744e+00 5.299708860149631384e+00 5.371493895090592829e+00 5.445177274552644775e+00
3.389572567981682383e+00 3.457169131628257119e+00 3.545039377741322717e+00 3.624173235480655730e+00 3.704643839657526083e+00 3.786949051509519659e+00 3.872109746653390694e+00 3.962181659197726358e+00 4.062185869101223368e+00 4.199511204433581391e+00 4.702578921541899604e+00 4.778907268717955681e+00 4.851879063448715002e+00 4.922673011445214186e+00 4.992272236127637264e+00 5.061421028152444102e+00 5.130836326321190022e+00 5.201133299571591095e+00 5.272906723632086567e+00 5.346933739151894294e+00 5.424333974182916407e+00
3.436142723624168394e+00 3.517459704395444753e+00 3.600310180569402885e+00 3.685136384811674937e+00 3.772730702482456788e+00 3.864520937422364355e+00 3.963454218687003205e+00 4.078557158559093843e+00 4.242681374628765489e+00 4.608675315384720861e+00 4.691952611278625618e+00 4.770244577254110219e+00 4.845060426774759677e+00 4.917612672203020452e+00 4.988740689416247598e+00 5.059240977117189786e+00 5.129818609613963964e+00 5.201097705357814682e+00 5.273647514879220566e+00 5.348143577085260780e+00 5.425712382299813896e+00
3.462065652069467259e+00 3.545261167572677952e+00 3.630286176144224886e+00 3.717600082613334855e+00 3.808073115003807629e+00 3.902960087097635977e+00 4.004280437709274665e+00 4.115903852486005654e+00 4.246866223713952948e+00 4.444566005224074523e+00 4.710412058654870116e+00 4.794750433239949317e+00 4.874164183817774720e+00 4.949984531298339263e+00 5.023385897862345573e+00 5.095212538299013438e+00 5.166131926695306298e+00 5.236828686796300758e+00 5.307892215321195373e+00 5.379866882780977022e+00 5.453380414184242575e+00
3.454207083239341003e+00 3.536116927599739057e+00 3.619600478060439830e+00 3.705101855347231243e+00 3.793260410775617597e+00 3.885111696961287553e+00 3.982340380244845157e+00 4.087542694037036739e+00 4.206200353045012719e+00 4.354076244712906885e+00 4.729850152863273038e+00 4.817651876475406603e+00 4.899459018066754545e+00 4.976888149552079810e+00 5.051169034257997126e+00 5.123230777638121403e+00 5.193988641566943620e+00 5.264093413730395632e+00 5.334135733238504429e+00 5.404702775554324212e+00 5.476263819009480116e+00
3.409359736157303811e+00 3.487869190953862386e+00 3.567410334513323011e+00 3.648328652458835641e+00 3.731033910952656907e+00 3.816211265455655255e+00 3.905125991696468457e+00 4.000386244189094498e+00 4.109465003378119263e+00 4.317007617429569954e+00 4.713984136418601700e+00 4.793730634022980830e+00 4.869250341190428877e+00 4.941796617614758524e+00 5.012531328320801727e+00 5.082196050794855147e+00 5.151529529787363337e+00 5.221214619400933898e+00 5.291841629612321185e+00 5.363921439181383199e+00 5.438218439639173951e+00
3.401549440479826547e+00 3.479301634575908242e+00 3.558023692251879755e+00 3.637911152600076914e+00 3.719376548278209071e+00 3.802964929748866130e+00 3.889753278506334677e+00 3.981781602771878426e+00 4.084260368137231367e+00 4.228271191610001090e+00 4.718497192836090370e+00 4.798234249796075268e+00 4.873628862865693634e+00 4.946040076663621221e+00 5.016492578339747155e+00 5.085883621420385303e+00 5.154922607428586545e+00 5.224301249707851369e+00 5.294534252886208492e+00 5.366246310705660605e+00 5.440104450005439851e+00
3.433547128867890486e+00 3.514271456384376879e+00 3.596400832705115569e+00 3.680376648357372105e+00 3.766839484696359097e+00 3.856988380822502727e+00 3.953062583222370030e+00 4.060843829582215569e+00 4.201796440182950398e+00 4.618237211963301725e+00 4.704374386385949514e+00 4.784656290797738798e+00 4.860849621743743576e+00 4.934176712056522973e+00 5.005657078204820642e+00 5.076142131979694661e+00 5.146291925124883093e+00 5.216766824073007847e+00 5.288098344893894520e+00 5.360972122944961171e+00 5.436054112822206186e+00
3.407107643741699388e+00 3.484903398477794401e+00 3.563694180213273555e+00 3.643738613316832797e+00 3.725337213307184925e+00 3.809154436972344904e+00 3.896157158676126553e+00 3.988273077757331642e+00 4.090286251866192657e+00 4.225102560957326503e+00 4.731323448578167223e+00 4.813808754255063604e+00 4.891104982133880341e+00 4.964804298296323637e+00 5.036010927453848041e+00 5.105701827013302108e+00 5.174626391974499029e+00 5.243481399260464748e+00 5.312844824063099658e+00 5.383304940374786796e+00 5.455425761884304059e+00
3.407340774965585073e+00 3.484733383048862709e+00 3.563069829182240245e+00 3.642586648889010625e+00 3.723598651229821588e+00 3.806623524933384406e+00 3.892538618080500612e+00 3.983145007442191243e+00 4.082140979160323369e+00 4.202983429221069933e+00 4.745312309340129708e+00 4.830293423317391088e+00 4.909280585840817501e+00 4.984009635751962541e+00 5.055818974351966588e+00 5.125646685756852783e+00 5.194414637313666816e+00 5.262798168272845523e+00 5.331401269967122936e+00 5.400786190394803121e+00 5.471457231442640179e+00
3.445519446511755568e+00 3.526995345749278865e+00 3.609732393877338907e+00 3.694328521584457015e+00 3.781524160501636533e+00 3.872484613788811814e+00 3.969340268272653294e+00 4.076725353085874026e+00 4.199210548416896671e+00 4.362436693545638455e+00 4.721730375308127670e+00 4.806668909778823995e+00 4.886307328084567025e+00 4.962104476090132721e+00 5.035178204482669173e+00 5.106556818955538368e+00 5.176876617773942257e+00 5.246915711060636589e+00 5.317154640580796787e+00 5.388298525379568105e+00 5.460788128246608863e+00
3.387135796495351237e+00 3.463093319763661082e+00 3.539626465301250580e+00 3.616661682164989511e+00 3.692130974927695597e+00 3.767794264732075238e+00 3.847687539788586353e+00 3.929625237845737917e+00 4.014643241109946636e+00 4.135307253328922350e+00 4.740085321535786989e+00 4.821766833132425489e+00 4.898192430932085450e+00 4.970968165091375290e+00 5.041297201734758815e+00 5.110109038678000815e+00 5.178311052968671113e+00 5.246446724718258459e+00 5.315125620949771701e+00 5.384992910895408436e+00 5.456542052887534133e+00
3.381012509746286199e+00 3.456619426201175127e+00 3.532614342414229558e+00 3.604078153048564825e+00 3.680760042224568096e+00 3.759013088200116037e+00 3.838610841632875470e+00 3.919788744017164372e+00 4.003009158608884732e+00 4.091738156498581525e+00 4.732964756560987141e+00 4.812882022510536650e+00 4.888116445796219622e+00 4.960014132643007834e+00 5.029799841526854109e+00 5.098385052086204183e+00 5.166534633003823096e+00 5.234916895694280647e+00 5.304053123191799557e+00 5.374588401774293978e+00 5.447142292974548106e+00
3.340571237681642991e+00 3.413349680259693208e+00 3.486798979065258930e+00 3.560960911605993040e+00 3.635864718391987438e+00 3.711640545120943546e+00 3.788374511816285040e+00 3.866281879565319102e+00 3.945565046446914526e+00 4.026603351800169150e+00 4.744583267436343732e+00 4.745855973588279930e+00 4.792846334499592409e+00 4.964832436905253665e+00 5.032886118886422011e+00 5.099931082012404637e+00 5.166783780432356643e+00 5.234087684742633861e+00 5.302409497510621073e+00 5.372344821886105848e+00 5.444510232276416950e+00
3.378331793549454343e+00 3.453301010435875451e+00 3.527605240222999594e+00 3.600684129984697002e+00 3.677414430729307071e+00 3.755398385178694287e+00 3.834670903064997916e+00 3.915481534309406708e+00 3.998373075782957642e+00 4.084062465389300733e+00 4.225020432475862009e+00 4.824092898246096439e+00 4.899992513900325974e+00 4.972272673908689100e+00 5.042167717693864404e+00 5.110628062117980264e+00 5.178487472829974791e+00 5.246303740546432337e+00 5.314799672935405006e+00 5.384479068689595138e+00 5.455946640841852435e+00
3.362357012265598133e+00 3.431261537616919988e+00 3.506335466927006372e+00 3.582130678882650798e+00 3.658704956509733375e+00 3.736170978254101271e+00 3.814596727769570261e+00 3.894240623078498942e+00 3.975338949952575085e+00 4.058301978938100518e+00 4.143846732922171761e+00 4.788773449374335023e+00 4.860882900646291915e+00 4.930730090465201165e+00 4.999417876000739724e+00 5.067660110666739826e+00 5.136177177567917695e+00 5.205586416159236229e+00 5.276545080636433127e+00 5.349647471948641986e+00 5.425973241023104521e+00
3.464379252525532582e+00 3.548146962855770692e+00 3.633822501747029587e+00 3.721962387112178750e+00 3.813512314177945228e+00 3.909947730172449010e+00 4.013757499844293974e+00 4.129700114943320344e+00 4.271001963283159952e+00 4.612387357928143139e+00 4.700848877927811031e+00 4.783295898843689109e+00 4.861348853132487768e+00 4.936307915918221489e+00 5.009160588198966479e+00 5.080777496275240779e+00 5.151771178931316086e+00 5.222817608356508323e+00 5.294497847821004299e+00 5.367391035080715689e+00 5.442120635970351117e+00
3.453706517834939760e+00 3.536656403428476203e+00 3.621270787487115950e+00 3.708238586671331216e+00 3.798604876027350308e+00 3.894162233580195753e+00 3.999034715758265524e+00 4.118814056139434854e+00 4.274388142019992287e+00 4.608104762166771451e+00 4.693377506298097579e+00 4.773269689737470678e+00 4.849428655342226335e+00 4.923000117874650527e+00 4.994868286007526414e+00 5.065960170599630885e+00 5.136810383206054098e+00 5.208083493801695774e+00 5.280374152225642881e+00 5.354298688535701345e+00 5.430784989035313259e+00
