2.708211582593326394e+00 2.743314884540734688e+00 2.778607500850948320e+00 2.814047726249436998e+00 2.849636497588234452e+00 2.885393574721137444e+00 2.921292045739086962e+00 2.957329953527672028e+00 2.993511737350672774e+00 3.029811940277474136e+00 3.066266193718335309e+00 3.102849105000413221e+00 3.139564088968269662e+00 3.176400723666946924e+00 3.213412504366049305e+00 3.250548097737756770e+00 3.287885889373132642e+00 3.325385426321486815e+00 3.363167142543377341e+00 3.401195277197414768e+00 3.439570191308893410e+00
2.729716109524609191e+00 2.766134008553737367e+00 2.802690582959641130e+00 2.839416783792608978e+00 2.876318312559922763e+00 2.913389103924751034e+00 2.950577821490041774e+00 2.987916310548734522e+00 3.025399282347146279e+00 3.063000348068221079e+00 3.100709639683445040e+00 3.138556821827616083e+00 3.176488461060395174e+00 3.214535290006987900e+00 3.252685195437935661e+00 3.290970836396737376e+00 3.329379694945585388e+00 3.367998515331267040e+00 3.406870754448052097e+00 3.446018126055343078e+00 3.485535029627047532e+00
2.735114664422470199e+00 2.771835310338945479e+00 2.808732348872644558e+00 2.845799322560941480e+00 2.883039989874200959e+00 2.920418593331710611e+00 2.957954785548277510e+00 2.995618037800519495e+00 3.033445500271598760e+00 3.071378844342520065e+00 3.109409764928621644e+00 3.147535479719379747e+00 3.185772064934345060e+00 3.224110741195023611e+00 3.262529501596556525e+00 3.301101742706628261e+00 3.339780966031644205e+00 3.378657914333783374e+00 3.417754186748879430e+00 3.457180351926849138e+00 3.497006973443317790e+00
2.734385955071935381e+00 2.771008149606019710e+00 2.807805699845570491e+00 2.844792295469841914e+00 2.881905150175374519e+00 2.919200695047784233e+00 2.956622129612682226e+00 2.994220458185362865e+00 3.031905517362946778e+00 3.069753163938772289e+00 3.107691882708802478e+00 3.145731242703651009e+00 3.183897783038130314e+00 3.222145949202167792e+00 3.260515161395500350e+00 3.298986439059999665e+00 3.337644457424172817e+00 3.376469453287577860e+00 3.415538609527261293e+00 3.454923611638946568e+00 3.494706547435501687e+00
2.710950153272950747e+00 2.745951437848821453e+00 2.781118983222899299e+00 2.816465054709833105e+00 2.851955676435193876e+00 2.887588300337354585e+00 2.923345699549665166e+00 2.959267792597602753e+00 2.995325898423622402e+00 3.031520765917246507e+00 3.067848253069591191e+00 3.104347466162612257e+00 3.140944656555150871e+00 3.177717293690158318e+00 3.214647611726475063e+00 3.251740026844151643e+00 3.289036312360478664e+00 3.326562245641849103e+00 3.364344811013079806e+00 3.402423358677915566e+00 3.440895733977468840e+00
2.718470964638965981e+00 2.753265090010589056e+00 2.788253089732954493e+00 2.823363331568731205e+00 2.858636918249956249e+00 2.894029123815036186e+00 2.929585324172566452e+00 2.965284985067672352e+00 3.001116694584031297e+00 3.037100949094046154e+00 3.073226608554744832e+00 3.109495708895920973e+00 3.145951160855978035e+00 3.182576087783750562e+00 3.219394753786288366e+00 3.256426245409824727e+00 3.293692228988696069e+00 3.331228182190421272e+00 3.369063744061164822e+00 3.407249793131262194e+00 3.445851883502639268e+00
2.714856530274130986e+00 2.750061700102246043e+00 2.785398938763004040e+00 2.820914258311118417e+00 2.856585474611225806e+00 2.892375416219876705e+00 2.928339352697558073e+00 2.964426877470355493e+00 3.000676896881389499e+00 3.037038059608774265e+00 3.073548621443590090e+00 3.110204927946918829e+00 3.147007196156454967e+00 3.183963896618076550e+00 3.221062950773754707e+00 3.258367765730290078e+00 3.295840228885584811e+00 3.333541679688313941e+00 3.371497770683106854e+00 3.409786783944775745e+00 3.448442338595655965e+00
2.743117588307284915e+00 2.780171814618142889e+00 2.817397429124846031e+00 2.854795359913102626e+00 2.892355011886873495e+00 2.930075833153110043e+00 2.967925208284751371e+00 3.005936725031937762e+00 3.044055789240646792e+00 3.082311733800349618e+00 3.120665742024965272e+00 3.159114044016988476e+00 3.197664314761391235e+00 3.236312806847211565e+00 3.275055919837779772e+00 3.313933017128891212e+00 3.352962132483916058e+00 3.392177223952924869e+00 3.431661885217772934e+00 3.471474890822114467e+00 4.134167516467766923e+00
2.722494083810932608e+00 2.757996421676437659e+00 2.793666757460835814e+00 2.829494652255107212e+00 2.865469692416290126e+00 2.901566138015470031e+00 2.937823073102830751e+00 2.974214254094731835e+00 3.010782803528917473e+00 3.047450184578516907e+00 3.084277893438198692e+00 3.121228515543717830e+00 3.158338012352610580e+00 3.195598410537138445e+00 3.233016122910838952e+00 3.270634572695072073e+00 3.308428220892723814e+00 3.346486885954515156e+00 3.384796048768693666e+00 3.423461189128763404e+00 3.462531941857164064e+00
2.735997306094959836e+00 2.771697415925177932e+00 2.807529794909948695e+00 2.843509862124447896e+00 2.879638148884315907e+00 2.915917437880544583e+00 2.952320031491413310e+00 2.988871666191690757e+00 3.025548292676062179e+00 3.062403429891841444e+00 3.099399139212330123e+00 3.136544225273576014e+00 3.173858445913312121e+00 3.211371045999399154e+00 3.249065029690923812e+00 3.286966130261768093e+00 3.325135949568771121e+00 3.363605785401950765e+00 3.402376108376094610e+00 3.441558888514141490e+00 3.481215361907148420e+00
2.752508223118316444e+00 2.788836288337784186e+00 2.825297715746796889e+00 2.861909382176586636e+00 2.898673680042985090e+00 2.935564362248642034e+00 2.972589955411150786e+00 3.009750190734168829e+00 3.047091412742381600e+00 3.084558978169734456e+00 3.122181364046347163e+00 3.159979214358945132e+00 3.197953309881675477e+00 3.236112258668649044e+00 3.274485487758997504e+00 3.313109560391775066e+00 3.352025531261129565e+00 3.391238147968718142e+00 3.430814200826139526e+00 3.470872438496140244e+00 4.137645679608302096e+00
2.740361306098357819e+00 2.776775053452919195e+00 2.813364165974761910e+00 2.850092106635153222e+00 2.886978319496960932e+00 2.924017321321655594e+00 2.961208172934556959e+00 2.998521659089007141e+00 3.035951311813380737e+00 3.073570091368856172e+00 3.111280118920039861e+00 3.149143432986227786e+00 3.187162663082263592e+00 3.225308858380894872e+00 3.263639583087402762e+00 3.302123678290600495e+00 3.340826993882110685e+00 3.379776520899434811e+00 3.419018113818415028e+00 3.458644493696796829e+00 3.498710279348005159e+00
2.757612734655608300e+00 2.794154628517141692e+00 2.830836299813872081e+00 2.867654258816288326e+00 2.904608409195565066e+00 2.941699618263165394e+00 2.978953348205007678e+00 3.016337324719235102e+00 3.053858967240421496e+00 3.091537618391837938e+00 3.129368076273130850e+00 3.167408074778985227e+00 3.205574912891985484e+00 3.243974489936777061e+00 3.282581366112585108e+00 3.321454520292010937e+00 3.360591464097681502e+00 3.400038857586943575e+00 3.439901481221577573e+00 3.480221898948276937e+00 4.137588613356134815e+00
2.730729104670947205e+00 2.767508036417567485e+00 2.804459089953025064e+00 2.841617920212913262e+00 2.878920815968413649e+00 2.916383129417972953e+00 2.954001969334645761e+00 2.991783033111384604e+00 3.029662509687874650e+00 3.067677140924904400e+00 3.105761532727824736e+00 3.143951038202498438e+00 3.182201806937199784e+00 3.220521724519372242e+00 3.258887401973360465e+00 3.297366316350727633e+00 3.335951128315969960e+00 3.374655647382919899e+00 3.413563690828659958e+00 3.452752534320360223e+00 3.492302964266755794e+00
2.754626359655317991e+00 2.791658524329303948e+00 2.828834308102488038e+00 2.866150759529951131e+00 2.903600464576074014e+00 2.941216706110890033e+00 2.978973985936471447e+00 3.016887554286435513e+00 3.054919114073456399e+00 3.093080638018178341e+00 3.131393261241701698e+00 3.169840028739882687e+00 3.208436793795162334e+00 3.247201879231725652e+00 3.286115811111266272e+00 3.325228089864288972e+00 3.364548870072338271e+00 3.404196192858135017e+00 3.444142890600244922e+00 3.484539100013240631e+00 4.135677803127951080e+00
2.769354325039117271e+00 2.807588912831383343e+00 2.846016617960447359e+00 2.884581559784711313e+00 2.923345699549665166e+00 2.962210655494900813e+00 3.001263322468294970e+00 3.040416813504978499e+00 3.079701268976908768e+00 3.119108350892758175e+00 3.158581866932455462e+00 3.198153414028769514e+00 3.237806558280517333e+00 3.277545327754532334e+00 3.317391424543167933e+00 3.357394661742487685e+00 3.397587019830813571e+00 3.438009255120915153e+00 3.478720665687986546e+00 4.084034195133769529e+00 4.133626361513182523e+00
2.724472046218222587e+00 2.760886032040436255e+00 2.797457111485659453e+00 2.834185950940240950e+00 2.871108247783644707e+00 2.908204599117844236e+00 2.945425473722596887e+00 2.982796892341842643e+00 3.020320434926142994e+00 3.057933948626709864e+00 3.095670282972406095e+00 3.133508345577227239e+00 3.171407691353087532e+00 3.209399353933955812e+00 3.247471118235586651e+00 3.285633393220409815e+00 3.323915572544457131e+00 3.362357012265598133e+00 3.401006420267221664e+00 3.439901481221577573e+00 3.479156374162392762e+00
2.709179952068354602e+00 2.744500706708931759e+00 2.779997915001563236e+00 2.815672030521884306e+00 2.851479639739889382e+00 2.887466283549189328e+00 2.923589889947722842e+00 2.959830866807610761e+00 2.996244242681847414e+00 3.032760870331840053e+00 3.069431945810574103e+00 3.106233174570304012e+00 3.143160482789450150e+00 3.180177813420350219e+00 3.217345689805909625e+00 3.254667331449780932e+00 3.292123419605645473e+00 3.329791002479631334e+00 3.367651303762146942e+00 3.405781487839969923e+00 3.444261515888378256e+00
2.750721182669045639e+00 2.787747848207129397e+00 2.824918607032634199e+00 2.862269011400208285e+00 2.899739730677831862e+00 2.937371052907647773e+00 2.975160866256140402e+00 3.013082383278093523e+00 3.051127183462890358e+00 3.089323578560093875e+00 3.127628076369727061e+00 3.166070976275574100e+00 3.204647420599745722e+00 3.243347686872032121e+00 3.282191666026522459e+00 3.321224701608718188e+00 3.360473826809580178e+00 3.399968081932291941e+00 3.439759492016317921e+00 3.479955456570155814e+00 4.135193251364612799e+00
2.692915506232682166e+00 2.728207567628067931e+00 2.763664193541528924e+00 2.799336557235934997e+00 2.835150192081425047e+00 2.871148459383753071e+00 2.907298704175434345e+00 2.943608864467837538e+00 2.980068195048928281e+00 3.016633577236342401e+00 3.053307981624637346e+00 3.090082940635292985e+00 3.126954346466541690e+00 3.163867230069393965e+00 3.200846136717879986e+00 3.237895781090688541e+00 3.275010277957786542e+00 3.312240799906153388e+00 3.349569440761468897e+00 3.387088969841083319e+00 3.424825089290083113e+00
2.751225706324291309e+00 2.788039311354289840e+00 2.824998410938393434e+00 2.862109165032006519e+00 2.899350121277693759e+00 2.936754885851133867e+00 2.974296544282433175e+00 3.011984898047813441e+00 3.049815971331729880e+00 3.087784304230965837e+00 3.125868296749096498e+00 3.164111939249050209e+00 3.202495161447527661e+00 3.241066379797811869e+00 3.279786744078938554e+00 3.318721739010190852e+00 3.357840908295966376e+00 3.397292075108464982e+00 3.437040295860428252e+00 3.477220727017309443e+00 4.135934376507892196e+00
2.722399061819400057e+00 2.758542640703357751e+00 2.794857462269423998e+00 2.831357281897009415e+00 2.868015333389294597e+00 2.904834778665759565e+00 2.941820371079852947e+00 2.978912073599911281e+00 3.016146907397275090e+00 3.053519875638463166e+00 3.090994668034197090e+00 3.128584836792156931e+00 3.166271469079599665e+00 3.204078931787945006e+00 3.241938265218140547e+00 3.279969852191997326e+00 3.318125259228535739e+00 3.356432112664238243e+00 3.394961311586720321e+00 3.433782929978298704e+00 3.472945752587344614e+00
2.700973772123107519e+00 2.735939725143285983e+00 2.771086905548568069e+00 2.806387337580332542e+00 2.841854275257845952e+00 2.877475681821371367e+00 2.913247646858894591e+00 2.949148257895993108e+00 2.985198966982310687e+00 3.021402774069337216e+00 3.057721441576672028e+00 3.094146437512305781e+00 3.130717908402151028e+00 3.167411467406647585e+00 3.204235162998049447e+00 3.241200485490455474e+00 3.278322614845918803e+00 3.315581159210062800e+00 3.353102667812310589e+00 3.390860218851770025e+00 3.428931956274259729e+00
2.709119037264645424e+00 2.744500706708931759e+00 2.780055879123170204e+00 2.815790955679450036e+00 2.851677969048861172e+00 2.887710327438178126e+00 2.923915540611098596e+00 2.960248096983365773e+00 2.996724510418844467e+00 3.033317108613915014e+00 3.070053028188668431e+00 3.106919454839199179e+00 3.143885143396094595e+00 3.180969504183666086e+00 3.218201025626674650e+00 3.255546550852329801e+00 3.293046067612540817e+00 3.330711284024633123e+00 3.368600518351998030e+00 3.406752322153623336e+00 3.445234551568270298e+00
2.753148472355565257e+00 2.790665224822967083e+00 2.828354251369984418e+00 2.866230906358138597e+00 2.904279207485956693e+00 2.942424283896043491e+00 2.980770563850878574e+00 3.019238870945091691e+00 3.057827691409588766e+00 3.096541725899756070e+00 3.135342274865005940e+00 3.174230766576729756e+00 3.213232931446373897e+00 3.252280055911537904e+00 3.291477873565230361e+00 3.330788980639789010e+00 3.370245546461242192e+00 3.409929156982004272e+00 3.449869939903265958e+00 3.490182117702901987e+00 4.133882680409530330e+00
2.742943952511903483e+00 2.779457033068589933e+00 2.816146824279306404e+00 2.852987634734081013e+00 2.889969690561782212e+00 2.927114840472240687e+00 2.964385031267203541e+00 3.001808065788463153e+00 3.039366706500790549e+00 3.077052184007720292e+00 3.114876650884624620e+00 3.152850176559609974e+00 3.190943270578114888e+00 3.229225898391704597e+00 3.267625643757769538e+00 3.306217755766939437e+00 3.345040976751965545e+00 3.384094754653130366e+00 3.423485107839780550e+00 3.463227450926066986e+00 4.135791831811133079e+00
2.754606903468685530e+00 2.792301624421469342e+00 2.830135280466405945e+00 2.868195904775895588e+00 2.906379147792923945e+00 2.944721415657700181e+00 2.983231464072873873e+00 3.021848668629696810e+00 3.060592781174571897e+00 3.099464637926176103e+00 3.138403598702792952e+00 3.177453892381017830e+00 3.216558282637577371e+00 3.255772068246523876e+00 3.295031513120534772e+00 3.334421651511256801e+00 3.373981780498385152e+00 3.413730162047680317e+00 3.453706517834939760e+00 3.494084036146641647e+00 4.133597883597884604e+00
2.709486053277051720e+00 2.745159939880996713e+00 2.780983633911314090e+00 2.817020437483273909e+00 2.853186173877340526e+00 2.889521607983536189e+00 2.926013654730388325e+00 2.962670353545328705e+00 2.999421041984919434e+00 3.036315748593056085e+00 3.073333938686988009e+00 3.110462906001810524e+00 3.147689595836655752e+00 3.185000034619565490e+00 3.222439386615667978e+00 3.259949782901216508e+00 3.297597665020206126e+00 3.335371615987547944e+00 3.373354629068678445e+00 3.411567301868006830e+00 3.450084182054041992e+00
2.716369259058046381e+00 2.751070448565563709e+00 2.785922732433015803e+00 2.820934152344548362e+00 2.856068099809130789e+00 2.891355552107868654e+00 2.926788476815654239e+00 2.962356907581517707e+00 2.998061718237976070e+00 3.033937768997389206e+00 3.069945927088784110e+00 3.106104530771141459e+00 3.142436156172093042e+00 3.178947077441915070e+00 3.215636381430399204e+00 3.252550137714356637e+00 3.289703926646601495e+00 3.327103862272058343e+00 3.364806866952789743e+00 3.402872302008389305e+00 3.441345703824023161e+00
2.777777777777777679e+00 2.815117179252585977e+00 2.852570792458080984e+00 2.890173410404623944e+00 2.927931068137138659e+00 2.965808465264733851e+00 3.003821139915194394e+00 3.041993335269147281e+00 3.080283386071517970e+00 3.118784090042761914e+00 3.157407277472951357e+00 3.196220122290160948e+00 3.235267226039681532e+00 3.274485487758997504e+00 3.313978776727583675e+00 3.353735222604175004e+00 3.393821858983238293e+00 3.434278217746975947e+00 3.475214768272679500e+00 4.093383727435222497e+00 4.137731281938113348e+00
2.705878164275287379e+00 2.740476842970676508e+00 2.775253068389173183e+00 2.810163195087012067e+00 2.845226611890271151e+00 2.880447382656896593e+00 2.915816220269087822e+00 2.951303492375799031e+00 2.986940816893580930e+00 3.022719604094027623e+00 3.058656693592113562e+00 3.094712262093994415e+00 3.130935732325867527e+00 3.167324230718913558e+00 3.203855770771084188e+00 3.240597097252387648e+00 3.277522471949288807e+00 3.314688212140045831e+00 3.352119167836416391e+00 3.389878388112826268e+00 3.427968106184740016e+00
2.691961660798662503e+00 2.726815079986575796e+00 2.761863620590755186e+00 2.797065877894088448e+00 2.832439934570637252e+00 2.867995271305356919e+00 2.903682719546742064e+00 2.939529675251959517e+00 2.975490263919066791e+00 3.011605185563905440e+00 3.047851264858274511e+00 3.084213035005817893e+00 3.120665742024965272e+00 3.157230056830140796e+00 3.193912125756817932e+00 3.230677388769884306e+00 3.267587616538164319e+00 3.304647160068846734e+00 3.341827143990977245e+00 3.379263734293319832e+00 3.416943857520414518e+00
2.741536385108536145e+00 2.778009278550990224e+00 2.814677513472693793e+00 2.851499471429365773e+00 2.888442706682165184e+00 2.925544882734409491e+00 2.962795750504380710e+00 3.000174428745856936e+00 3.037709990533647542e+00 3.075374636546633678e+00 3.113174261658837594e+00 3.151106038219414707e+00 3.189173449437734398e+00 3.227390724759700014e+00 3.265771243147091774e+00 3.304328670558430936e+00 3.343083994985374119e+00 3.382109331860850165e+00 3.421429319554516013e+00 3.461111935185381405e+00 3.501232296465128346e+00
2.714762040665742671e+00 2.750759985611409331e+00 2.786912658157293166e+00 2.823263692828910099e+00 2.859773450142290674e+00 2.896441615507972411e+00 2.933268149596675478e+00 2.970234012008231783e+00 3.007329491411626421e+00 3.044561306393578359e+00 3.081901533246012459e+00 3.119324562254786493e+00 3.156831383113057221e+00 3.194444444444444642e+00 3.232152894884766425e+00 3.269929174725534349e+00 3.307812639979049951e+00 3.345857062198088538e+00 3.384071383187380988e+00 3.422552525704068316e+00 3.461333444096003298e+00
2.742828207526601503e+00 2.779824037138449278e+00 2.817017534216456731e+00 2.854358117516011983e+00 2.891865394245893395e+00 2.929524022096980485e+00 2.967338085784331003e+00 3.005290709458278364e+00 3.043382027445772131e+00 3.081577767817122560e+00 3.119886852103496366e+00 3.158315845621521234e+00 3.196819859200933589e+00 3.235426513616925348e+00 3.274143323882437340e+00 3.312995223765219599e+00 3.352002122934677697e+00 3.391214677730792548e+00 3.430675843141098635e+00 3.470462890340313411e+00 4.134252974939537140e+00
2.763595160944873008e+00 2.800787021152943979e+00 2.838147541099924176e+00 2.875648732660522899e+00 2.913288061761706516e+00 2.951075385923370487e+00 2.988996322839407416e+00 3.027060513051558210e+00 3.065283573563322594e+00 3.103618537067079686e+00 3.142128966937820067e+00 3.180793538840254620e+00 3.219597550306211975e+00 3.258571081914930279e+00 3.297759628405638743e+00 3.337180360693577708e+00 3.376841757060355498e+00 3.416824723864777091e+00 3.457155960066321310e+00 4.086469698827182917e+00 4.136219495381221911e+00
2.761324883679189490e+00 2.798102886243127418e+00 2.835009532719553693e+00 2.872073637166033144e+00 2.909252114402875566e+00 2.946582665675118395e+00 2.984038861901456841e+00 3.021678788517620617e+00 3.059443598461934144e+00 3.097348247534440269e+00 3.135407812042752873e+00 3.173661370331785747e+00 3.212088625714863976e+00 3.250682989245080368e+00 3.289519730119402130e+00 3.328594708921326806e+00 3.367952216318759184e+00 3.407652614156362780e+00 3.447728980920267805e+00 3.488331531028708632e+00 4.137331834699801369e+00
2.729257641921397415e+00 2.765427896785721540e+00 2.801748290933542496e+00 2.838248233190474590e+00 2.874900747474194329e+00 2.911692525269331089e+00 2.948630641888808412e+00 2.985717162318860307e+00 3.022953355126717589e+00 3.060294762027305548e+00 3.097762570579704278e+00 3.135385966012415704e+00 3.173114066552618961e+00 3.210967548286669970e+00 3.248952731194093779e+00 3.287104061321974857e+00 3.325412385775548429e+00 3.363935804891722725e+00 3.402730517631699758e+00 3.441819483451731276e+00 3.481336554730091404e+00
2.724833715275836621e+00 2.760788311247026616e+00 2.796909415096318074e+00 2.833182230281051428e+00 2.869621210000279810e+00 2.906193736798083016e+00 2.942928213572504781e+00 2.979820379199467517e+00 3.016824056014705047e+00 3.053986146008300651e+00 3.091276978417266008e+00 3.128671844039184968e+00 3.166204635323586203e+00 3.203855770771084188e+00 3.241625226741339016e+00 3.279580771887713020e+00 3.317689505733381949e+00 3.356009704461395682e+00 3.394577162982135743e+00 3.433476394849785063e+00 3.472728661818737184e+00
2.743446591953470737e+00 2.780191138140747142e+00 2.817114313002013315e+00 2.854199153486299601e+00 2.891416723672240341e+00 2.928788597249728287e+00 2.966332130320858074e+00 3.003989017975031928e+00 3.041804066338980483e+00 3.079722824945754667e+00 3.117790110369769607e+00 3.155967935365776356e+00 3.194289166498850641e+00 3.232720756175550214e+00 3.271294736695574912e+00 3.310048064656272437e+00 3.348961821835230612e+00 3.388142882825572411e+00 3.427604104730793022e+00 3.467406380027739043e+00 4.135136252739527229e+00
2.730002730002729638e+00 2.765878982156534160e+00 2.801905295601008650e+00 2.838087129274868392e+00 2.874408864129430530e+00 2.910885324979554323e+00 2.947513211175285530e+00 2.984266668517374654e+00 3.021169262764439534e+00 3.058210251954821768e+00 3.095408945731853212e+00 3.132723032475894787e+00 3.170183732822428269e+00 3.207810320781032232e+00 3.245587382261138298e+00 3.283544551411924139e+00 3.321730344698726523e+00 3.360144486212907289e+00 3.398859647905886128e+00 3.437914698460502461e+00 3.477390010153978750e+00
2.731589785255017944e+00 2.767272391845770674e+00 2.803103035059811177e+00 2.839074177910582808e+00 2.875215641173087811e+00 2.911490683229813303e+00 2.947885593963853079e+00 2.984453081621321502e+00 3.021148036253776592e+00 3.057997706501719648e+00 3.094973481704486051e+00 3.132112505481197129e+00 3.169419238374776793e+00 3.206871069840074195e+00 3.244534340289522589e+00 3.282397966310025783e+00 3.320466525546839076e+00 3.358804265681417434e+00 3.397469232102617642e+00 3.436520591631384569e+00 3.475963710938858142e+00
2.754140037428056242e+00 2.790859933717076302e+00 2.827714429119803086e+00 2.864748915238367832e+00 2.901874186059679506e+00 2.939179968788707242e+00 2.976623124900490414e+00 3.014180668587330469e+00 3.051910218350303516e+00 3.089757454039857798e+00 3.127780249110320376e+00 3.165959602355473912e+00 3.204276004063294714e+00 3.242788245927541002e+00 3.281481274611109278e+00 3.320420586607636615e+00 3.359556538536912829e+00 3.399048266485384051e+00 3.438884150870725520e+00 3.479132165272693644e+00 4.136590208690975601e+00
2.717997323818019062e+00 2.753381717545395180e+00 2.788952957335991911e+00 2.824659275474895814e+00 2.860511682748323459e+00 2.896503002472624377e+00 2.932674179898613342e+00 2.968974219407194859e+00 3.005402894749424014e+00 3.041993335269147281e+00 3.078688478708070608e+00 3.115545185790344007e+00 3.152540948004091348e+00 3.189682071906528193e+00 3.226960553914794527e+00 3.264448733961621052e+00 3.302100961736904594e+00 3.339990119195897389e+00 3.378122177716802899e+00 3.416586481473734338e+00 3.455425017277125033e+00
2.713326607993877815e+00 2.748706390055180027e+00 2.784255037761458773e+00 2.819959674576653530e+00 2.855829374643021445e+00 2.891844997108155013e+00 2.927992303563087706e+00 2.964322264177577271e+00 3.000760657934220532e+00 3.037331566158604002e+00 3.074021029098402913e+00 3.110871458791322652e+00 3.147843727046972351e+00 3.184955929903273919e+00 3.222191089941160325e+00 3.259588043553644177e+00 3.297158130300883006e+00 3.334931321258102876e+00 3.372936657626278478e+00 3.411234797379614658e+00 3.449917546970627136e+00
2.690246440733162991e+00 2.724814677668396801e+00 2.759557621685877482e+00 2.794466955428251964e+00 2.829534683021377006e+00 2.864748915238367832e+00 2.900108930920819894e+00 2.935646436334915510e+00 2.971295899611658076e+00 3.007098150284975180e+00 3.043024212790383931e+00 3.079076277116865157e+00 3.115243231268734370e+00 3.151525338263719611e+00 3.187957835792449846e+00 3.224517549086269419e+00 3.261208632277457831e+00 3.298062388346845619e+00 3.335116694343503330e+00 3.372379523462125661e+00 3.409929156982004272e+00
2.712647195887905038e+00 2.747837795134953076e+00 2.783208900702064170e+00 2.818707763425857049e+00 2.854397861290187244e+00 2.890214157819791296e+00 2.926176741075160237e+00 2.962273333192273039e+00 2.998542568844444922e+00 3.034922785917958166e+00 3.071446022826428202e+00 3.108099707838627435e+00 3.144917812814491676e+00 3.181849623019990414e+00 3.218944186306890831e+00 3.256200637383954266e+00 3.293646066195277555e+00 3.331320660434320402e+00 3.369225903158820756e+00 3.407439344102695333e+00 3.446018126055343078e+00
2.699285399707340716e+00 2.734635206675314567e+00 2.770161805861377946e+00 2.805855821098632408e+00 2.841736092820803972e+00 2.877778635652167516e+00 2.913955069588022084e+00 2.950308377470883148e+00 2.986774838853078151e+00 3.023378449639655408e+00 3.060103208935501140e+00 3.096934035305047406e+00 3.133836171591774633e+00 3.170861164533228305e+00 3.207944544402136167e+00 3.245116789681909086e+00 3.282397966310025783e+00 3.319823496050792855e+00 3.357394661742487685e+00 3.395153418495098219e+00 3.433193487918591913e+00
2.763232429295790382e+00 2.800630141781900839e+00 2.838187817078794861e+00 2.875885019377987462e+00 2.913732699712095364e+00 2.951739066266541922e+00 2.989869210604996219e+00 3.028147689100780582e+00 3.066565377082999255e+00 3.105097189542032510e+00 3.143797287950872654e+00 3.182620126612930367e+00 3.221581796662160713e+00 3.260718745663937934e+00 3.300028787485167481e+00 3.339525369956794609e+00 3.379287039399727632e+00 3.419328276449201454e+00 3.459743414131286166e+00 4.085857485290913083e+00 4.135563780732407935e+00
2.754412356717587773e+00 2.791697491659803188e+00 2.829194457608057434e+00 2.866832150473726415e+00 2.904608409195565066e+00 2.942565232565300892e+00 2.980646592358453972e+00 3.018857327398587476e+00 3.057211545142507259e+00 3.095692063067689848e+00 3.134294052502907491e+00 3.173026515465054764e+00 3.211841921519341003e+00 3.250795407386913638e+00 3.289888143803110676e+00 3.329171868497711184e+00 3.368600518351998030e+00 3.408316291751874338e+00 3.448323425150691346e+00 3.488696622941668490e+00 4.134708813131835470e+00
