2.133333333333333304e+00 2.166666666666666519e+00 2.200000000000000178e+00 2.200000000000000178e+00 2.200000000000000178e+00 2.200000000000000178e+00 2.200000000000000178e+00 2.233333333333333393e+00 2.266666666666666607e+00 2.233333333333333393e+00 2.266666666666666607e+00 2.266666666666666607e+00 2.266666666666666607e+00 2.333333333333333481e+00 2.299999999999999822e+00 2.299999999999999822e+00 2.333333333333333481e+00 2.333333333333333481e+00 2.366666666666666696e+00 2.833333333333333481e+00 2.866666666666666696e+00
2.166666666666666519e+00 2.200000000000000178e+00 2.200000000000000178e+00 2.200000000000000178e+00 2.200000000000000178e+00 2.200000000000000178e+00 2.266666666666666607e+00 2.266666666666666607e+00 2.233333333333333393e+00 2.266666666666666607e+00 2.266666666666666607e+00 2.299999999999999822e+00 2.333333333333333481e+00 2.299999999999999822e+00 2.333333333333333481e+00 2.333333333333333481e+00 2.366666666666666696e+00 2.366666666666666696e+00 2.333333333333333481e+00 2.399999999999999911e+00 2.866666666666666696e+00
2.200000000000000178e+00 2.200000000000000178e+00 2.166666666666666519e+00 2.233333333333333393e+00 2.200000000000000178e+00 2.233333333333333393e+00 2.266666666666666607e+00 2.266666666666666607e+00 2.266666666666666607e+00 2.266666666666666607e+00 2.266666666666666607e+00 2.299999999999999822e+00 2.333333333333333481e+00 2.299999999999999822e+00 2.333333333333333481e+00 2.333333333333333481e+00 2.399999999999999911e+00 2.366666666666666696e+00 2.366666666666666696e+00 2.399999999999999911e+00 2.866666666666666696e+00
2.200000000000000178e+00 2.200000000000000178e+00 2.166666666666666519e+00 2.233333333333333393e+00 2.200000000000000178e+00 2.200000000000000178e+00 2.266666666666666607e+00 2.266666666666666607e+00 2.266666666666666607e+00 2.266666666666666607e+00 2.266666666666666607e+00 2.299999999999999822e+00 2.333333333333333481e+00 2.299999999999999822e+00 2.333333333333333481e+00 2.333333333333333481e+00 2.399999999999999911e+00 2.366666666666666696e+00 2.366666666666666696e+00 2.399999999999999911e+00 2.866666666666666696e+00
2.133333333333333304e+00 2.166666666666666519e+00 2.200000000000000178e+00 2.200000000000000178e+00 2.200000000000000178e+00 2.200000000000000178e+00 2.200000000000000178e+00 2.233333333333333393e+00 2.266666666666666607e+00 2.233333333333333393e+00 2.233333333333333393e+00 2.266666666666666607e+00 2.266666666666666607e+00 2.333333333333333481e+00 2.299999999999999822e+00 2.299999999999999822e+00 2.333333333333333481e+00 2.333333333333333481e+00 2.399999999999999911e+00 2.333333333333333481e+00 2.866666666666666696e+00
2.166666666666666519e+00 2.200000000000000178e+00 2.200000000000000178e+00 2.166666666666666519e+00 2.200000000000000178e+00 2.200000000000000178e+00 2.200000000000000178e+00 2.266666666666666607e+00 2.266666666666666607e+00 2.266666666666666607e+00 2.266666666666666607e+00 2.266666666666666607e+00 2.299999999999999822e+00 2.333333333333333481e+00 2.299999999999999822e+00 2.333333333333333481e+00 2.333333333333333481e+00 2.366666666666666696e+00 2.366666666666666696e+00 2.333333333333333481e+00 2.399999999999999911e+00
2.133333333333333304e+00 2.200000000000000178e+00 2.200000000000000178e+00 2.166666666666666519e+00 2.233333333333333393e+00 2.200000000000000178e+00 2.200000000000000178e+00 2.266666666666666607e+00 2.266666666666666607e+00 2.233333333333333393e+00 2.266666666666666607e+00 2.266666666666666607e+00 2.299999999999999822e+00 2.333333333333333481e+00 2.299999999999999822e+00 2.333333333333333481e+00 2.333333333333333481e+00 2.366666666666666696e+00 2.366666666666666696e+00 2.333333333333333481e+00 2.866666666666666696e+00
2.200000000000000178e+00 2.200000000000000178e+00 2.200000000000000178e+00 2.200000000000000178e+00 2.200000000000000178e+00 2.233333333333333393e+00 2.266666666666666607e+00 2.233333333333333393e+00 2.266666666666666607e+00 2.266666666666666607e+00 2.299999999999999822e+00 2.333333333333333481e+00 2.299999999999999822e+00 2.299999999999999822e+00 2.333333333333333481e+00 2.333333333333333481e+00 2.366666666666666696e+00 2.333333333333333481e+00 2.399999999999999911e+00 2.399999999999999911e+00 2.399999999999999911e+00
2.166666666666666519e+00 2.200000000000000178e+00 2.200000000000000178e+00 2.200000000000000178e+00 2.200000000000000178e+00 2.200000000000000178e+00 2.233333333333333393e+00 2.266666666666666607e+00 2.233333333333333393e+00 2.233333333333333393e+00 2.266666666666666607e+00 2.266666666666666607e+00 2.299999999999999822e+00 2.333333333333333481e+00 2.299999999999999822e+00 2.333333333333333481e+00 2.333333333333333481e+00 2.399999999999999911e+00 2.366666666666666696e+00 2.333333333333333481e+00 2.399999999999999911e+00
2.200000000000000178e+00 2.200000000000000178e+00 2.200000000000000178e+00 2.200000000000000178e+00 2.200000000000000178e+00 2.233333333333333393e+00 2.266666666666666607e+00 2.266666666666666607e+00 2.266666666666666607e+00 2.266666666666666607e+00 2.266666666666666607e+00 2.299999999999999822e+00 2.333333333333333481e+00 2.299999999999999822e+00 2.333333333333333481e+00 2.333333333333333481e+00 2.366666666666666696e+00 2.366666666666666696e+00 2.333333333333333481e+00 2.399999999999999911e+00 2.399999999999999911e+00
2.200000000000000178e+00 2.200000000000000178e+00 2.200000000000000178e+00 2.200000000000000178e+00 2.233333333333333393e+00 2.266666666666666607e+00 2.266666666666666607e+00 2.266666666666666607e+00 2.266666666666666607e+00 2.266666666666666607e+00 2.299999999999999822e+00 2.333333333333333481e+00 2.299999999999999822e+00 2.333333333333333481e+00 2.333333333333333481e+00 2.366666666666666696e+00 2.399999999999999911e+00 2.366666666666666696e+00 2.399999999999999911e+00 2.399999999999999911e+00 2.433333333333333126e+00
2.200000000000000178e+00 2.200000000000000178e+00 2.200000000000000178e+00 2.200000000000000178e+00 2.200000000000000178e+00 2.233333333333333393e+00 2.266666666666666607e+00 2.233333333333333393e+00 2.233333333333333393e+00 2.266666666666666607e+00 2.266666666666666607e+00 2.333333333333333481e+00 2.333333333333333481e+00 2.333333333333333481e+00 2.333333333333333481e+00 2.333333333333333481e+00 2.366666666666666696e+00 2.366666666666666696e+00 2.366666666666666696e+00 2.399999999999999911e+00 2.399999999999999911e+00
2.200000000000000178e+00 2.200000000000000178e+00 2.200000000000000178e+00 2.200000000000000178e+00 2.233333333333333393e+00 2.266666666666666607e+00 2.233333333333333393e+00 2.266666666666666607e+00 2.266666666666666607e+00 2.266666666666666607e+00 2.333333333333333481e+00 2.333333333333333481e+00 2.333333333333333481e+00 2.333333333333333481e+00 2.333333333333333481e+00 2.366666666666666696e+00 2.399999999999999911e+00 2.366666666666666696e+00 2.399999999999999911e+00 2.399999999999999911e+00 2.433333333333333126e+00
2.166666666666666519e+00 2.200000000000000178e+00 2.200000000000000178e+00 2.200000000000000178e+00 2.200000000000000178e+00 2.200000000000000178e+00 2.266666666666666607e+00 2.266666666666666607e+00 2.266666666666666607e+00 2.266666666666666607e+00 2.266666666666666607e+00 2.299999999999999822e+00 2.333333333333333481e+00 2.299999999999999822e+00 2.333333333333333481e+00 2.333333333333333481e+00 2.399999999999999911e+00 2.366666666666666696e+00 2.366666666666666696e+00 2.866666666666666696e+00 2.866666666666666696e+00
2.200000000000000178e+00 2.200000000000000178e+00 2.200000000000000178e+00 2.200000000000000178e+00 2.233333333333333393e+00 2.266666666666666607e+00 2.266666666666666607e+00 2.266666666666666607e+00 2.266666666666666607e+00 2.266666666666666607e+00 2.333333333333333481e+00 2.333333333333333481e+00 2.333333333333333481e+00 2.333333333333333481e+00 2.333333333333333481e+00 2.366666666666666696e+00 2.366666666666666696e+00 2.366666666666666696e+00 2.399999999999999911e+00 2.399999999999999911e+00 2.466666666666666785e+00
2.200000000000000178e+00 2.233333333333333393e+00 2.200000000000000178e+00 2.200000000000000178e+00 2.266666666666666607e+00 2.266666666666666607e+00 2.266666666666666607e+00 2.266666666666666607e+00 2.266666666666666607e+00 2.333333333333333481e+00 2.333333333333333481e+00 2.333333333333333481e+00 2.333333333333333481e+00 2.333333333333333481e+00 2.366666666666666696e+00 2.399999999999999911e+00 2.399999999999999911e+00 2.399999999999999911e+00 2.399999999999999911e+00 2.466666666666666785e+00 2.433333333333333126e+00
2.166666666666666519e+00 2.200000000000000178e+00 2.200000000000000178e+00 2.200000000000000178e+00 2.200000000000000178e+00 2.200000000000000178e+00 2.233333333333333393e+00 2.266666666666666607e+00 2.233333333333333393e+00 2.266666666666666607e+00 2.266666666666666607e+00 2.266666666666666607e+00 2.333333333333333481e+00 2.299999999999999822e+00 2.299999999999999822e+00 2.333333333333333481e+00 2.366666666666666696e+00 2.366666666666666696e+00 2.333333333333333481e+00 2.399999999999999911e+00 2.866666666666666696e+00
2.133333333333333304e+00 2.166666666666666519e+00 2.200000000000000178e+00 2.200000000000000178e+00 2.200000000000000178e+00 2.200000000000000178e+00 2.200000000000000178e+00 2.233333333333333393e+00 2.266666666666666607e+00 2.233333333333333393e+00 2.266666666666666607e+00 2.266666666666666607e+00 2.266666666666666607e+00 2.333333333333333481e+00 2.299999999999999822e+00 2.299999999999999822e+00 2.333333333333333481e+00 2.333333333333333481e+00 2.366666666666666696e+00 2.833333333333333481e+00 2.866666666666666696e+00
2.200000000000000178e+00 2.200000000000000178e+00 2.233333333333333393e+00 2.200000000000000178e+00 2.200000000000000178e+00 2.266666666666666607e+00 2.266666666666666607e+00 2.266666666666666607e+00 2.266666666666666607e+00 2.266666666666666607e+00 2.299999999999999822e+00 2.333333333333333481e+00 2.299999999999999822e+00 2.333333333333333481e+00 2.333333333333333481e+00 2.366666666666666696e+00 2.399999999999999911e+00 2.366666666666666696e+00 2.399999999999999911e+00 2.399999999999999911e+00 2.433333333333333126e+00
2.133333333333333304e+00 2.133333333333333304e+00 2.166666666666666519e+00 2.200000000000000178e+00 2.200000000000000178e+00 2.200000000000000178e+00 2.200000000000000178e+00 2.200000000000000178e+00 2.233333333333333393e+00 2.266666666666666607e+00 2.233333333333333393e+00 2.266666666666666607e+00 2.266666666666666607e+00 2.299999999999999822e+00 2.299999999999999822e+00 2.266666666666666607e+00 2.333333333333333481e+00 2.799999999999999822e+00 2.833333333333333481e+00 2.833333333333333481e+00 2.866666666666666696e+00
2.200000000000000178e+00 2.200000000000000178e+00 2.233333333333333393e+00 2.200000000000000178e+00 2.200000000000000178e+00 2.266666666666666607e+00 2.266666666666666607e+00 2.266666666666666607e+00 2.266666666666666607e+00 2.266666666666666607e+00 2.299999999999999822e+00 2.333333333333333481e+00 2.299999999999999822e+00 2.333333333333333481e+00 2.333333333333333481e+00 2.366666666666666696e+00 2.399999999999999911e+00 2.366666666666666696e+00 2.399999999999999911e+00 2.399999999999999911e+00 2.433333333333333126e+00
2.166666666666666519e+00 2.200000000000000178e+00 2.200000000000000178e+00 2.200000000000000178e+00 2.200000000000000178e+00 2.200000000000000178e+00 2.233333333333333393e+00 2.266666666666666607e+00 2.233333333333333393e+00 2.233333333333333393e+00 2.266666666666666607e+00 2.266666666666666607e+00 2.333333333333333481e+00 2.299999999999999822e+00 2.299999999999999822e+00 2.333333333333333481e+00 2.333333333333333481e+00 2.399999999999999911e+00 2.333333333333333481e+00 2.833333333333333481e+00 2.866666666666666696e+00
2.133333333333333304e+00 2.133333333333333304e+00 2.200000000000000178e+00 2.200000000000000178e+00 2.166666666666666519e+00 2.200000000000000178e+00 2.200000000000000178e+00 2.200000000000000178e+00 2.266666666666666607e+00 2.266666666666666607e+00 2.266666666666666607e+00 2.266666666666666607e+00 2.266666666666666607e+00 2.299999999999999822e+00 2.299999999999999822e+00 2.299999999999999822e+00 2.333333333333333481e+00 2.333333333333333481e+00 2.366666666666666696e+00 2.833333333333333481e+00 2.866666666666666696e+00
2.133333333333333304e+00 2.166666666666666519e+00 2.200000000000000178e+00 2.200000000000000178e+00 2.200000000000000178e+00 2.200000000000000178e+00 2.200000000000000178e+00 2.233333333333333393e+00 2.266666666666666607e+00 2.233333333333333393e+00 2.266666666666666607e+00 2.266666666666666607e+00 2.266666666666666607e+00 2.333333333333333481e+00 2.299999999999999822e+00 2.299999999999999822e+00 2.333333333333333481e+00 2.333333333333333481e+00 2.366666666666666696e+00 2.833333333333333481e+00 2.866666666666666696e+00
2.200000000000000178e+00 2.200000000000000178e+00 2.233333333333333393e+00 2.200000000000000178e+00 2.200000000000000178e+00 2.266666666666666607e+00 2.266666666666666607e+00 2.266666666666666607e+00 2.266666666666666607e+00 2.266666666666666607e+00 2.333333333333333481e+00 2.333333333333333481e+00 2.333333333333333481e+00 2.333333333333333481e+00 2.333333333333333481e+00 2.366666666666666696e+00 2.399999999999999911e+00 2.366666666666666696e+00 2.399999999999999911e+00 2.399999999999999911e+00 2.466666666666666785e+00
2.200000000000000178e+00 2.200000000000000178e+00 2.200000000000000178e+00 2.200000000000000178e+00 2.200000000000000178e+00 2.233333333333333393e+00 2.266666666666666607e+00 2.233333333333333393e+00 2.266666666666666607e+00 2.266666666666666607e+00 2.266666666666666607e+00 2.333333333333333481e+00 2.299999999999999822e+00 2.299999999999999822e+00 2.333333333333333481e+00 2.333333333333333481e+00 2.399999999999999911e+00 2.366666666666666696e+00 2.366666666666666696e+00 2.399999999999999911e+00 2.399999999999999911e+00
2.200000000000000178e+00 2.200000000000000178e+00 2.233333333333333393e+00 2.200000000000000178e+00 2.233333333333333393e+00 2.266666666666666607e+00 2.266666666666666607e+00 2.266666666666666607e+00 2.266666666666666607e+00 2.266666666666666607e+00 2.333333333333333481e+00 2.333333333333333481e+00 2.333333333333333481e+00 2.333333333333333481e+00 2.333333333333333481e+00 2.399999999999999911e+00 2.366666666666666696e+00 2.366666666666666696e+00 2.399999999999999911e+00 2.399999999999999911e+00 2.433333333333333126e+00
2.133333333333333304e+00 2.166666666666666519e+00 2.200000000000000178e+00 2.200000000000000178e+00 2.200000000000000178e+00 2.200000000000000178e+00 2.200000000000000178e+00 2.233333333333333393e+00 2.266666666666666607e+00 2.233333333333333393e+00 2.266666666666666607e+00 2.266666666666666607e+00 2.266666666666666607e+00 2.333333333333333481e+00 2.299999999999999822e+00 2.333333333333333481e+00 2.333333333333333481e+00 2.366666666666666696e+00 2.333333333333333481e+00 2.833333333333333481e+00 2.866666666666666696e+00
2.133333333333333304e+00 2.200000000000000178e+00 2.200000000000000178e+00 2.166666666666666519e+00 2.233333333333333393e+00 2.200000000000000178e+00 2.200000000000000178e+00 2.266666666666666607e+00 2.266666666666666607e+00 2.233333333333333393e+00 2.266666666666666607e+00 2.266666666666666607e+00 2.266666666666666607e+00 2.333333333333333481e+00 2.299999999999999822e+00 2.299999999999999822e+00 2.333333333333333481e+00 2.333333333333333481e+00 2.399999999999999911e+00 2.366666666666666696e+00 2.366666666666666696e+00
2.233333333333333393e+00 2.200000000000000178e+00 2.200000000000000178e+00 2.266666666666666607e+00 2.266666666666666607e+00 2.233333333333333393e+00 2.266666666666666607e+00 2.266666666666666607e+00 2.299999999999999822e+00 2.333333333333333481e+00 2.299999999999999822e+00 2.333333333333333481e+00 2.333333333333333481e+00 2.333333333333333481e+00 2.399999999999999911e+00 2.366666666666666696e+00 2.399999999999999911e+00 2.399999999999999911e+00 2.399999999999999911e+00 2.466666666666666785e+00 2.433333333333333126e+00
2.133333333333333304e+00 2.166666666666666519e+00 2.200000000000000178e+00 2.200000000000000178e+00 2.200000000000000178e+00 2.200000000000000178e+00 2.200000000000000178e+00 2.233333333333333393e+00 2.266666666666666607e+00 2.233333333333333393e+00 2.233333333333333393e+00 2.266666666666666607e+00 2.266666666666666607e+00 2.299999999999999822e+00 2.333333333333333481e+00 2.299999999999999822e+00 2.333333333333333481e+00 2.333333333333333481e+00 2.366666666666666696e+00 2.366666666666666696e+00 2.399999999999999911e+00
2.133333333333333304e+00 2.133333333333333304e+00 2.166666666666666519e+00 2.200000000000000178e+00 2.200000000000000178e+00 2.200000000000000178e+00 2.200000000000000178e+00 2.200000000000000178e+00 2.233333333333333393e+00 2.266666666666666607e+00 2.233333333333333393e+00 2.233333333333333393e+00 2.266666666666666607e+00 2.266666666666666607e+00 2.333333333333333481e+00 2.299999999999999822e+00 2.299999999999999822e+00 2.333333333333333481e+00 2.833333333333333481e+00 2.833333333333333481e+00 2.866666666666666696e+00
2.200000000000000178e+00 2.200000000000000178e+00 2.200000000000000178e+00 2.200000000000000178e+00 2.200000000000000178e+00 2.233333333333333393e+00 2.266666666666666607e+00 2.233333333333333393e+00 2.233333333333333393e+00 2.266666666666666607e+00 2.266666666666666607e+00 2.333333333333333481e+00 2.299999999999999822e+00 2.299999999999999822e+00 2.333333333333333481e+00 2.333333333333333481e+00 2.399999999999999911e+00 2.366666666666666696e+00 2.366666666666666696e+00 2.399999999999999911e+00 2.399999999999999911e+00
2.133333333333333304e+00 2.166666666666666519e+00 2.200000000000000178e+00 2.200000000000000178e+00 2.200000000000000178e+00 2.200000000000000178e+00 2.200000000000000178e+00 2.266666666666666607e+00 2.266666666666666607e+00 2.266666666666666607e+00 2.266666666666666607e+00 2.266666666666666607e+00 2.299999999999999822e+00 2.333333333333333481e+00 2.299999999999999822e+00 2.333333333333333481e+00 2.333333333333333481e+00 2.366666666666666696e+00 2.366666666666666696e+00 2.866666666666666696e+00 2.866666666666666696e+00
2.200000000000000178e+00 2.200000000000000178e+00 2.200000000000000178e+00 2.200000000000000178e+00 2.200000000000000178e+00 2.233333333333333393e+00 2.266666666666666607e+00 2.233333333333333393e+00 2.266666666666666607e+00 2.266666666666666607e+00 2.299999999999999822e+00 2.333333333333333481e+00 2.299999999999999822e+00 2.299999999999999822e+00 2.333333333333333481e+00 2.333333333333333481e+00 2.399999999999999911e+00 2.366666666666666696e+00 2.399999999999999911e+00 2.399999999999999911e+00 2.433333333333333126e+00
2.200000000000000178e+00 2.233333333333333393e+00 2.200000000000000178e+00 2.200000000000000178e+00 2.266666666666666607e+00 2.266666666666666607e+00 2.233333333333333393e+00 2.266666666666666607e+00 2.266666666666666607e+00 2.299999999999999822e+00 2.333333333333333481e+00 2.299999999999999822e+00 2.299999999999999822e+00 2.333333333333333481e+00 2.333333333333333481e+00 2.399999999999999911e+00 2.366666666666666696e+00 2.366666666666666696e+00 2.399999999999999911e+00 2.433333333333333126e+00 2.433333333333333126e+00
2.200000000000000178e+00 2.200000000000000178e+00 2.200000000000000178e+00 2.200000000000000178e+00 2.266666666666666607e+00 2.266666666666666607e+00 2.233333333333333393e+00 2.266666666666666607e+00 2.266666666666666607e+00 2.299999999999999822e+00 2.333333333333333481e+00 2.299999999999999822e+00 2.333333333333333481e+00 2.333333333333333481e+00 2.333333333333333481e+00 2.399999999999999911e+00 2.366666666666666696e+00 2.399999999999999911e+00 2.399999999999999911e+00 2.399999999999999911e+00 2.466666666666666785e+00
2.166666666666666519e+00 2.200000000000000178e+00 2.200000000000000178e+00 2.200000000000000178e+00 2.200000000000000178e+00 2.200000000000000178e+00 2.266666666666666607e+00 2.266666666666666607e+00 2.233333333333333393e+00 2.266666666666666607e+00 2.266666666666666607e+00 2.299999999999999822e+00 2.333333333333333481e+00 2.299999999999999822e+00 2.299999999999999822e+00 2.333333333333333481e+00 2.366666666666666696e+00 2.366666666666666696e+00 2.333333333333333481e+00 2.399999999999999911e+00 2.399999999999999911e+00
2.166666666666666519e+00 2.200000000000000178e+00 2.200000000000000178e+00 2.200000000000000178e+00 2.200000000000000178e+00 2.200000000000000178e+00 2.233333333333333393e+00 2.266666666666666607e+00 2.233333333333333393e+00 2.233333333333333393e+00 2.266666666666666607e+00 2.266666666666666607e+00 2.333333333333333481e+00 2.299999999999999822e+00 2.299999999999999822e+00 2.333333333333333481e+00 2.333333333333333481e+00 2.399999999999999911e+00 2.366666666666666696e+00 2.366666666666666696e+00 2.366666666666666696e+00
2.200000000000000178e+00 2.200000000000000178e+00 2.200000000000000178e+00 2.200000000000000178e+00 2.200000000000000178e+00 2.233333333333333393e+00 2.266666666666666607e+00 2.233333333333333393e+00 2.266666666666666607e+00 2.266666666666666607e+00 2.299999999999999822e+00 2.333333333333333481e+00 2.299999999999999822e+00 2.299999999999999822e+00 2.333333333333333481e+00 2.333333333333333481e+00 2.399999999999999911e+00 2.366666666666666696e+00 2.366666666666666696e+00 2.399999999999999911e+00 2.433333333333333126e+00
2.200000000000000178e+00 2.200000000000000178e+00 2.166666666666666519e+00 2.200000000000000178e+00 2.200000000000000178e+00 2.200000000000000178e+00 2.266666666666666607e+00 2.266666666666666607e+00 2.233333333333333393e+00 2.266666666666666607e+00 2.266666666666666607e+00 2.299999999999999822e+00 2.333333333333333481e+00 2.299999999999999822e+00 2.299999999999999822e+00 2.333333333333333481e+00 2.366666666666666696e+00 2.366666666666666696e+00 2.333333333333333481e+00 2.399999999999999911e+00 2.399999999999999911e+00
2.200000000000000178e+00 2.200000000000000178e+00 2.200000000000000178e+00 2.200000000000000178e+00 2.200000000000000178e+00 2.200000000000000178e+00 2.266666666666666607e+00 2.266666666666666607e+00 2.233333333333333393e+00 2.266666666666666607e+00 2.266666666666666607e+00 2.299999999999999822e+00 2.333333333333333481e+00 2.299999999999999822e+00 2.299999999999999822e+00 2.333333333333333481e+00 2.333333333333333481e+00 2.399999999999999911e+00 2.366666666666666696e+00 2.366666666666666696e+00 2.399999999999999911e+00
2.200000000000000178e+00 2.166666666666666519e+00 2.233333333333333393e+00 2.200000000000000178e+00 2.233333333333333393e+00 2.266666666666666607e+00 2.266666666666666607e+00 2.266666666666666607e+00 2.266666666666666607e+00 2.266666666666666607e+00 2.333333333333333481e+00 2.333333333333333481e+00 2.299999999999999822e+00 2.333333333333333481e+00 2.333333333333333481e+00 2.366666666666666696e+00 2.399999999999999911e+00 2.366666666666666696e+00 2.399999999999999911e+00 2.399999999999999911e+00 2.433333333333333126e+00
2.133333333333333304e+00 2.200000000000000178e+00 2.200000000000000178e+00 2.166666666666666519e+00 2.200000000000000178e+00 2.200000000000000178e+00 2.200000000000000178e+00 2.266666666666666607e+00 2.266666666666666607e+00 2.266666666666666607e+00 2.266666666666666607e+00 2.266666666666666607e+00 2.299999999999999822e+00 2.333333333333333481e+00 2.299999999999999822e+00 2.333333333333333481e+00 2.333333333333333481e+00 2.366666666666666696e+00 2.366666666666666696e+00 2.333333333333333481e+00 2.366666666666666696e+00
2.133333333333333304e+00 2.166666666666666519e+00 2.200000000000000178e+00 2.166666666666666519e+00 2.200000000000000178e+00 2.200000000000000178e+00 2.200000000000000178e+00 2.266666666666666607e+00 2.266666666666666607e+00 2.233333333333333393e+00 2.266666666666666607e+00 2.266666666666666607e+00 2.299999999999999822e+00 2.333333333333333481e+00 2.299999999999999822e+00 2.333333333333333481e+00 2.333333333333333481e+00 2.366666666666666696e+00 2.366666666666666696e+00 2.333333333333333481e+00 2.866666666666666696e+00
2.133333333333333304e+00 2.133333333333333304e+00 2.166666666666666519e+00 2.200000000000000178e+00 2.200000000000000178e+00 2.200000000000000178e+00 2.200000000000000178e+00 2.200000000000000178e+00 2.233333333333333393e+00 2.266666666666666607e+00 2.233333333333333393e+00 2.233333333333333393e+00 2.266666666666666607e+00 2.266666666666666607e+00 2.333333333333333481e+00 2.299999999999999822e+00 2.299999999999999822e+00 2.333333333333333481e+00 2.833333333333333481e+00 2.833333333333333481e+00 2.866666666666666696e+00
2.133333333333333304e+00 2.166666666666666519e+00 2.200000000000000178e+00 2.200000000000000178e+00 2.200000000000000178e+00 2.200000000000000178e+00 2.200000000000000178e+00 2.266666666666666607e+00 2.266666666666666607e+00 2.233333333333333393e+00 2.266666666666666607e+00 2.266666666666666607e+00 2.266666666666666607e+00 2.333333333333333481e+00 2.299999999999999822e+00 2.299999999999999822e+00 2.333333333333333481e+00 2.333333333333333481e+00 2.366666666666666696e+00 2.333333333333333481e+00 2.866666666666666696e+00
2.133333333333333304e+00 2.133333333333333304e+00 2.200000000000000178e+00 2.200000000000000178e+00 2.166666666666666519e+00 2.200000000000000178e+00 2.200000000000000178e+00 2.200000000000000178e+00 2.266666666666666607e+00 2.266666666666666607e+00 2.266666666666666607e+00 2.266666666666666607e+00 2.266666666666666607e+00 2.299999999999999822e+00 2.299999999999999822e+00 2.299999999999999822e+00 2.333333333333333481e+00 2.333333333333333481e+00 2.833333333333333481e+00 2.833333333333333481e+00 2.866666666666666696e+00
2.200000000000000178e+00 2.200000000000000178e+00 2.200000000000000178e+00 2.200000000000000178e+00 2.266666666666666607e+00 2.266666666666666607e+00 2.233333333333333393e+00 2.266666666666666607e+00 2.266666666666666607e+00 2.299999999999999822e+00 2.333333333333333481e+00 2.299999999999999822e+00 2.333333333333333481e+00 2.333333333333333481e+00 2.333333333333333481e+00 2.399999999999999911e+00 2.366666666666666696e+00 2.366666666666666696e+00 2.399999999999999911e+00 2.433333333333333126e+00 2.433333333333333126e+00
2.200000000000000178e+00 2.200000000000000178e+00 2.233333333333333393e+00 2.200000000000000178e+00 2.233333333333333393e+00 2.266666666666666607e+00 2.266666666666666607e+00 2.266666666666666607e+00 2.266666666666666607e+00 2.266666666666666607e+00 2.333333333333333481e+00 2.333333333333333481e+00 2.333333333333333481e+00 2.333333333333333481e+00 2.333333333333333481e+00 2.366666666666666696e+00 2.399999999999999911e+00 2.366666666666666696e+00 2.399999999999999911e+00 2.399999999999999911e+00 2.466666666666666785e+00
