0.000000000000000000e+00 5.111885435254654553e+00 5.093877481350114422e+00 5.077042863441077358e+00 5.059278461583937236e+00 5.040567796740164752e+00 5.025243552480367804e+00 5.006819098682311342e+00 4.991854964230425296e+00 4.975766031988371196e+00 4.957396161605333695e+00 4.942142605097993524e+00 4.926199732670745846e+00 4.909331071288741022e+00 4.894063424226509973e+00 4.876223314460167657e+00 4.859545472955741907e+00 4.842381320344374629e+00 4.824492757009508637e+00 4.806098270013457352e+00 4.788920784053905422e+00 4.771714734816208114e+00 4.753545551952115034e+00 4.732386288798441143e+00 4.713169927151516170e+00 4.693425802768221189e+00 4.672908987917551826e+00 4.649525176205306032e+00 4.628359908588528526e+00 4.604035826078722415e+00 4.581475666706330330e+00 4.556174006233710827e+00 4.527823731505153937e+00 4.499508813618993130e+00 4.465105118729951528e+00 4.431349221948498673e+00 4.384750312079471080e+00 3.197692522403896564e+00 3.175583271779360395e+00 3.156481718298749239e+00 3.142574708186101073e+00
0.000000000000000000e+00 0.000000000000000000e+00 0.000000000000000000e+00 0.000000000000000000e+00 5.101792800971963082e+00 5.081681714300843922e+00 5.060587103228132655e+00 5.044572331128242659e+00 5.025891552596553069e+00 5.006249657445520640e+00 4.990299634317919342e+00 4.973207846132157606e+00 4.955847234602799745e+00 4.939816898357755726e+00 4.922860777366700802e+00 4.905415460572141839e+00 4.887245444234969760e+00 4.870686284635338481e+00 4.853414737561645431e+00 4.835419301447897666e+00 4.816918636106530371e+00 4.799861250207171359e+00 4.780340014502102441e+00 4.762277459443454042e+00 4.743707471614539095e+00 4.721893848546032224e+00 4.702262913413695955e+00 4.679802470483405585e+00 4.658839105607590625e+00 4.637558568578676876e+00 4.613364737286371309e+00 4.588561089969958928e+00 4.560747414687409851e+00 4.532741672007704281e+00 4.502103879262550734e+00 3.298747121730301934e+00 3.247209809379562273e+00 3.212683098808243098e+00 3.187507946630542932e+00 3.163668298599268347e+00 3.141974331715609026e+00
0.000000000000000000e+00 0.000000000000000000e+00 5.112021907957717382e+00 5.095144678561282170e+00 5.077784297307974093e+00 5.063284346934111113e+00 5.046437769868096446e+00 5.030386607716492264e+00 5.015588733087821716e+00 5.000560060069854096e+00 4.982463374883986162e+00 4.969813209983678703e+00 4.952100559480340891e+00 4.936130655713636628e+00 4.921725392323971882e+00 4.904170605856312370e+00 4.888412352549259765e+00 4.874270425009534335e+00 4.857150487796196181e+00 4.839324964437406784e+00 4.823811740604653231e+00 4.807157989542752752e+00 4.787643407702293352e+00 4.772191633729281790e+00 4.751439419035015099e+00 4.735260214030509118e+00 4.715691069949694558e+00 4.695834739572411820e+00 4.675452902455292659e+00 4.654536954356612632e+00 4.630780955351849748e+00 4.608986321282357856e+00 3.416128880407992341e+00 3.313045705971052524e+00 3.272469273332149431e+00 3.242455873818360423e+00 3.218825101385525578e+00 3.196675555985572181e+00 3.176428484850535749e+00 3.158497074181870090e+00 3.139897651258859224e+00
0.000000000000000000e+00 0.000000000000000000e+00 0.000000000000000000e+00 0.000000000000000000e+00 5.099068328639880576e+00 5.080110506085724786e+00 5.064200292528266090e+00 5.047623919730015452e+00 5.030370392939655488e+00 5.014568049039478836e+00 5.000039416080826804e+00 4.984432397092279032e+00 4.966625072260647755e+00 4.952307690069583046e+00 4.937125257925954358e+00 4.921283729993134237e+00 4.904992667924521044e+00 4.888244482554510384e+00 4.872651020449255022e+00 4.856834978044939355e+00 4.840345481756481938e+00 4.823172685689452344e+00 4.805755939622217809e+00 4.787414074342470904e+00 4.770743051660618406e+00 4.751666384242320795e+00 4.734278982055545981e+00 4.713985240866794157e+00 4.695396641209732991e+00 4.674310003770856703e+00 4.654947327793850675e+00 4.630307954051722241e+00 4.610125439638607325e+00 4.584581405238647989e+00 4.558671176049364782e+00 4.529813063240582416e+00 4.495814029050148264e+00 3.275335520684406365e+00 3.212301386201201314e+00 3.171750766162301005e+00 3.143252822333983509e+00
5.126174241454475755e+00 5.109744078887193730e+00 5.094665209381763482e+00 5.078121329215106172e+00 5.065418582198341291e+00 5.049632279019185432e+00 5.035269124226865678e+00 5.020063996414966034e+00 5.005901010934260320e+00 4.991320389254879863e+00 4.975891617166841918e+00 4.960027049635279184e+00 4.947415612157452180e+00 4.932226777488900815e+00 4.916391180387053694e+00 4.902113389162400914e+00 4.886983835123801079e+00 4.871643453891810083e+00 4.857911575869375831e+00 4.841273373798579804e+00 4.823964647255595040e+00 4.810811609995662153e+00 4.794710961833318130e+00 4.775606717446876814e+00 4.758597528877626104e+00 4.741132093702762340e+00 4.725365837324311258e+00 4.706532842659329141e+00 4.689864810170807807e+00 4.670309322935793261e+00 4.650488695949931639e+00 4.632410790622510710e+00 4.608890809082351936e+00 4.587782165170642301e+00 3.260335556529297740e+00 3.235349326813932169e+00 4.516438361804424595e+00 4.486841623010231928e+00 4.459180917608880357e+00 0.000000000000000000e+00 3.140836918046471027e+00
5.113117455071906292e+00 5.097636378046900951e+00 5.081718901005274347e+00 5.068584352012352134e+00 5.053014477900278578e+00 5.038236462200543997e+00 5.024895998806124808e+00 5.011154909781700084e+00 4.994078357096439547e+00 4.980978934021993432e+00 4.967062467687530791e+00 4.954456201703339779e+00 4.939096300775725368e+00 4.925266887899155677e+00 4.908422942718287274e+00 4.893333506090005613e+00 4.880036492543497140e+00 4.863682824546088135e+00 4.848919019854458057e+00 4.833740475268233361e+00 4.818140923713242429e+00 4.801895488720171024e+00 4.787298457511148797e+00 4.769971083939904766e+00 4.752194735254735569e+00 4.736311226602345492e+00 4.719774706954160237e+00 4.702799622277806790e+00 4.685156656944351461e+00 4.665099426538707128e+00 4.646755977441315189e+00 4.625957421050095775e+00 4.606440841040752687e+00 4.584876733055574860e+00 4.562348568679448491e+00 4.537473269385796648e+00 3.258798296881025180e+00 4.486493281926080989e+00 4.455942219678169280e+00 3.163331185432814774e+00 3.139525198059462063e+00
0.000000000000000000e+00 5.130415554516080334e+00 5.114128438294075707e+00 5.095000465074675411e+00 5.081016420184731430e+00 5.064399674163677645e+00 5.051008334530743049e+00 5.036810696224974571e+00 5.022001577648678605e+00 5.006571899014434557e+00 4.992607731580178232e+00 4.977824623370844748e+00 4.964544524564336925e+00 4.948526127534167429e+00 4.936173662558209330e+00 4.921277951533920891e+00 4.905544807166886123e+00 4.891371710365248759e+00 4.877227336351740661e+00 4.861819916607581504e+00 4.846213611804855326e+00 4.830188149413211285e+00 4.815786754826554272e+00 4.798483443305208596e+00 4.783254129739637150e+00 4.767390671452501394e+00 4.749000215526413271e+00 4.732272478192220078e+00 4.714669227920659900e+00 4.697066665713064637e+00 4.679018496962643603e+00 4.658120201008878247e+00 4.636734300155384680e+00 2.658062915848973695e+00 2.579979286815935691e+00 4.568023926958008296e+00 4.545059137742121003e+00 4.517265772545489888e+00 4.486825073164067312e+00 4.448406835258837511e+00 4.403855309640364091e+00
0.000000000000000000e+00 0.000000000000000000e+00 0.000000000000000000e+00 0.000000000000000000e+00 5.095088331893943945e+00 5.078561369147474025e+00 5.060930707885058943e+00 5.044715983372229040e+00 5.029528076173902740e+00 5.011964864878810211e+00 4.997595466130118069e+00 4.980401171947650418e+00 4.964708676539423493e+00 4.950555778637410143e+00 4.931086330766288661e+00 4.917835831064262919e+00 4.901911886402616325e+00 4.887143003258898943e+00 4.869869472498651319e+00 4.853982701048595416e+00 4.837643159819867478e+00 4.821067783886748614e+00 4.803575600124541545e+00 4.785606263716286612e+00 4.767378806132455793e+00 4.750612995234843261e+00 4.731182761214732579e+00 4.710786360608044454e+00 4.692559963244407939e+00 4.671596112685437951e+00 4.647605033411313258e+00 4.628062515575246394e+00 4.602945659991810601e+00 4.580248059226901702e+00 4.552083992084750896e+00 4.521151761634214949e+00 4.489757712501991627e+00 3.251581174501469107e+00 3.200895614424277724e+00 3.171166203097362413e+00 3.139565938488655839e+00
5.130639490865989139e+00 5.114747433774905261e+00 5.097984977918320837e+00 5.080544369477243194e+00 5.064059799816383212e+00 5.050429801135551067e+00 5.034290088356685899e+00 5.021488811173217215e+00 5.005946767743198578e+00 4.989745661959064549e+00 4.976759100991436924e+00 4.961195085104005642e+00 4.944755300916479079e+00 4.930061781915299868e+00 4.914285118433186383e+00 4.898281210398383045e+00 4.881607927383369905e+00 4.868569072398160280e+00 4.852841183620652643e+00 4.836446475988786631e+00 4.819597240323441056e+00 4.804171737376044860e+00 4.786182811745279153e+00 4.770303969107752451e+00 4.750693829492098175e+00 4.735831465975058663e+00 4.715707351729944818e+00 4.699707182629081714e+00 4.678134854878258864e+00 4.659413104265332173e+00 4.637256859319273339e+00 3.423493196973890651e+00 4.596348170657498677e+00 3.282498648131068730e+00 3.255413083615660508e+00 3.232141915905776042e+00 3.210348363761386548e+00 3.190647734809472169e+00 3.172884168080126965e+00 3.157850745310139651e+00 3.139317785629192503e+00
5.126091615026289183e+00 5.110639886989616798e+00 5.092365227006422579e+00 5.079223154642365401e+00 5.063465143001408819e+00 5.048897490166943669e+00 5.033505122742581328e+00 5.019542316402221260e+00 5.006836291838792086e+00 4.991447235464970156e+00 4.977530301523258593e+00 4.962792355896260332e+00 4.949354521623559933e+00 4.933587267210076455e+00 4.919131361444979866e+00 4.906231352703966486e+00 4.890754785510071478e+00 4.876633648940788213e+00 4.860106250851494281e+00 4.844731223346079751e+00 4.829371396814152284e+00 4.812941441746999338e+00 4.798793454364255417e+00 4.781730956138861011e+00 4.764008687103302719e+00 4.747940490783280509e+00 4.731666138727653959e+00 4.712609443027046652e+00 4.695452572887348630e+00 4.675249564745237230e+00 4.657407363605125639e+00 4.638666031560166658e+00 4.617258168359151149e+00 4.595575605251211115e+00 4.573613020782323346e+00 4.548666080289923030e+00 4.523619413385451260e+00 4.495735523828202851e+00 4.460581935631308781e+00 4.425619751107377375e+00 4.376144142626555933e+00
0.000000000000000000e+00 5.134435897647025016e+00 5.115914352556311329e+00 5.096322872390161685e+00 5.082039486007220219e+00 5.064734737814492682e+00 5.049214056337246959e+00 5.034698303701907740e+00 5.021830023091254702e+00 5.005896856073398737e+00 4.989336113894207614e+00 4.976324616310759730e+00 4.960825211099799681e+00 4.946822347641939288e+00 4.932005687561507479e+00 4.918722965025639660e+00 4.902684135959507472e+00 4.888614053058355502e+00 4.873724364067169468e+00 4.858218147569383305e+00 4.842514939878329372e+00 4.828413709068403392e+00 4.811243418923883297e+00 4.796117719421936876e+00 4.780585637119634690e+00 4.762137535328685445e+00 4.745761210038207167e+00 4.728526059708191731e+00 4.711078405902335398e+00 4.691288731218787866e+00 2.715978888712314632e+00 2.650955317620129481e+00 2.602921572811568218e+00 2.559501860557412467e+00 4.586072538560859613e+00 2.480324209213867537e+00 4.533758998255137840e+00 2.355431928737770964e+00 4.463634357345142689e+00 4.414553324958922609e+00 4.293782941020258370e+00
0.000000000000000000e+00 0.000000000000000000e+00 0.000000000000000000e+00 5.099553286438983868e+00 5.078840035036190415e+00 5.056876317530685228e+00 5.038518328883118791e+00 5.018723954500572404e+00 5.000396487737467588e+00 4.983353122872059338e+00 4.965567591115929602e+00 4.944714264921683089e+00 4.927028790050593798e+00 4.909050624291035447e+00 4.890080872556057834e+00 4.872954626867406880e+00 4.854613999913402367e+00 4.833546272531100918e+00 4.816089068950117458e+00 4.798584636287148264e+00 4.777832350358035107e+00 4.758535872323549576e+00 4.738926971424667123e+00 4.718519616360319802e+00 4.697300603650710116e+00 4.673390122369075250e+00 4.650973038016105399e+00 4.628192192348782541e+00 4.605038658826855702e+00 4.578828666975184092e+00 4.549241894082387105e+00 4.522370554356049510e+00 4.489556677369263227e+00 4.454148646401732137e+00 3.259271300398756566e+00 3.231263329976694187e+00 3.210832088241192928e+00 3.192206547971344399e+00 3.173469016478528193e+00 3.156982945448856270e+00 3.142977399422872242e+00
0.000000000000000000e+00 0.000000000000000000e+00 0.000000000000000000e+00 0.000000000000000000e+00 5.101711966812321641e+00 5.081843990340142447e+00 5.060632174971402719e+00 5.043296428153476896e+00 5.025072143980854555e+00 5.007859034757297323e+00 4.990185981838289209e+00 4.975927339904810509e+00 4.958868155433293623e+00 4.941137774052487330e+00 4.926910283317647021e+00 4.912484692249154961e+00 4.894974888823138137e+00 4.876786880669696345e+00 4.860172121041953730e+00 4.845386767720850862e+00 4.829738685458614178e+00 4.813879491954404344e+00 4.795261077086148127e+00 4.777838827334476512e+00 4.760630665327454381e+00 4.740372815408182561e+00 4.721778881569629327e+00 4.702711692732149729e+00 4.682939380949538766e+00 4.662904905439445358e+00 4.640154387024675309e+00 4.616871745918934344e+00 4.593276462713038910e+00 4.569135103357274019e+00 4.539864690301387284e+00 4.507660777582614742e+00 4.473143390682087883e+00 2.679349505440458135e+00 2.618051170777969450e+00 3.888572786876349774e+00 3.760788345092646701e+00
5.138873346207215143e+00 5.121991594846211804e+00 5.104419177282077058e+00 5.090253476985718173e+00 5.074601616149657879e+00 5.058490010980150942e+00 5.043380554645279901e+00 5.029941123398575797e+00 5.013725418586159499e+00 4.998551190390340793e+00 4.982495692366041951e+00 4.967947457077438678e+00 4.952958909630826412e+00 4.937303815269816987e+00 4.922769728967614000e+00 4.905983201517133629e+00 4.890327426075819162e+00 4.874214739570330579e+00 4.857414367849846037e+00 4.842460463040360708e+00 4.826384247867014032e+00 4.808166550856647348e+00 4.791370052479329900e+00 4.774097235208840218e+00 4.756112099527497250e+00 4.737404074866029546e+00 4.720864912146598869e+00 4.701159117309964053e+00 4.681394577724963924e+00 4.660640510090775734e+00 4.639581021699531682e+00 4.617976454086812232e+00 4.593731416862007144e+00 3.276395004094581065e+00 3.248359229068368936e+00 3.224689861334230301e+00 3.205653736720502689e+00 3.188904673867974715e+00 3.171106962025230569e+00 3.156204712443699378e+00 3.140653462960917075e+00
0.000000000000000000e+00 0.000000000000000000e+00 0.000000000000000000e+00 0.000000000000000000e+00 0.000000000000000000e+00 0.000000000000000000e+00 0.000000000000000000e+00 5.039179434299300375e+00 5.020292429631977527e+00 5.001092235715029588e+00 4.980895713214886555e+00 4.961976151843353833e+00 4.941837624161820486e+00 4.923927636680525133e+00 4.906924372419857683e+00 4.887053256797819323e+00 4.868783456312495872e+00 4.849756718033292557e+00 4.829960384480599167e+00 4.812289125452235972e+00 4.790936482389993145e+00 4.771725699307901358e+00 4.751500801851030076e+00 4.730957800917829026e+00 4.709851344961757391e+00 4.690490222190845770e+00 4.668006190985992454e+00 4.642568593727483872e+00 4.619344154984022843e+00 4.592624421126855871e+00 4.568138113556279301e+00 4.538377605015095462e+00 4.505422810248535193e+00 3.750433949618678042e+00 3.595177960498282754e+00 3.383657790558544320e+00 3.281552381915711969e+00 3.230610176183301707e+00 3.197596625192248521e+00 3.165068967673950517e+00 3.143329512971960948e+00
0.000000000000000000e+00 0.000000000000000000e+00 5.139876053628314345e+00 5.121768185450073396e+00 5.104777824224590255e+00 5.090934773515546574e+00 5.066419111566008660e+00 5.033037254290699813e+00 5.080456627969714312e+00 4.975762569926649448e+00 5.057810191668431266e+00 5.044474892054275017e+00 4.927700422114373424e+00 5.011758065953754837e+00 4.979539352243209649e+00 4.972370394332552124e+00 4.902161817910153374e+00 4.898074169175140824e+00 4.904215911210142664e+00 4.884050946625552392e+00 4.869828316292086789e+00 4.852758013842956686e+00 4.837705053573574610e+00 4.821802242290599061e+00 4.807745824704426241e+00 4.791218242337224709e+00 4.774254012489636878e+00 4.756408346474811921e+00 4.738770546233245007e+00 4.720237460747381597e+00 4.701020306903798129e+00 4.681775542038450588e+00 4.662055888543859439e+00 4.641632389087622101e+00 4.618741273462130259e+00 4.593330322160516843e+00 4.569589314312426431e+00 4.540363366715229887e+00 4.076534158948995845e+00 4.460854698781795413e+00 3.141941448155530114e+00
0.000000000000000000e+00 5.127723050324053844e+00 5.111315105160942451e+00 5.091629220745681472e+00 5.075024814128838990e+00 5.055535914229193573e+00 5.039638215133626531e+00 5.022148641152208270e+00 5.006142172201686336e+00 4.989423890485017665e+00 4.971980478137802528e+00 4.956071992637357759e+00 4.938998481478026115e+00 4.921645565612768003e+00 4.903097338874153444e+00 4.888487223298915829e+00 4.870814714069342521e+00 4.852626670389018848e+00 4.836086748727642437e+00 4.818815601359123235e+00 4.798590752267810622e+00 4.780035346131233709e+00 4.762959748954227024e+00 4.740846568626444935e+00 4.722948161070478434e+00 4.702222013868217587e+00 4.680446279483045480e+00 4.660905981489428918e+00 4.635606061345005635e+00 4.612523131859990855e+00 3.365884606337698592e+00 3.320733500503351809e+00 3.287912364728461156e+00 4.507252093535922377e+00 4.474663917712972783e+00 3.222975083161014886e+00 3.201996763214070452e+00 3.186494667859927965e+00 3.170902538711329210e+00 3.157551679583744608e+00 3.143738950042776370e+00
5.140133256045392507e+00 5.121592383162156814e+00 5.103551399287656665e+00 0.000000000000000000e+00 5.067179280274840103e+00 5.050567931874025085e+00 5.033034114447854535e+00 5.016958923734792464e+00 4.999748189543129939e+00 4.984475815492951156e+00 4.967632922671553430e+00 4.952773956115786191e+00 4.934966867044271233e+00 4.920553045506209422e+00 4.903388029967490347e+00 4.885504248447556819e+00 4.869001114157395449e+00 4.852016956202595210e+00 4.836459716172795353e+00 4.818045245539669175e+00 4.799120065913242250e+00 4.781871761693561318e+00 4.761915840046187398e+00 4.743421429019345936e+00 4.726896755023433094e+00 4.704885176275796610e+00 4.684590759932562243e+00 4.663990871517890824e+00 4.642606007849350291e+00 4.618558404539124140e+00 4.596502580577750408e+00 4.571016493318510676e+00 4.545619584380028222e+00 4.517409609729455156e+00 4.485837450914084812e+00 4.454484454308530239e+00 3.216695089221766946e+00 3.196071138912159437e+00 3.174531518219758652e+00 3.158691871397555584e+00 3.141982284329417396e+00
0.000000000000000000e+00 0.000000000000000000e+00 0.000000000000000000e+00 0.000000000000000000e+00 0.000000000000000000e+00 0.000000000000000000e+00 5.045074137109656576e+00 5.027851360567142436e+00 5.011441671896537109e+00 4.991900659381033556e+00 4.978278078494636993e+00 4.959509665723268235e+00 4.944293994644464618e+00 4.926559361794171643e+00 4.907644601972767084e+00 4.892833919250671570e+00 4.874779640021340121e+00 4.860688128829524501e+00 4.841414451086003545e+00 4.823768653485381641e+00 4.805849408475987516e+00 4.786727389681681544e+00 4.767080427299269729e+00 4.749358840598436160e+00 4.731131348547807924e+00 4.710125697556794222e+00 4.690841058409031206e+00 4.668016202791613445e+00 4.645315530074212163e+00 4.624362590592986599e+00 4.600490419008632870e+00 3.369587596404509444e+00 3.317026674539766073e+00 3.283072072227448235e+00 3.255076171837839816e+00 3.231136545219472467e+00 3.211725951636627219e+00 3.188561565001734266e+00 3.173634152242238660e+00 3.158425346814092816e+00 3.142359831282977467e+00
5.130068919697836627e+00 5.112973206563838247e+00 5.098837620207786081e+00 5.083854170369411563e+00 5.070278885439075012e+00 5.053572698677775143e+00 5.040374710035536943e+00 5.026337143805668539e+00 5.011657920851495973e+00 4.998256229351115465e+00 4.981847662040058466e+00 4.969327010898385133e+00 4.951799959502397819e+00 4.937774306951429715e+00 4.923320911671567934e+00 4.907775594372997929e+00 4.892001279316684936e+00 4.877384414692921055e+00 4.862997596479132767e+00 4.847506593366128769e+00 4.829018610566502723e+00 4.814719320835728844e+00 4.795271859595057862e+00 4.779839207653647115e+00 4.763956658826429269e+00 4.745207995071414331e+00 4.728157592159464961e+00 4.708189602657876449e+00 4.692626183303067577e+00 4.671881782568322983e+00 4.650374624730821083e+00 3.307289637788654701e+00 3.280765393707474775e+00 3.257837543048998086e+00 3.236373223382713160e+00 3.216990877275948346e+00 3.199916627874907604e+00 3.184798750381100607e+00 3.169595286252482325e+00 3.153734074473231619e+00 3.140641635652640318e+00
0.000000000000000000e+00 0.000000000000000000e+00 0.000000000000000000e+00 0.000000000000000000e+00 0.000000000000000000e+00 0.000000000000000000e+00 5.045894967419910948e+00 5.024505763725893637e+00 5.004114429909672701e+00 4.985216437392889333e+00 4.965527226357845159e+00 4.944569399173056823e+00 4.925387096621147265e+00 4.905173280973358807e+00 4.886319548637791499e+00 4.866674466465859439e+00 4.846696124637309921e+00 4.825427017271620933e+00 4.805814614412934560e+00 4.788145812578056493e+00 4.764872877208003565e+00 4.743279685119158984e+00 4.721323563642401133e+00 4.700864071921071030e+00 4.679817502940469609e+00 4.653135446569478084e+00 4.631082065879862597e+00 4.605968284596277051e+00 4.577468765657290994e+00 4.551211618157038785e+00 4.521744146072448345e+00 4.489478717440563038e+00 4.454329583839814255e+00 3.302430358552305378e+00 3.268383388488035557e+00 3.241007655635849360e+00 3.217697508885742241e+00 3.196180891589716744e+00 3.176900362412812928e+00 3.157107673659439673e+00 3.143188180585013924e+00
5.137755927107519938e+00 5.121522064877801483e+00 5.106014676245044015e+00 5.091864299329118104e+00 5.078699185244601289e+00 5.063117449991412222e+00 5.052799196057459419e+00 5.037820831004256483e+00 5.019943057510102946e+00 5.009710629106423063e+00 4.994521348579683107e+00 4.978909232762956272e+00 4.968605938135341127e+00 4.951748420658197425e+00 4.938325438348338814e+00 4.922550695831731105e+00 4.907886457612939068e+00 4.895218472458335413e+00 4.879736068600456278e+00 4.865837598616447046e+00 4.849077391132889936e+00 4.836169197125482988e+00 4.818546881761864853e+00 4.802536545842404969e+00 4.788613303146207478e+00 4.769429879256319893e+00 4.754212762348705823e+00 4.736004463493661554e+00 4.720140712974503217e+00 4.701464674189919535e+00 4.682093608588322020e+00 4.664652192387950258e+00 4.642353475368356186e+00 4.623965407469284195e+00 3.320706080898532697e+00 3.266855518565462635e+00 3.230407279369428952e+00 4.529935005764705203e+00 4.502591921272697917e+00 4.472560623108623012e+00 3.141410521718172255e+00
5.144708849902156267e+00 5.128853537734049617e+00 5.114527503253768259e+00 5.100966044462575510e+00 5.084830513619068348e+00 5.070062959331633756e+00 5.056695476325898220e+00 5.042127854282180799e+00 5.031437091500592373e+00 5.015884876423389649e+00 5.001776755415568765e+00 4.988732778617125163e+00 4.975931373428839954e+00 4.961919091685651040e+00 4.947515134599951736e+00 4.934636901553115962e+00 4.919235089344359046e+00 4.905582752936773261e+00 4.892869232937945512e+00 4.876044929829680186e+00 4.864756568028687944e+00 4.848895694488318142e+00 4.834634005151885461e+00 4.817949858035431632e+00 4.802664631349913726e+00 4.786756280279930387e+00 4.770651244142173120e+00 4.754345852633511171e+00 4.737400279467571806e+00 4.720244416729098447e+00 4.704558782063372746e+00 4.686324393355281615e+00 4.667644546250369508e+00 4.648513656443373776e+00 2.517194987338092993e+00 2.250579377457829988e+00 4.584386921081828881e+00 4.563811493849842194e+00 4.538061026324657021e+00 4.509735524790706052e+00 3.140146913758412595e+00
5.127665571482352469e+00 5.114197223313027507e+00 5.097458841713450539e+00 5.082085703004302957e+00 5.067698865847996892e+00 5.052672032204801766e+00 5.038664437176348265e+00 5.024232931028909555e+00 5.009158280502298055e+00 4.993217397901451804e+00 4.978336084784236171e+00 4.964973896977658008e+00 4.949015131373085019e+00 4.934588460785648500e+00 4.919298671112214194e+00 4.903786188232166943e+00 4.889419693422397017e+00 4.874626536230854512e+00 4.859179056287316278e+00 4.840992188426377574e+00 4.824413196200097786e+00 4.809481108081121725e+00 4.794113487144818109e+00 4.775716827785781327e+00 4.759439284404997750e+00 4.742478569795323118e+00 4.725051829852134233e+00 4.704722856731329728e+00 4.688542714621746654e+00 4.666981345264209935e+00 4.647597894475842040e+00 3.344973491422796208e+00 3.301272148718843891e+00 3.269227380774377245e+00 3.246485991064612442e+00 3.225209188095985002e+00 4.509843821656053464e+00 3.185925101942292059e+00 3.170601243867574137e+00 3.155382339340022213e+00 3.139698530441601854e+00
0.000000000000000000e+00 0.000000000000000000e+00 0.000000000000000000e+00 0.000000000000000000e+00 0.000000000000000000e+00 0.000000000000000000e+00 5.054927534986098259e+00 5.037733649234710676e+00 5.021344779650767087e+00 5.004693688153478703e+00 4.987336851767756762e+00 4.973263282007869712e+00 4.954049953737750478e+00 4.938600564458786479e+00 4.924735531479577766e+00 4.903335062027153413e+00 4.890383715670722609e+00 4.872128516162203660e+00 4.855934336619210256e+00 4.838578105575860988e+00 4.820727453669430673e+00 4.802373544586009402e+00 4.785463319309020136e+00 4.766092719208766759e+00 4.748412903171534971e+00 4.727525464163047531e+00 4.708809438571920580e+00 4.689571542602164911e+00 4.666804839130318960e+00 4.646474761928061525e+00 4.625594902885349136e+00 3.364857678596494317e+00 3.314369221245679231e+00 3.280689453034322245e+00 3.252891401355137546e+00 3.229097012199915628e+00 3.210343016132671590e+00 3.190316949100014288e+00 3.173174006258718816e+00 3.154977176746401213e+00 3.142348752904736475e+00
0.000000000000000000e+00 0.000000000000000000e+00 0.000000000000000000e+00 0.000000000000000000e+00 0.000000000000000000e+00 0.000000000000000000e+00 0.000000000000000000e+00 5.038662572498562753e+00 5.017951214807569116e+00 4.996886363222258431e+00 4.976848784923352476e+00 4.958104593193731979e+00 4.938584821169545336e+00 4.920403397757528552e+00 4.901687217637900496e+00 4.881959752103282035e+00 4.863621751676570959e+00 4.842780917519720063e+00 4.823343699660175510e+00 4.803113073377180520e+00 4.784572725343966049e+00 4.762735016499910934e+00 4.740542294668134815e+00 4.720063881004207929e+00 4.699010212285769761e+00 4.674770468032440007e+00 4.655133589425226148e+00 4.629645950238097107e+00 4.606159591313760515e+00 4.577403917671660771e+00 4.550383151659318948e+00 4.520670224272238080e+00 3.407674474122843744e+00 4.454888504410406291e+00 4.411270023741794333e+00 3.249359980530272640e+00 3.221265067977201912e+00 3.197230737502208875e+00 3.178732893255050485e+00 3.159328404362787612e+00 3.142185369642919834e+00
0.000000000000000000e+00 0.000000000000000000e+00 0.000000000000000000e+00 0.000000000000000000e+00 0.000000000000000000e+00 0.000000000000000000e+00 5.101260585653601964e+00 0.000000000000000000e+00 0.000000000000000000e+00 5.046986455356268664e+00 5.030328868693000111e+00 5.015126195361992778e+00 4.999071457587351830e+00 4.978075814290432000e+00 4.978170364543764492e+00 4.962612744132150588e+00 4.926485844371327083e+00 4.929328484488769924e+00 4.909579511451846123e+00 4.889342741036341700e+00 4.873328633579869340e+00 4.856218204251272930e+00 4.841376429413759119e+00 4.827745232370723727e+00 4.809530047079211279e+00 4.792728250975217819e+00 4.773581232444359834e+00 4.755639481994924367e+00 4.737682532230421018e+00 4.719034456121949717e+00 4.700361443426076313e+00 4.680758145785968161e+00 4.658680681709176596e+00 4.635850813499556189e+00 4.612940215691815560e+00 4.589262427453022930e+00 4.560709693821236144e+00 4.032511181855522153e+00 3.891605192846600225e+00 3.213602193065334234e+00 3.140351548077341626e+00
0.000000000000000000e+00 5.127886553190902141e+00 5.108832471519913376e+00 5.089011097380282678e+00 5.070129786890558599e+00 5.054398569328431456e+00 5.035764023040736781e+00 5.018582242184645104e+00 5.002006731894055314e+00 4.985155259831709706e+00 4.969616536448887345e+00 4.951081415848518574e+00 4.935718122425791776e+00 4.917780695391900991e+00 4.899092188799297531e+00 4.881771941903004119e+00 4.866321514848699792e+00 4.847525759764256037e+00 4.830614459456259446e+00 4.810525654274475649e+00 4.792338082041830205e+00 4.775864881625169645e+00 4.753898201815987434e+00 4.735664696881049629e+00 4.715083857522192723e+00 4.693456023590182546e+00 4.674061163511900041e+00 4.651277658551749461e+00 4.628372115241292661e+00 4.604370965261261439e+00 4.580471016124568528e+00 4.553256293023606460e+00 4.525840019026947658e+00 4.495486526321352372e+00 4.462116612613890254e+00 4.426135724252080017e+00 3.206176665038660722e+00 3.184649617444126335e+00 3.168084939693523783e+00 3.154381751258943822e+00 3.143170550452470291e+00
0.000000000000000000e+00 0.000000000000000000e+00 5.111743978722375736e+00 5.092532570786450385e+00 5.074870637916680138e+00 5.058174672849589548e+00 5.042681517209722131e+00 5.026756565535030141e+00 5.009556033068687242e+00 4.996127847853987447e+00 4.981877271067149060e+00 4.967004168177760803e+00 4.951711834310492222e+00 4.935140668902146643e+00 4.920530594115676948e+00 4.905506147006409634e+00 4.891414070780970569e+00 4.875120664268894011e+00 4.857956502071949068e+00 4.842606046856987589e+00 4.828670554621632860e+00 4.810411708257014141e+00 4.795418740839212823e+00 4.777911307785140949e+00 4.761845649353155352e+00 4.743223456794011916e+00 4.726501690221362573e+00 4.709340045602765201e+00 4.689114043149318789e+00 4.671038360225955977e+00 4.650078654131172051e+00 4.628398559530861434e+00 4.606891172533668311e+00 4.584425643254999017e+00 4.561670925065920201e+00 4.536568759614165280e+00 4.508386387454065947e+00 4.477519116038899405e+00 4.444134119349351764e+00 4.403698949548089381e+00 4.347453225238099961e+00
0.000000000000000000e+00 0.000000000000000000e+00 0.000000000000000000e+00 5.102736376342434710e+00 5.080111197413265778e+00 5.060920329649203353e+00 5.042698481081307804e+00 5.023978435802082032e+00 5.006264244065128821e+00 4.989588332172024465e+00 4.970468913794293009e+00 4.954819236748424949e+00 4.938277371520630510e+00 4.921049193841112057e+00 4.905820824353192222e+00 4.889479164561403302e+00 4.872230421309341253e+00 4.854952765573287365e+00 4.836525301616747541e+00 4.819945718117562450e+00 4.800318226244656650e+00 4.782554875424257723e+00 4.766471943129578115e+00 4.745115471220255898e+00 4.725876763605600495e+00 4.708115535267097584e+00 4.687641137287128501e+00 4.666412188322199839e+00 4.644879818151220974e+00 4.620294009058133256e+00 4.597884697199076776e+00 4.570052738004360293e+00 4.544149545414113867e+00 4.513160117737434085e+00 4.476728816064087013e+00 4.437815554961237474e+00 3.959786177232420989e+00 3.675229212224528030e+00 3.255536428590458886e+00 3.185882373501792042e+00 3.140472123574245877e+00
0.000000000000000000e+00 0.000000000000000000e+00 0.000000000000000000e+00 0.000000000000000000e+00 5.063962400939614916e+00 5.045413705686671690e+00 5.025442294534484766e+00 5.007144168121106631e+00 4.987645510248941427e+00 4.969642214906915711e+00 4.952951095183035335e+00 4.935759760879681934e+00 4.919244609779637400e+00 4.898010587403118343e+00 4.882595455607347645e+00 4.864324797721844895e+00 4.845067966160135242e+00 4.827457890307561783e+00 4.809336685080779716e+00 4.790460978269525327e+00 4.771288045487421137e+00 4.752889480678885725e+00 4.734680913065568930e+00 4.713417350845904075e+00 4.690866854725772583e+00 4.671016295461692280e+00 4.650133536623143549e+00 4.626314595885203218e+00 4.602121594412227346e+00 4.577304142742203652e+00 4.549420427681853063e+00 4.521091314514299242e+00 4.490075250048248812e+00 4.459034734127448552e+00 4.419914922614788466e+00 4.378788562749974744e+00 3.211148945926457721e+00 3.195165244017514450e+00 3.172467271882889683e+00 0.000000000000000000e+00 0.000000000000000000e+00
0.000000000000000000e+00 0.000000000000000000e+00 0.000000000000000000e+00 0.000000000000000000e+00 5.103000774462969957e+00 5.085352814115361220e+00 5.069103684079148131e+00 5.052187466664345372e+00 5.036074237365419037e+00 5.019724491125316490e+00 5.004211849505533216e+00 4.988474890120889960e+00 4.971646626554720783e+00 4.956771646208725457e+00 4.941030411695099822e+00 4.924628682411341885e+00 4.910016587795086096e+00 4.894318165298087386e+00 4.880673371240122904e+00 4.864106313359599199e+00 4.846864119635508672e+00 4.829383224567751931e+00 4.813323391013196506e+00 4.796818272590674503e+00 4.779861015522073764e+00 4.762218879508677283e+00 4.744335854977196121e+00 4.725525506428249756e+00 4.706460299774508194e+00 4.684686151275279542e+00 4.664620993205327970e+00 4.644053018510890141e+00 4.622975020942474700e+00 4.599324353398452025e+00 4.574885920381527527e+00 4.548023709611773491e+00 4.517755027470805373e+00 4.487527635260505576e+00 4.447143078410097594e+00 3.996291885028647961e+00 3.140471056783798787e+00
0.000000000000000000e+00 0.000000000000000000e+00 0.000000000000000000e+00 0.000000000000000000e+00 5.109111487379725425e+00 5.089341496407270071e+00 5.070931862041290650e+00 5.051618311807228423e+00 5.035807565965251698e+00 5.017433347815655864e+00 5.002209709385582848e+00 4.986126008161335221e+00 4.969812262614906828e+00 4.954584648299181993e+00 4.939141473557109308e+00 4.924823116265354628e+00 4.908077411668902101e+00 4.892683352907474692e+00 4.874598060710857439e+00 4.860148403310403431e+00 4.842990660228395861e+00 4.827901418867130978e+00 4.809838678649660970e+00 4.793195315891077612e+00 4.776326137880317901e+00 4.759002342884961934e+00 4.738608645930583840e+00 4.722287066843393610e+00 4.701140426883827494e+00 4.681910956140979962e+00 4.661964956839566021e+00 4.639511426429418606e+00 4.616293752571581699e+00 4.592759830819677092e+00 4.566158691704083950e+00 4.539421688440586244e+00 4.504889216941547758e+00 4.470555074419333863e+00 4.024713169115034184e+00 3.723672178139644018e+00 3.138850181972272946e+00
0.000000000000000000e+00 5.121813561063407683e+00 0.000000000000000000e+00 5.087195933825118921e+00 5.070603255045200264e+00 5.052858477680373994e+00 5.036333868545246339e+00 5.021285762848108014e+00 5.003113423697186590e+00 4.986425022496047355e+00 4.970817560615610198e+00 4.954730704214812320e+00 4.937930437703476727e+00 4.922255370036167754e+00 4.906100462395363238e+00 4.889228758600208558e+00 4.869269656828201676e+00 4.855431709718352806e+00 4.836351938694466668e+00 4.818919451731201953e+00 4.798776694716554658e+00 4.782283898907178532e+00 4.763059829636137721e+00 4.743530858394104932e+00 4.725256642602190027e+00 4.704164915846495987e+00 4.682739283126332808e+00 4.663065622266040933e+00 4.640010260863267177e+00 4.619441969307782614e+00 3.337705571709763230e+00 3.305778111111018713e+00 3.276854609241798499e+00 3.255504632361148065e+00 3.235882767534360216e+00 4.450675287966162408e+00 3.200261533345584386e+00 3.184505811167105627e+00 3.168267471906607735e+00 3.154868088616148203e+00 3.141201177869719530e+00
0.000000000000000000e+00 0.000000000000000000e+00 0.000000000000000000e+00 0.000000000000000000e+00 0.000000000000000000e+00 0.000000000000000000e+00 5.053200601104663292e+00 5.037815618309350540e+00 5.019558434173019279e+00 5.002329222220593508e+00 4.986822335726091460e+00 4.967943954163709819e+00 4.953052787898654330e+00 4.935206034605934988e+00 4.918918283306332739e+00 4.901698027620197351e+00 4.883982471689124694e+00 4.870222993731218253e+00 4.850841052789652608e+00 4.833310996641128732e+00 4.815509960617026408e+00 4.798925495647979211e+00 4.779652299164319551e+00 4.759849463924790136e+00 4.741746771265176186e+00 4.720640760077436937e+00 4.701250806091027634e+00 4.679035048116024775e+00 4.659025551779447660e+00 4.638231213883643456e+00 4.611702092321071866e+00 4.590216838327638271e+00 4.563137454693829476e+00 4.535390848905429095e+00 3.269664484078932620e+00 3.241093317292589315e+00 3.213566288810573823e+00 3.193763506320887124e+00 3.176290671310050051e+00 3.157945211888347536e+00 3.139114004290972648e+00
0.000000000000000000e+00 0.000000000000000000e+00 0.000000000000000000e+00 0.000000000000000000e+00 5.112703776148705970e+00 5.092547663462138274e+00 5.073736249683303612e+00 5.056303361561604426e+00 5.038202079550146095e+00 5.021099640124168317e+00 5.005446028087314758e+00 4.989361775948482070e+00 4.974767866232772562e+00 4.958907200523667846e+00 4.942830277895160052e+00 4.928502276659916248e+00 4.913547642248556890e+00 4.897741840362249022e+00 4.879278692513024929e+00 4.864618572647696482e+00 4.849544390880974554e+00 4.831995645890324376e+00 4.815621726420181936e+00 4.799031768430367606e+00 4.781780425606007690e+00 4.766192363340906013e+00 4.745925720461553254e+00 4.729673205931101521e+00 4.708225567174706860e+00 4.688667269385024206e+00 4.668851995782817177e+00 4.648325903202311871e+00 4.622646632915257570e+00 4.598861500140050573e+00 4.572738583309195803e+00 4.546038232064123719e+00 4.511680034971242037e+00 4.472476358125018869e+00 2.602899742884560830e+00 2.559543828443487712e+00 3.763647323676986289e+00
0.000000000000000000e+00 0.000000000000000000e+00 5.097014835366021401e+00 5.077697976584467199e+00 5.061614274532180602e+00 5.042536262261477553e+00 5.028668257656677909e+00 5.010097180375272963e+00 4.994685596250348247e+00 4.978606112805540995e+00 4.964033338878010682e+00 4.948369729763866687e+00 4.932251931268230472e+00 4.915453191795405630e+00 4.900214588386821113e+00 4.884086277229948259e+00 4.867497619309880896e+00 4.850218517027802712e+00 4.832461384937863258e+00 4.816106353200802381e+00 4.801640442554913513e+00 4.781772667661680742e+00 4.763776790515342974e+00 4.745292318076519855e+00 4.728732525981399704e+00 4.706597183332660528e+00 4.688596013448971256e+00 4.670566016026402423e+00 4.649550898011047373e+00 4.625488524518464928e+00 4.603371733805682986e+00 4.578385889486887628e+00 3.379142884532328139e+00 3.309855979324421771e+00 3.271594714213631683e+00 4.465360986615024785e+00 3.217805815061513197e+00 3.195706211259282004e+00 3.175900217669556991e+00 3.158040782666179158e+00 3.142919900169256486e+00
0.000000000000000000e+00 0.000000000000000000e+00 0.000000000000000000e+00 5.096447076154828615e+00 5.080418919440838899e+00 5.063296293066543718e+00 5.045484593257981487e+00 5.031000458538835929e+00 5.015867097750163595e+00 4.999859370926840185e+00 4.985347030614622810e+00 4.967998396566891017e+00 4.954139892801348033e+00 4.937421905112540088e+00 4.922033203136239266e+00 4.906418601847001959e+00 4.889911695584383544e+00 4.875445941743927314e+00 4.859655625858463779e+00 4.843638383277639292e+00 4.825057214643987180e+00 4.807655480346364918e+00 4.790004798885143522e+00 4.774029708279769579e+00 4.757598764407281244e+00 4.738060521968532335e+00 4.720449025434561463e+00 4.700136278927631750e+00 4.679302535439680000e+00 4.657709361413981064e+00 4.635808650524015029e+00 4.615883363236199521e+00 4.592901190297149938e+00 4.567264533423989192e+00 3.335206054257066732e+00 3.273815810183391406e+00 3.233452087905284156e+00 3.207166693797549151e+00 3.181965334050013805e+00 3.161464286319266570e+00 3.140276685151331737e+00
0.000000000000000000e+00 0.000000000000000000e+00 0.000000000000000000e+00 0.000000000000000000e+00 0.000000000000000000e+00 5.064841323418638908e+00 5.049364207322363463e+00 5.031061372134733922e+00 5.013986206866853479e+00 4.998174330331307758e+00 4.981680133284943857e+00 4.966489404660976881e+00 4.950625260245986148e+00 4.932047338706411210e+00 4.919098806378533695e+00 4.901164312493031971e+00 4.884812746367210856e+00 4.867541877737575184e+00 4.852349370368551185e+00 4.831545742317139513e+00 4.817543175370959219e+00 4.797873479886396453e+00 4.780089888800962861e+00 4.761814605662821442e+00 4.743039408662116152e+00 4.725751577473880083e+00 4.705736341553587998e+00 4.685427201980530754e+00 4.664118369232994610e+00 4.642732184496719761e+00 4.620326490333233949e+00 4.595495867961166603e+00 4.570059557617217827e+00 4.544479077541191181e+00 4.515649735025128564e+00 3.272125594248635583e+00 3.233997972760259021e+00 3.207341645858812207e+00 3.181590001680509427e+00 3.160604954809774991e+00 3.141973961109345126e+00
0.000000000000000000e+00 0.000000000000000000e+00 0.000000000000000000e+00 0.000000000000000000e+00 5.111256110487058635e+00 5.089939432819071463e+00 5.072050592623999599e+00 5.053255003356079023e+00 5.037988589892289149e+00 5.021639715634888645e+00 5.002898959728621975e+00 4.987136226929032468e+00 4.970927946213851811e+00 4.956246871677324251e+00 4.938922206594413389e+00 4.922701310005216158e+00 4.908493040472139413e+00 4.890939929761375815e+00 4.873580198413728581e+00 4.857155243162403657e+00 4.840277205916550862e+00 4.823161900540167579e+00 4.807473503798424197e+00 4.789209000492865798e+00 4.772610255991746264e+00 4.755553394042931536e+00 4.737577663045945187e+00 4.717158834753421459e+00 4.695998725094182369e+00 4.674773390504448400e+00 4.655035822502502363e+00 4.635024420438493387e+00 4.609717431232843055e+00 4.586580049377199764e+00 4.557797124106995668e+00 4.531398790562375822e+00 4.497111996884926910e+00 3.973356597253285827e+00 3.266181193326329169e+00 3.183470802357012630e+00 3.141592653589793116e+00
5.124261903911371263e+00 5.105643876286134031e+00 5.088385531548047958e+00 5.069753957471914596e+00 5.052303403279503335e+00 5.036070682788908570e+00 5.018692900334450258e+00 5.000807179312539930e+00 4.986179708954093570e+00 4.968633036185965857e+00 4.952608528073747074e+00 4.935429135100243947e+00 4.920039021124356537e+00 4.901415545523520656e+00 4.884368671735549228e+00 4.868940909930877581e+00 4.852583254261145562e+00 4.835739035524215801e+00 4.815768354647912197e+00 4.797672877988879314e+00 4.778829337241750075e+00 4.761682715930799503e+00 4.741793049556219941e+00 4.723383385054735761e+00 4.702173696618639376e+00 4.682930610069721666e+00 4.660122198873352772e+00 4.637435971139715285e+00 4.613677292940866259e+00 4.592161640896228469e+00 4.568152336540629577e+00 4.540622028643251262e+00 4.512892242570864632e+00 4.482255132968397504e+00 4.449115624616121423e+00 4.408386021551076617e+00 3.206912896882254227e+00 3.188388969184476895e+00 3.169557032641354688e+00 3.156496588775362877e+00 3.142772372949008020e+00
0.000000000000000000e+00 0.000000000000000000e+00 5.123932352013290448e+00 5.108433133750876820e+00 5.090527553796853510e+00 5.075361338633959996e+00 5.057566374844667756e+00 5.042972886023843415e+00 5.030018631975145205e+00 5.014218200987142993e+00 4.999657246898126850e+00 4.984903272705196287e+00 4.973107770335512434e+00 4.956940150019983449e+00 4.942475213757079544e+00 4.929119613589494797e+00 4.915382337241744892e+00 4.901046825918816019e+00 4.884139540462246742e+00 4.871187388416311492e+00 4.855226230261682652e+00 4.841070035404611005e+00 4.824718290420213940e+00 4.809545850079190110e+00 4.793753969974065221e+00 4.777767763439851656e+00 4.759078861644512770e+00 4.744545882517838820e+00 4.726863697734439818e+00 4.709403367784504191e+00 0.000000000000000000e+00 2.638214490047567029e+00 2.579928818798232548e+00 2.532777026049836344e+00 2.481830699515100047e+00 2.424231234635744414e+00 2.277976444381329735e+00 2.177985617689274456e+00 4.508037734108864214e+00 4.474980839896019802e+00 4.432401862190601172e+00
0.000000000000000000e+00 0.000000000000000000e+00 0.000000000000000000e+00 0.000000000000000000e+00 0.000000000000000000e+00 0.000000000000000000e+00 0.000000000000000000e+00 5.036327522486360841e+00 5.015790518090926575e+00 4.994008102451676478e+00 4.975742813173264167e+00 4.956948825259259728e+00 4.936933182809923437e+00 4.918696430327842428e+00 4.899472587845655092e+00 4.879476046009781243e+00 4.863475945125403044e+00 4.841932981251932944e+00 4.824436891574968911e+00 4.803744597247480819e+00 4.785191009670549001e+00 4.765632361247400084e+00 4.745526821202316725e+00 4.722337725593102498e+00 4.703634922428086007e+00 4.681589052408319240e+00 4.659193716203987812e+00 4.633832866095922043e+00 4.609968953220598742e+00 4.585725209962206783e+00 4.556477846566790113e+00 4.528955511753188112e+00 4.498266603584608170e+00 3.379345048737746993e+00 4.421705352437150793e+00 3.262512007993714658e+00 3.230159035181823235e+00 3.204471083276171584e+00 3.180728700901323869e+00 3.161901308237563768e+00 3.142180050159489202e+00
5.139446926799267068e+00 5.122660049378034763e+00 5.106803722540433910e+00 5.092313911184319863e+00 5.075172654408662609e+00 5.061036762390604515e+00 5.044225646133542185e+00 5.030688730295351796e+00 5.016124047805585739e+00 5.001352515188562720e+00 4.987645037313584773e+00 4.973744790773132252e+00 4.958590050925536730e+00 4.943225750559564702e+00 4.929181693768004635e+00 4.912542254013555265e+00 4.899650814574824764e+00 4.884149341244178544e+00 4.869803537654114223e+00 4.853017468276800805e+00 4.840094849034711544e+00 4.822005907304399486e+00 4.805968945843778428e+00 4.789277073155529862e+00 4.774245075338898303e+00 4.758793058892005767e+00 4.738429155512786650e+00 4.721865881300495893e+00 4.705085723907513895e+00 4.685460186090273815e+00 4.667543598373915970e+00 4.646961297284191161e+00 4.626108387444261005e+00 4.604753784577451547e+00 4.583116813762729613e+00 4.558695289921495863e+00 3.290326464831629494e+00 4.505880020973159539e+00 4.473024233277191897e+00 4.437603829932919020e+00 4.395290477566432763e+00
0.000000000000000000e+00 0.000000000000000000e+00 0.000000000000000000e+00 0.000000000000000000e+00 5.092634254099101199e+00 5.073581022843010935e+00 5.053790665715906627e+00 5.035196070682583347e+00 5.017832947528249044e+00 5.001737170228487628e+00 4.982739083288469040e+00 4.965015055118934484e+00 4.950847894543078276e+00 4.931716253534808025e+00 4.916630985311383206e+00 4.900419309918755850e+00 4.881424805577840864e+00 4.863799814742227667e+00 4.848035317390155363e+00 4.831808839527643507e+00 4.812272231095105823e+00 4.794391195849504683e+00 4.776478437905959495e+00 4.757608182580878697e+00 4.740452607037376254e+00 4.720575842939526368e+00 4.699942099823715580e+00 4.679007795349539478e+00 4.657298243971121465e+00 4.635272246049684242e+00 4.610360096916926942e+00 4.587425521383852178e+00 4.561550922513657014e+00 4.532670557798565092e+00 4.503356426446119443e+00 4.466328590497258055e+00 4.424306308266858778e+00 3.271807256147897025e+00 3.210442183835555685e+00 3.170610767551001352e+00 3.143124390622260123e+00
0.000000000000000000e+00 5.131949180636842911e+00 5.110876687687084363e+00 5.093387350710465000e+00 5.076859465673769556e+00 5.061745815987288566e+00 5.047235366862553363e+00 5.028462635071742071e+00 5.012618352928774890e+00 4.998479033031182794e+00 4.983478462436708334e+00 4.967819719723122418e+00 4.951492189373319697e+00 4.936272275303434931e+00 4.920610656284293505e+00 4.904499746980269137e+00 4.891813213888767109e+00 4.874367294984755183e+00 4.858305227889800015e+00 4.842013225869910897e+00 4.827150689420395935e+00 4.809046579588983406e+00 4.791365911068745653e+00 4.774456920349230415e+00 4.757311802164859493e+00 4.737504776016355557e+00 4.719397383006664448e+00 4.700805728670765404e+00 4.681492121085025992e+00 4.662139677269432347e+00 4.642050140180151274e+00 4.618690143457980568e+00 4.598010607074381362e+00 4.574010446656449957e+00 3.342469388511507766e+00 4.522387689332441063e+00 3.231698588942211625e+00 4.457271438498133342e+00 3.178000893189067533e+00 3.159946651565974651e+00 3.143509427631031361e+00
0.000000000000000000e+00 0.000000000000000000e+00 0.000000000000000000e+00 0.000000000000000000e+00 0.000000000000000000e+00 5.064866551437128273e+00 5.047263821926008198e+00 5.028723299073718067e+00 5.009011226133573302e+00 4.993406169398106442e+00 4.976229327266610269e+00 4.958564309732405917e+00 4.942440835370484287e+00 4.925844124421091763e+00 4.907644601972767084e+00 4.891933342420329289e+00 4.872745656861387609e+00 4.857509724635054482e+00 4.839451183846193771e+00 4.820663269716242816e+00 4.803764943993257042e+00 4.783503695011295243e+00 4.767814519639569149e+00 4.746518386440239823e+00 4.729385596157603011e+00 4.709276026903129519e+00 4.688869370780054169e+00 4.667689597731803808e+00 4.643415548359813627e+00 4.621582702602220927e+00 4.599185708555428853e+00 4.575978362600264582e+00 4.547180017800251051e+00 4.518423750313659504e+00 4.489463549464335124e+00 3.327151151911500016e+00 4.410202196448584466e+00 3.220214167101279834e+00 3.188274799123916203e+00 3.164233019494936627e+00 3.141980744096721789e+00
0.000000000000000000e+00 0.000000000000000000e+00 0.000000000000000000e+00 0.000000000000000000e+00 5.085769011782370619e+00 5.069345591386442251e+00 5.050278731024004486e+00 5.032202405750129337e+00 5.017998575824178076e+00 4.998264520780806741e+00 4.982227137103365955e+00 4.965268038934040007e+00 4.950079917943625674e+00 4.933979136255692843e+00 4.919248431748957984e+00 4.899657309744611666e+00 4.885852493425819176e+00 4.866904377515036018e+00 4.849346903118715524e+00 4.833678505855698582e+00 4.815134498291222087e+00 4.796074913613963098e+00 4.778932625787193800e+00 4.758367257595817357e+00 4.741979876766761137e+00 4.720349887933784849e+00 4.700671901401338282e+00 4.680221961889848181e+00 4.659225531170063661e+00 4.635574474158609348e+00 4.616032542652701132e+00 4.591445421248571357e+00 4.565998563633256069e+00 4.540399138669314993e+00 4.508810567314228912e+00 3.238692256170932815e+00 3.213332527349872958e+00 3.192778715445415472e+00 3.174402012915893856e+00 3.158235315177123415e+00 3.141204658943184569e+00
0.000000000000000000e+00 0.000000000000000000e+00 0.000000000000000000e+00 0.000000000000000000e+00 0.000000000000000000e+00 0.000000000000000000e+00 5.055564732064569355e+00 5.036228971975002189e+00 5.013379043545948655e+00 4.992653169182248440e+00 4.975042467183689254e+00 4.954341111536971098e+00 4.934712333212209145e+00 4.917120986789113246e+00 4.898532002290347798e+00 4.878928158806435711e+00 4.856568353375525504e+00 4.838022081631510041e+00 4.818692749087340133e+00 4.798566556641807423e+00 4.778106769793283526e+00 4.756347242801538755e+00 4.737021107508750717e+00 4.714317915702080697e+00 4.690995551253764440e+00 4.669413901434616321e+00 4.647230875896003255e+00 4.622266088175263299e+00 4.596390424660299345e+00 4.567869298976609649e+00 4.538613247919310645e+00 4.508608139914469959e+00 3.545254768142410029e+00 3.371298460556231280e+00 3.306657111681012395e+00 3.263431543935200185e+00 3.231042660119959997e+00 3.205326101782361992e+00 3.181359649204853923e+00 3.162315044459769187e+00 3.142768839532732006e+00
0.000000000000000000e+00 0.000000000000000000e+00 0.000000000000000000e+00 0.000000000000000000e+00 0.000000000000000000e+00 0.000000000000000000e+00 0.000000000000000000e+00 5.072743331060890704e+00 5.050272885658900535e+00 5.028984125328812560e+00 5.008691946469268963e+00 4.990101158830658967e+00 4.970538978964281540e+00 4.954786122020675698e+00 4.933498140754645434e+00 4.916064455340363182e+00 4.898358165761002248e+00 4.879686192697741731e+00 4.860263568427007463e+00 4.842702686512735610e+00 4.824174140547693668e+00 4.802697806483966048e+00 4.785789247275315184e+00 4.768150051935370115e+00 4.744794960114242954e+00 4.723351666613567090e+00 4.703867481324319755e+00 4.681302207910285951e+00 4.660715413251384831e+00 4.636989465058015014e+00 4.613136260336534455e+00 4.585807063444642395e+00 4.560936154809231091e+00 4.528157725089339003e+00 3.672725224520441589e+00 3.404493581590061435e+00 4.412608260518576131e+00 3.229296385508191314e+00 3.197097824147916434e+00 3.165568512432765491e+00 3.141214011592253108e+00
