3.383463838367099186e+00 3.320696239311509146e+00 3.348728180942945887e+00 3.376725403311947815e+00 3.404740232217180029e+00 3.432745647278518941e+00 3.460769703433224986e+00 3.488818337229179889e+00 3.516926068697288965e+00 3.545039377741322717e+00 3.573195536254190952e+00 3.601432261907235421e+00 3.629688056232243998e+00 3.658048396670486202e+00 3.686469266670839851e+00 3.714991366084880564e+00 3.743604675346283717e+00 3.772342556139315572e+00 3.801177673955712155e+00 3.830159772379076344e+00 3.859274318596877862e+00 3.888537840333857964e+00 3.917974407231461509e+00 3.947614463505342286e+00 3.977424686092042805e+00 4.007462170938989487e+00 4.037749536343167023e+00 4.068292144748455463e+00 4.099172650320076272e+00 4.130353971335343211e+00 4.161926694597819498e+00 4.193985824327913114e+00 4.226571972977654745e+00 4.259880173693178840e+00 4.294045129029130159e+00 4.329539831766451741e+00 4.367050603198864067e+00 4.960146599888396679e+00 4.974918121139256577e+00 4.988690024670097145e+00 5.001644376233281619e+00
4.433682343712696650e+00 4.517515640186723580e+00 4.543702153439444835e+00 4.623617164498779353e+00 3.373447525679508896e+00 3.401030026236517401e+00 3.428635403109562496e+00 3.456237125516707032e+00 3.483883554676068695e+00 3.511598603623143688e+00 3.539331690898365412e+00 3.567132025851214916e+00 3.595033323193495445e+00 3.623011698147387438e+00 3.651042958309222097e+00 3.679175864606328172e+00 3.707441659286111246e+00 3.735809113990605113e+00 3.764272867957672464e+00 3.792868028880965525e+00 3.821647199427447905e+00 3.850570365735424438e+00 3.879647783404806205e+00 3.908902009998559635e+00 3.938367995577972458e+00 3.968005346365098163e+00 3.997932104084094718e+00 4.028085478751848747e+00 4.058497392931335490e+00 4.089270862212364577e+00 4.120369734510843429e+00 4.151904340124003667e+00 4.183870834990877974e+00 4.216425015641577012e+00 4.249745711936908421e+00 4.764140991349680831e+00 4.794159344159000469e+00 4.814802077243181877e+00 4.831641124751612892e+00 4.846350220474804793e+00 4.859685147159479079e+00
4.464868355073807749e+00 4.550888442101831188e+00 3.262179987234947731e+00 3.288437991953821804e+00 3.314779774318743488e+00 3.341106045313750439e+00 3.367443011181284973e+00 3.393774847280131901e+00 3.420306850386006126e+00 3.446802057051467916e+00 3.473211122611298940e+00 3.499783013453165559e+00 3.526410045428459039e+00 3.553264125966696607e+00 3.580059070974670909e+00 3.606903057543976221e+00 3.633895330101680088e+00 3.661004773121317335e+00 3.688213721546822921e+00 3.715553720714212638e+00 3.743007853384995531e+00 3.770635660615368145e+00 3.798368773265009324e+00 3.826299898429129875e+00 3.854347704210349335e+00 3.882633534860502333e+00 3.911101352417678534e+00 3.939783519263468037e+00 3.968688416903875638e+00 3.997849432718950435e+00 4.027331244581874081e+00 4.057101991418196718e+00 4.611276291157361484e+00 4.674471200445450059e+00 4.700784826684106577e+00 4.721273785982606164e+00 4.738913346565660767e+00 4.754724158074201235e+00 4.769310523587351192e+00 4.783021639756475096e+00 4.795998766743173825e+00
4.304628864619422401e+00 4.348396270042310441e+00 4.459966653172408257e+00 4.521477015825169588e+00 3.278940134924898331e+00 3.304078471863706845e+00 3.329241141097400991e+00 3.354391457483088423e+00 3.379590035037382201e+00 3.404787548205537639e+00 3.430051450771761878e+00 3.455353378990069224e+00 3.480633753793890506e+00 3.506022108562943718e+00 3.531597200149739546e+00 3.557105492589363038e+00 3.582648955520035816e+00 3.608329690308165194e+00 3.634094664737624658e+00 3.659935669592268681e+00 3.685905237462706818e+00 3.711978003093315159e+00 3.738188363158076566e+00 3.764519065577921708e+00 3.790959595263367898e+00 3.817615170508576128e+00 3.844384795458133386e+00 3.871333466986512484e+00 3.898499773747780228e+00 3.925863173337190037e+00 3.953446434268750309e+00 3.981301611054290035e+00 4.009456787733827632e+00 4.037942976032413256e+00 4.066833935316661375e+00 4.096255050890761140e+00 4.126320422535211030e+00 4.633792101805103592e+00 4.664691032817472660e+00 4.682969829278202489e+00 4.697300433809510345e+00
3.158604037397870989e+00 3.182994505874700231e+00 3.207362989820108812e+00 3.231676045552581478e+00 3.255997616886850743e+00 3.280313235016994788e+00 3.304624408782039335e+00 3.328917893627203028e+00 3.353196364576274568e+00 3.377516766958235550e+00 3.401856441658162034e+00 3.426214033492990030e+00 3.450560371004251170e+00 3.474973242706031140e+00 3.499415597595201710e+00 3.523924684746933877e+00 3.548467896802204091e+00 3.573048222408509833e+00 3.597744490953747931e+00 3.622456443444398211e+00 3.647274178675144363e+00 3.672191120226151018e+00 3.697192923712260715e+00 3.722263963659675046e+00 3.747501665556296047e+00 3.772808341336260085e+00 3.798269677147077417e+00 3.823852496628057818e+00 3.849617444266475896e+00 3.875512986428784057e+00 3.901624307803932545e+00 3.927946304284906986e+00 3.954455580554987915e+00 3.981253186748712647e+00 4.717439262969488567e+00 4.737026383177377120e+00 4.063696724247182424e+00 4.092183247965843762e+00 4.121360323664164049e+00 4.727614062253770122e+00 4.811128828283939285e+00
3.145533342653431319e+00 3.169200879108764912e+00 3.192848020434226441e+00 3.216468317787069431e+00 3.240038604715290038e+00 3.263571597205827235e+00 3.287127050957463048e+00 3.310641643733575723e+00 3.334113657806437647e+00 3.357606026902817842e+00 3.381105828612435804e+00 3.404621947999610487e+00 3.428107684558123758e+00 3.451632276903747520e+00 3.475142307077474957e+00 3.498705478972780281e+00 3.522318376142163032e+00 3.545951357890785083e+00 3.569638848654177465e+00 3.593368852402373914e+00 3.617139677239843643e+00 3.640985126919245918e+00 3.664928706764213118e+00 3.688906830741818244e+00 3.712998934231787285e+00 3.737205262538669803e+00 3.761493452215101119e+00 3.785923249010496594e+00 3.810447554385478774e+00 3.835117347742417415e+00 3.859965949586087852e+00 3.885030364579428408e+00 3.910242778055992297e+00 3.935730216050874475e+00 3.961497028877228210e+00 3.987575554063129690e+00 4.715047150471503912e+00 4.041023354328075357e+00 4.068684918281498142e+00 4.772000627177224175e+00 4.785964816321507165e+00
4.390056521977720116e+00 3.130848599119187892e+00 3.153557212535739840e+00 3.176247194890384318e+00 3.198887343532684113e+00 3.221514111632467259e+00 3.244131228559398394e+00 3.266701882176318517e+00 3.289248269718357598e+00 3.311829440783799150e+00 3.334398488406018934e+00 3.356972011245856535e+00 3.379566725751608658e+00 3.402139876550924313e+00 3.424729341543365280e+00 3.447372412747003789e+00 3.470029356448355529e+00 3.492717683629632308e+00 3.515447288969767659e+00 3.538226724018314506e+00 3.561054630767511942e+00 3.583932952885066303e+00 3.606853020739404503e+00 3.629890754249414986e+00 3.652980625417852956e+00 3.676164581194683922e+00 3.699440973364024998e+00 3.722798982903221088e+00 3.746279736095404544e+00 3.769911989691004273e+00 3.793626707132017994e+00 3.817509179374344974e+00 3.841562967332995626e+00 4.299079451082617354e+00 4.255085513492739224e+00 3.914961444620773001e+00 3.940001382456625567e+00 3.965432368867253032e+00 3.991400981744591903e+00 4.018206632812121093e+00 4.046633968003683357e+00
4.323983006060439394e+00 4.376068376068376509e+00 4.475720935356817698e+00 4.536862003780719022e+00 3.285794183445190253e+00 3.311235435737887478e+00 3.336670003336670298e+00 3.362145048540968961e+00 3.387674396095186502e+00 3.413111922208910354e+00 3.438718595902423125e+00 3.464317529446699240e+00 3.489962866795097263e+00 3.515641156439138104e+00 3.541666666666666519e+00 3.567508232711305904e+00 3.593443347983525271e+00 3.619430774906207571e+00 3.645593303113887185e+00 3.671834947555111750e+00 3.698199046841528670e+00 3.724703058395066435e+00 3.751302535602639487e+00 3.778095290432488707e+00 3.804990764249690294e+00 3.832058303025235979e+00 3.859300915205645222e+00 3.886756571047827791e+00 3.914378128927253897e+00 3.942263135689930476e+00 3.970354685018528507e+00 3.998786575108242758e+00 4.027498090410388087e+00 4.056599881739800573e+00 4.086155550938430636e+00 4.116242693669218689e+00 4.147111882166727881e+00 4.637223756428091370e+00 4.660726525017135025e+00 4.677622392053545575e+00 4.691611534564937180e+00
3.179848058564505919e+00 3.204949556880886785e+00 3.230019520552754209e+00 3.255073066001800353e+00 3.280130088563512292e+00 3.305147767648111579e+00 3.330188155630792846e+00 3.355212112315725470e+00 3.380266144220089863e+00 3.405379109041628549e+00 3.430483698201446163e+00 3.455592184832714686e+00 3.480730674983292250e+00 3.505949803048113544e+00 3.531195690556474975e+00 3.556534958646563993e+00 3.581933279604333720e+00 3.607378476437574921e+00 3.632908562486027115e+00 3.658502912996659084e+00 3.684239795350906288e+00 3.710039779870972776e+00 3.735964190091392911e+00 3.762043765109134075e+00 3.788191861586356790e+00 3.814517359521728324e+00 3.840983291722680715e+00 3.867616995414111081e+00 3.894405964004562293e+00 3.921460709715590909e+00 3.948681001995122841e+00 4.626145316200483748e+00 4.003948721842920833e+00 4.715214888984425201e+00 4.736115973065913920e+00 4.754325402567335601e+00 4.770797268377792832e+00 4.786062984588876468e+00 4.800471817801520658e+00 4.814206034263392553e+00 4.827386452974359976e+00
3.118611178488512881e+00 3.141712163313179484e+00 3.164712749572763162e+00 3.187714824259895607e+00 3.210676196325869203e+00 3.233607018333145344e+00 3.256516497374000618e+00 3.279489236995429824e+00 3.302396301316143035e+00 3.325297198437110247e+00 3.348120867163304482e+00 3.371033875450617945e+00 3.393939393939393590e+00 3.416872376330139627e+00 3.439830485153691608e+00 3.462795722754722583e+00 3.485802327121633404e+00 3.508844351792606453e+00 3.531929333711918417e+00 3.555047470339750770e+00 3.578260690053811643e+00 3.601491441161515983e+00 3.624804818202096435e+00 3.648203087894160923e+00 3.671682323274309656e+00 3.695233845553170138e+00 3.718931427036631376e+00 3.742696543550432686e+00 3.766607314066566126e+00 3.790646063930969145e+00 3.814861312451013120e+00 3.839173530643585686e+00 3.863747697275367710e+00 3.888510839223964233e+00 3.913538747527831596e+00 3.938857869423406211e+00 3.964583058015064942e+00 3.990779922248597789e+00 4.017677782241864115e+00 4.045589609809856491e+00 4.075429992401740087e+00
4.231967309786944575e+00 3.110570409489313182e+00 3.132723032475894787e+00 3.154817406179235562e+00 3.176861399062135050e+00 3.198887343532684113e+00 3.220882521810976229e+00 3.242877743509069877e+00 3.264796269615393154e+00 3.286713286713287108e+00 3.308656271971545770e+00 3.330627198734361638e+00 3.352610845696085473e+00 3.374562684223574749e+00 3.396503680700926786e+00 3.418469502368511215e+00 3.440469555284904946e+00 3.462506006387970015e+00 3.484563384207958414e+00 3.506648881310248989e+00 3.528805640442935321e+00 3.550988010193424582e+00 3.573220089742796812e+00 3.595549978144696457e+00 3.617919835245496873e+00 3.640360395679172356e+00 3.662902400928856661e+00 3.685528839263167100e+00 3.708256364123306614e+00 3.731137029462163301e+00 4.217250629130830930e+00 4.190002653668347676e+00 4.171881518564871882e+00 4.156700806127385128e+00 3.847765890929579324e+00 4.129273798381325022e+00 3.896167145570544665e+00 4.088056742227582419e+00 3.946767113043718744e+00 3.974072602195332315e+00 4.010565766363799689e+00
4.656658326383096735e+00 4.681647940074905812e+00 4.763416957764369464e+00 3.437749236819668930e+00 3.467743054110662193e+00 3.497750946141630735e+00 3.527824853871960986e+00 3.557899583516460851e+00 3.588062791098844073e+00 3.618297451883602633e+00 3.648604924928232851e+00 3.678997091509845774e+00 3.709504575055642572e+00 3.740078403125043138e+00 3.770790769104197526e+00 3.801650607572887530e+00 3.832645779908574024e+00 3.863801014247766119e+00 3.895110245531057114e+00 3.926620419803944717e+00 3.958333333333332593e+00 3.990258266026390999e+00 4.022414558366622650e+00 4.054843476169203598e+00 4.087542694037036739e+00 4.120567814244802562e+00 4.153916450893783363e+00 4.187690934678885313e+00 4.221891545835206649e+00 4.256633826507843388e+00 4.291964335160879607e+00 4.328022917911831691e+00 4.364996882145084633e+00 4.403134481358917718e+00 4.945156837022739893e+00 4.963757768620890687e+00 4.980555366036705678e+00 4.996064743523936258e+00 5.010639028073305745e+00 5.024433890839010708e+00 5.037644314707850235e+00
4.211689163530914826e+00 4.328320268218448952e+00 4.317999791064526249e+00 4.213387699626230720e+00 3.259633256581685234e+00 3.283780178281898721e+00 3.307879086462328644e+00 3.331991281289480522e+00 3.356080098445016535e+00 3.380149554372119614e+00 3.404267144653563282e+00 3.428347536487413638e+00 3.452442603141722355e+00 3.476592105354646467e+00 3.500738655856385773e+00 3.524947644159991178e+00 3.549159336376795260e+00 3.573441086326090144e+00 3.597769382982551001e+00 3.622178879910838312e+00 3.646621714600247532e+00 3.671171783645609477e+00 3.695774962170604638e+00 3.720494412368577031e+00 3.745318352059924916e+00 3.770238851613173736e+00 3.795328295897594906e+00 3.820505696026673892e+00 3.845863293295149532e+00 3.871413757345315787e+00 3.897143254810536472e+00 3.923107100823852278e+00 3.949364983682886354e+00 3.975952343412600953e+00 4.002981531071418964e+00 4.030522669982169681e+00 4.058888277380297005e+00 4.405286343612335287e+00 4.376914900268867648e+00 4.253363244081307393e+00 4.334216229231880213e+00
3.192338387869114502e+00 3.218381154279397638e+00 3.244422354760326588e+00 3.270475262681789452e+00 3.296533729852567429e+00 3.322650090334549056e+00 3.348798269787560233e+00 3.374957813027336773e+00 3.401148060998548939e+00 3.427484226577691473e+00 3.453801945181255384e+00 3.480125006090218687e+00 3.506576549941213372e+00 3.533128273339429803e+00 3.559836666317662601e+00 3.586553184445394393e+00 3.613369467028003434e+00 3.640309907137754486e+00 3.667363235029546420e+00 3.694564111143642471e+00 3.721853483034550880e+00 3.749323038895755023e+00 3.776927778273738046e+00 3.804674907823102803e+00 3.832619072506183944e+00 3.860711060247774995e+00 3.889023924441819879e+00 3.917525773195876138e+00 3.946247948989552778e+00 3.975200329174483738e+00 4.004418668876001064e+00 4.033940742801501500e+00 4.063836675092813877e+00 4.676721618145679216e+00 4.695730288140898878e+00 4.712728464879927692e+00 4.728391593056803011e+00 4.743083003952568433e+00 4.756980351602894785e+00 4.770332678852907016e+00 4.783152370735307635e+00
4.512820512820512775e+00 4.573129112403418794e+00 4.629533660855564392e+00 4.685874156714926464e+00 4.718819884696661582e+00 4.786846578098441718e+00 4.692473001278528066e+00 3.526800224055543165e+00 3.556041851877179472e+00 3.585390911034040062e+00 3.614761869036495323e+00 3.644212709892635793e+00 3.673743822218525246e+00 3.703393146626418275e+00 3.733123172325113703e+00 3.762961311182964064e+00 3.792946498765567664e+00 3.823021415746751916e+00 3.853272873647053842e+00 3.883706827829143560e+00 3.914277326548585734e+00 3.945046198567325746e+00 3.976032198885315339e+00 4.007268355707248375e+00 4.038715966854676154e+00 4.070453338116690745e+00 4.102492785870736292e+00 4.134879778370443404e+00 4.167650695303057873e+00 4.200841545634223628e+00 4.234552560515920661e+00 4.268884650605562214e+00 4.304001332852025463e+00 4.525383286251061676e+00 4.636806555198759838e+00 4.778194811849922452e+00 4.836057645807136929e+00 4.864313069929639077e+00 4.884137407065718861e+00 4.900269169714956519e+00 4.914239692040978547e+00
4.055345151113157520e+00 3.860498142135268651e+00 3.115070712105164841e+00 3.137550200803212341e+00 3.159979214358945132e+00 3.182465996042672440e+00 3.204860240225175794e+00 3.227345438217382068e+00 3.249020109360634123e+00 3.273527609071153588e+00 3.296163826355284154e+00 3.317620713011984801e+00 3.340199298558146790e+00 3.362851698240107545e+00 3.385029878069842013e+00 3.407510431154381347e+00 3.431026082660280085e+00 3.453825802841806958e+00 3.476930565696602748e+00 3.499862750480373208e+00 3.522902318898643692e+00 3.546148604486225597e+00 3.569418322098818042e+00 3.592789061014011409e+00 3.616259257971417895e+00 3.639884897224759719e+00 3.663623041370758671e+00 3.687443905629265828e+00 3.711442238961895956e+00 3.735576523976866792e+00 3.759843479108499142e+00 3.784334232399405806e+00 3.808943399101088811e+00 3.833804571811951334e+00 3.858928596039084891e+00 3.884303253103973841e+00 3.910001371930305947e+00 3.936137889125210343e+00 4.014924443275347699e+00 3.990807381617515137e+00 4.440982755322346875e+00
4.207302774060944550e+00 3.326887488823737193e+00 3.356080098445016535e+00 3.384977750823325415e+00 3.413920434752316435e+00 3.442933379239112135e+00 3.471957003284471543e+00 3.501064048877599255e+00 3.530200868429413497e+00 3.559463986599665120e+00 3.588756150920998866e+00 3.618146395769551660e+00 3.647650706474235616e+00 3.677286856127886416e+00 3.707008992929222924e+00 3.736894917130894278e+00 3.766891082056586182e+00 3.797031411805315670e+00 3.827332622542989338e+00 3.857835263420006378e+00 3.888483838489046551e+00 3.919372900335945431e+00 3.950432468396539498e+00 3.981738921497957051e+00 4.013313128377583361e+00 4.045141031442400781e+00 4.077260633703050807e+00 4.109673486441502099e+00 4.142473470909479261e+00 4.175651161994728966e+00 4.791402854307128756e+00 4.822065772977143006e+00 4.845324943869299794e+00 4.313827529066980304e+00 4.350408109713149507e+00 4.899220954865064037e+00 4.914447090093581494e+00 4.928907357078800899e+00 4.942718630663812895e+00 4.955981249870936800e+00 4.968806934246120299e+00
3.274964637349926377e+00 3.302649146230061117e+00 3.330280576138539228e+00 3.448513690599351200e+00 3.385574630760766812e+00 3.413230797093878000e+00 3.440919413667332005e+00 3.468609087755809561e+00 3.496332347367611337e+00 3.524095136748711443e+00 3.551927791397369916e+00 3.579787966405066246e+00 3.607728865299892007e+00 3.635715069695971913e+00 3.663829547376134421e+00 3.691964752185573406e+00 3.720238095238094900e+00 3.748620299473110595e+00 3.777109343881769554e+00 3.805727966564949938e+00 3.834487103113466411e+00 3.863374519665266238e+00 3.892458873099012173e+00 3.921705942084806829e+00 3.951144445522729143e+00 3.980782429649965426e+00 4.010648964491926982e+00 4.040763772840588075e+00 4.071155518140793461e+00 4.101890971737971014e+00 4.132942999827792896e+00 4.164419473098532443e+00 4.196391103650860543e+00 4.228974716277392076e+00 4.262310859955589670e+00 4.296663848424786991e+00 4.903529860453712530e+00 4.919578556103693323e+00 4.934244341038521497e+00 4.947943510978249471e+00 4.960830112238781453e+00
4.486812223457054216e+00 4.572346999570476633e+00 4.612577413293720063e+00 4.680165732927719091e+00 4.753375585560760008e+00 4.788420231759538126e+00 3.428635403109562496e+00 3.456473127684938973e+00 3.484393401952653679e+00 3.512372504321596089e+00 3.540363616169049266e+00 3.568438533646257849e+00 3.596674459461328688e+00 3.624956430812129593e+00 3.653282784766500146e+00 3.681731664281645333e+00 3.710320186890201821e+00 3.739042528146681033e+00 3.767897513187640879e+00 3.796880932626456762e+00 3.826033724748177267e+00 3.855342058339585876e+00 3.884815228475695381e+00 3.914539423532562346e+00 3.944418302100921370e+00 3.974590034743398448e+00 4.004971688993232526e+00 4.035650526344589650e+00 4.066637717720201550e+00 4.097990595458870899e+00 4.129686143853065872e+00 4.712342238977217157e+00 4.747455982826593868e+00 4.772000627177224175e+00 4.792386951014958818e+00 4.810467577448527265e+00 4.826976680943640297e+00 4.842347016422473338e+00 4.856892683193783533e+00 4.870753526151143653e+00 4.884055279251019677e+00
3.180683570386452885e+00 3.206245208057433072e+00 3.231812273860962037e+00 3.257374140607673496e+00 3.282948227207957093e+00 3.308542242502360953e+00 3.334143715486402648e+00 3.359768175995856421e+00 3.385450852235433850e+00 3.411187302029308199e+00 3.436945792490960550e+00 3.462795722754722583e+00 3.488623598445469209e+00 3.514575149886292937e+00 3.540609401359316344e+00 3.566707928581918985e+00 3.592897118772887310e+00 3.619153674832962242e+00 3.645568227153292984e+00 3.672038466335028062e+00 3.698663596078020532e+00 3.725371157348639439e+00 3.752240921661547990e+00 3.779211587749857326e+00 3.806360081663725747e+00 3.833660937086138087e+00 3.861110345017787715e+00 3.888726858603114067e+00 3.916529817159897231e+00 3.944527487128384191e+00 3.972738792424398646e+00 4.704156952813154824e+00 4.725477170466452215e+00 4.743963478356526764e+00 4.760674111454181734e+00 4.776135696838196942e+00 4.790747014338021970e+00 4.804656398429563602e+00 4.817983467433872846e+00 4.830885004524701820e+00 4.843407849049396141e+00
4.666323554640589677e+00 4.714402842306641084e+00 4.767860474436666607e+00 4.847007665196406911e+00 4.889268400176288054e+00 4.831147976021174628e+00 3.580404655930133018e+00 3.611863582690838292e+00 3.643387938323629172e+00 3.675017508338129346e+00 3.706703642179541625e+00 3.738524805804406270e+00 3.770449451539250596e+00 3.802517958255266617e+00 3.834703368263994605e+00 3.867056134463066286e+00 3.899585669022666234e+00 3.932281965313133565e+00 3.965217391304347583e+00 3.998345512201847196e+00 4.031697483664673953e+00 4.065320746916556871e+00 4.099228661806804119e+00 4.133455499906997233e+00 4.168033234940416776e+00 4.202954470289935074e+00 4.238330917940444031e+00 4.274211339069048599e+00 4.310669248506661333e+00 4.347706067465355595e+00 4.385574201859756549e+00 4.424350519169880869e+00 4.464377700089974255e+00 4.958632775883383914e+00 4.982595044706846110e+00 5.002604095282475072e+00 5.020287463035554509e+00 5.036323621737600398e+00 5.051229018628112577e+00 5.065231973934588794e+00 5.078511035467222712e+00
3.099792173024762842e+00 3.122961400197093340e+00 3.146149113485093629e+00 3.169310054980639446e+00 3.192449163717121063e+00 3.215546468141623482e+00 3.238654373561554944e+00 3.261782321139818919e+00 3.285197041924706074e+00 3.308359811699187247e+00 3.331575002082233894e+00 3.354672779625954337e+00 3.377982448278952443e+00 3.401313323430189772e+00 3.424753277978137334e+00 3.448180739841659737e+00 3.471619510501648964e+00 3.495183636948285155e+00 3.518794502401060065e+00 3.542478484652732629e+00 3.566258994314963182e+00 3.590094101889632405e+00 3.614047524724949945e+00 3.638085954928920174e+00 3.662244333886124803e+00 3.686494908463635589e+00 3.710881128107862637e+00 3.735369801610358476e+00 3.760000557037119329e+00 3.784750894577484370e+00 3.809682133976130647e+00 3.834783578759482836e+00 3.860045769114119008e+00 3.885516045099739468e+00 4.524571905888904233e+00 4.556941049753510775e+00 4.578097561308925201e+00 3.989901421918316871e+00 4.016954317533313557e+00 4.044630404463039675e+00 4.637681159420290022e+00
3.067834822065580003e+00 3.089692364948844361e+00 3.111538275378051388e+00 3.133333797530932774e+00 3.155104959824996502e+00 3.176861399062135050e+00 3.198598179580427026e+00 3.220228636233172015e+00 3.241938265218140547e+00 3.263639583087402762e+00 3.285426686053014134e+00 3.307106144327623731e+00 3.328848634478549950e+00 3.350528057182345254e+00 3.372286685661587402e+00 3.394056937036780131e+00 3.415895766380614429e+00 3.437701964990443226e+00 3.459585126551623535e+00 3.481506238859179536e+00 3.503469121384900742e+00 3.525483717104125780e+00 3.547554621907192285e+00 3.569703714591688559e+00 3.591904400082890358e+00 3.614198238773396188e+00 3.636563241893208343e+00 3.659033324818600885e+00 3.681578216171158324e+00 3.704237235815857510e+00 3.726991006908737081e+00 3.749869796187632609e+00 3.772899403322946377e+00 3.796061758473845416e+00 4.160386302098607381e+00 4.047249927972670136e+00 3.866522132386955413e+00 3.890455878061996664e+00 3.914660403210021400e+00 3.939211742997532184e+00 4.601836551132679531e+00
3.174230766576729756e+00 3.199362971283939316e+00 3.224472343139935138e+00 3.249581702780811820e+00 3.274668004403383126e+00 3.299773930381790343e+00 3.324882590083538147e+00 3.349990229195164204e+00 3.375143788013417634e+00 3.400348535724911692e+00 3.425543368078130424e+00 3.450774698919907291e+00 3.476036206393125383e+00 3.501400560224089187e+00 3.526775835361805722e+00 3.552274151981611894e+00 3.577817531305903298e+00 3.603428801097660283e+00 3.629130753393586595e+00 3.654920350320667755e+00 3.680811167442183507e+00 3.706805420173258092e+00 3.732916721393069182e+00 3.759162959714303920e+00 3.785558438698042760e+00 3.812058580943864960e+00 3.838745278686051865e+00 3.865562755654264215e+00 3.892565200467107633e+00 3.919761788511659351e+00 3.947177075903521626e+00 4.665971345446561003e+00 4.695192261218402052e+00 4.717239116167140978e+00 4.736050957162762032e+00 4.752949928705750615e+00 4.117965999327399373e+00 4.783185054596640562e+00 4.797083373309027898e+00 4.810401462362043468e+00 4.823261903121339955e+00
4.380141533323294922e+00 4.448337690423071145e+00 4.522871338016103415e+00 4.605380734386384844e+00 4.642525533890435874e+00 4.731050087421577288e+00 3.396127029012628196e+00 3.423485107839780550e+00 3.450822330961468065e+00 3.478406055209261272e+00 3.506022108562943718e+00 3.533422015297638996e+00 3.561129227095305438e+00 3.588954302949153963e+00 3.617013876812854356e+00 3.645041711656567873e+00 3.673030943553137639e+00 3.701317394820896833e+00 3.729767769176636438e+00 3.758273421351169041e+00 3.786992026660423782e+00 3.815840594993617163e+00 3.844859902917286743e+00 3.874118810922248191e+00 3.903548119790988480e+00 3.933204526635384557e+00 3.963075072941079302e+00 3.993246509412152090e+00 4.023642367566667488e+00 4.054356335980314974e+00 4.085448187515146934e+00 4.648613394944805854e+00 4.680713395788735021e+00 4.704053667116619764e+00 4.723731191908525417e+00 4.741257876328753618e+00 4.757373929590865913e+00 4.772411312689771812e+00 4.786717542635976486e+00 4.800340138386948396e+00 4.813494054317907000e+00
4.548941861807219489e+00 4.635940300159836269e+00 4.683873011936987574e+00 4.735335900022647593e+00 4.772609372298115105e+00 4.816955684007706573e+00 4.820206304829846466e+00 3.570453447587842888e+00 3.600858666297347188e+00 3.631386351574065863e+00 3.661940690379459795e+00 3.692582090280148055e+00 3.723341906213154751e+00 3.754197401261131883e+00 3.785193698684817143e+00 3.816290704209715390e+00 3.847554398235621065e+00 3.878975950349107915e+00 3.910564699263853417e+00 3.942333181530848663e+00 3.974313385069132121e+00 4.006493282216005980e+00 4.038912836082810820e+00 4.071633138953107078e+00 4.104604810040280327e+00 4.137902497224156484e+00 4.171591462142806961e+00 4.205620363475910395e+00 4.240157022589094105e+00 4.275183936341131918e+00 4.310854313983160324e+00 4.347226055754899399e+00 4.846672067244112370e+00 4.423035722924455904e+00 4.463304768182815963e+00 4.953662614295444300e+00 4.972379453855636733e+00 4.988928678822338370e+00 5.004044364623462471e+00 5.018078831956224839e+00 5.031290491550188371e+00
4.138558953772296434e+00 4.060871779694263495e+00 4.169475271537077532e+00 4.099243376942798278e+00 4.010759900699117253e+00 3.949666010698744234e+00 3.248862897985704823e+00 4.141644232760405053e+00 4.190510211792507711e+00 3.319302805163987458e+00 3.342701994706251512e+00 3.366389407094665831e+00 3.389877410963832105e+00 3.413753944975860044e+00 3.437583308779166291e+00 3.461093844098488415e+00 3.484684810258912524e+00 3.508385729813023435e+00 3.532394132069982540e+00 3.556683775942869552e+00 3.580749340660096536e+00 3.604902667627973400e+00 3.629257398101619181e+00 3.653685741663736497e+00 3.678223554253797545e+00 3.702875667216275257e+00 3.727659926965477322e+00 3.752605976372481056e+00 3.777680092312764693e+00 3.802938634399308793e+00 3.828403973187251008e+00 3.854015402297268356e+00 3.879862819136037810e+00 3.905955554337324109e+00 3.932309093292308155e+00 3.958993165527587177e+00 3.986069735241052125e+00 4.077711505366682587e+00 4.142730888201501926e+00 4.494443233820003769e+00 4.514798119065645210e+00
3.903949152774543130e+00 3.346206935013872119e+00 3.375376285570610424e+00 3.404550981413930533e+00 3.433759348409825662e+00 3.462987588652482351e+00 3.492229788720097261e+00 3.521564403198409465e+00 3.550938561800256021e+00 3.580379520229144408e+00 3.609907808508274751e+00 3.639509970883920253e+00 3.669165853219519491e+00 3.698959496393514179e+00 3.728895487345924131e+00 3.758901287075644415e+00 3.789074834227975863e+00 3.819391397341703964e+00 3.849815208869974192e+00 3.880454290327274514e+00 3.911289215820822118e+00 3.942290401560317292e+00 3.973500859783376082e+00 4.004916380107994556e+00 4.036616904530589522e+00 4.068544633313795345e+00 4.100825632894089523e+00 4.133370074400660954e+00 4.166325164603994047e+00 4.199655765920826234e+00 4.233468986425586778e+00 4.267797403527127997e+00 4.302808436236476908e+00 4.338659489800760660e+00 4.375559763993244644e+00 4.414006193402439493e+00 4.968825723542704687e+00 4.983275308894805633e+00 4.996988116751547082e+00 5.010087879649565146e+00 5.022705380487133553e+00
4.376068376068376509e+00 4.446542300298943928e+00 3.197975542439221108e+00 3.221514111632467259e+00 3.245049573310502922e+00 3.268542021628011440e+00 3.291985066995397613e+00 3.315420851234303523e+00 3.338805264182965971e+00 3.362215700146396369e+00 3.385591200226627517e+00 3.408956511454789506e+00 3.432333987111235274e+00 3.455693078035192212e+00 3.479107956719897032e+00 3.502530750159674078e+00 3.525946820425602368e+00 3.549431047082158397e+00 3.572925470148895055e+00 3.596475454055025889e+00 3.620060705633371345e+00 3.643738613316832797e+00 3.667439366155762048e+00 3.691219077334522147e+00 3.715093599719304418e+00 3.739042528146681033e+00 3.763102438490379953e+00 3.787267766844574890e+00 3.811556639731666252e+00 3.835987138981301392e+00 3.860551369461659998e+00 3.885300382285804766e+00 3.910269602798929878e+00 3.935458480913025525e+00 3.960909916616016879e+00 3.986747501409109162e+00 4.012979914343635102e+00 4.039756778781525171e+00 4.067366621397106030e+00 4.096318092754295925e+00 4.128052178579537212e+00
4.391622979167237872e+00 4.481151587017069282e+00 4.525662563856412746e+00 3.303949273834127620e+00 3.330026432084804977e+00 3.356080098445016535e+00 3.382132676233270185e+00 3.408197758936085453e+00 3.434282550340274298e+00 3.460351294863454275e+00 3.486482905774312968e+00 3.512614418249064840e+00 3.538811231642416288e+00 3.565037467844760055e+00 3.591333835199215230e+00 3.617668134605082741e+00 3.644064300545922119e+00 3.670563466120005724e+00 3.697141342411093934e+00 3.723804072738305937e+00 3.750573004208976435e+00 3.777472527472526931e+00 3.804490682456455719e+00 3.831657853853602358e+00 3.858981780093166947e+00 3.886459851481712580e+00 3.914163090128754963e+00 3.942072285157059763e+00 3.970188758097095150e+00 3.998621165115476828e+00 4.027358261292226516e+00 4.056488318688723282e+00 4.086070654394603707e+00 4.116242693669218689e+00 4.147226542249870640e+00 4.179437169127890428e+00 4.304866549136976417e+00 4.458314757021845764e+00 4.710250335951678302e+00 4.739043537386932847e+00 4.755537789295215312e+00
4.671773556387618598e+00 4.377583990549976711e+00 4.321912794953120418e+00 3.741674773628676398e+00 3.461884650003461683e+00 3.491132523390588105e+00 3.520397597846345317e+00 3.549653386786937759e+00 3.578950266356490495e+00 3.608304651937382257e+00 3.637686431429610234e+00 3.667134860614279290e+00 3.696604600219057790e+00 3.726193762075627802e+00 3.755868544600938996e+00 3.785621648147499130e+00 3.815469996531390517e+00 3.845440749311598072e+00 3.875566628603065666e+00 3.905821730073456788e+00 3.936246616209049254e+00 3.966815536238227580e+00 3.997628992459644426e+00 4.028623712888864894e+00 4.059861964693199710e+00 4.091369291152933130e+00 4.123172919000268166e+00 4.155297311522639703e+00 4.187834683509541911e+00 4.220781467309700830e+00 4.254267991436569751e+00 4.288372286048264037e+00 4.323270863213082293e+00 4.359228070661011145e+00 4.396570674873598428e+00 4.436188205284608443e+00 5.075062923922063263e+00 5.090668941416031323e+00 5.105173472414815450e+00 5.048506597170106858e+00 5.044101809060297370e+00
4.290449597597347342e+00 4.376577106398692685e+00 4.458895840193172866e+00 4.560373121437208077e+00 3.270862185353497154e+00 3.295435821387378450e+00 3.320007193348919028e+00 3.344574820925889647e+00 3.369133238905925420e+00 3.393713146396300395e+00 3.418302568610215975e+00 3.442933379239112135e+00 3.467550660915155625e+00 3.492229788720097261e+00 3.516950321352715125e+00 3.541715857164682735e+00 3.566529492455418282e+00 3.591397546582538958e+00 3.616309556098001643e+00 3.641335339502992152e+00 3.666424544291099874e+00 3.691604733612409817e+00 3.716883599595272702e+00 3.742281544314851160e+00 3.767794264732075238e+00 3.793417386266449753e+00 3.819152703612918032e+00 3.845024538247507007e+00 3.871092615890835198e+00 3.897302656319441727e+00 3.923701220477590290e+00 3.950322956227649396e+00 3.977151947775880103e+00 4.004252792621127988e+00 4.031624334611152882e+00 4.059418883866217520e+00 4.087638979725310762e+00 4.116496861171142996e+00 4.146366746138695270e+00 4.259967981530976999e+00 4.760065123209801463e+00
4.202317474751649407e+00 4.263453947820824652e+00 4.360525477927435389e+00 4.297144104386497077e+00 3.252415091206022790e+00 3.276654187494335346e+00 3.300886323093562336e+00 3.325135949568771121e+00 3.349359086183195444e+00 3.373610107060483809e+00 3.397893306150186810e+00 3.422193975541788724e+00 3.446516949970359622e+00 3.470824251343209266e+00 3.495208069736391643e+00 3.519644446898226864e+00 3.544177125463869871e+00 3.568732413698441519e+00 3.593344021228370710e+00 3.618045698700286472e+00 3.642811975916201206e+00 3.667667778500546483e+00 3.692633544440496074e+00 3.717702459879794308e+00 3.742878134660437617e+00 3.768181475619865051e+00 3.793600540760512896e+00 3.819179223665023049e+00 3.844939098911058561e+00 3.870878551185456651e+00 3.897007654836464940e+00 3.923350128025109740e+00 3.949939711446508905e+00 3.976824711165963144e+00 4.004059287691659641e+00 4.031753534735641686e+00 4.060005505092209255e+00 4.089157494940533155e+00 4.189560439560439775e+00 4.341893065376503991e+00 4.655946407972091805e+00
3.837298541826553944e+00 3.317732929558176558e+00 3.555716686072048383e+00 3.374981058779772169e+00 3.403652327334106609e+00 3.432333987111235274e+00 3.461069885923135914e+00 3.489865430788988032e+00 3.518721669115973061e+00 3.547653331663848775e+00 3.576636311112333821e+00 3.605752562164560970e+00 3.634942080970049449e+00 3.664219244756017790e+00 3.693611446014035682e+00 3.723136535690400706e+00 3.752762450136905681e+00 3.782590455492664816e+00 3.812534226159530082e+00 3.842643738892357774e+00 3.872939907187761044e+00 3.903414460438551892e+00 3.934100367872893855e+00 3.964998632759091812e+00 3.996114123507485960e+00 4.027496194357408577e+00 4.059167526659786418e+00 4.091122945063037086e+00 4.123394322295681924e+00 4.156074449146965222e+00 4.820618668694494957e+00 4.844659455045020380e+00 4.865013019048923582e+00 4.883215494236430310e+00 4.899959167006940675e+00 4.364543281720877133e+00 4.930459970828112048e+00 4.944647419168749281e+00 4.958267911742830769e+00 4.971499009105333933e+00 4.984330085552953093e+00
4.457183608535848940e+00 4.523088309872667523e+00 4.585052728106372655e+00 4.638440392630337250e+00 4.706664082615797717e+00 4.792911967901184234e+00 3.420784406808059064e+00 3.448513690599351200e+00 3.476302048932428335e+00 3.504191287618524164e+00 3.532051637209817407e+00 3.560010610227700489e+00 3.588087549336203885e+00 3.616334705685990691e+00 3.644565471524253031e+00 3.672903672903672589e+00 3.701393506110726594e+00 3.730004011513748274e+00 3.758744300977969743e+00 3.787644016555447912e+00 3.816687947593405017e+00 3.845889705377377510e+00 3.875271615019445726e+00 3.904885216926649694e+00 3.934670661162730010e+00 3.964673392940146535e+00 3.994953742640874772e+00 4.025457548773970551e+00 4.056293098114167606e+00 4.087429422563995551e+00 4.118955432902215108e+00 4.150899015545117088e+00 4.183296986654596594e+00 4.216317841245265541e+00 4.760951914385663564e+00 4.780669703530183057e+00 4.797938257388825178e+00 4.813643240269563250e+00 4.828252172713477286e+00 4.841945078508680389e+00 4.854999623908478945e+00
4.121643436626297508e+00 4.191892467650272458e+00 4.077260633703050807e+00 3.809101675312172475e+00 3.218673906350583369e+00 3.241982989936057269e+00 3.265317465279948816e+00 3.288617273462229207e+00 3.311920845091802068e+00 3.335209388614428949e+00 3.358545749690384330e+00 3.381899247009779952e+00 3.405237115694669026e+00 3.428611412377986500e+00 3.452013559509261142e+00 3.475463906285138016e+00 3.498901344977676686e+00 3.522440014918569062e+00 3.546025322792599521e+00 3.569678728914397414e+00 3.593393683919563042e+00 3.617189999860877414e+00 3.641035153163922455e+00 3.665004736845744127e+00 3.689035212885172665e+00 3.713203187853700182e+00 3.737489791115848448e+00 3.761912723624811772e+00 3.786470596334696292e+00 3.811183100125224321e+00 3.836067403191607994e+00 3.861163589227353032e+00 3.886459851481712580e+00 3.912067699361029049e+00 3.937987066821422300e+00 3.964362467919961386e+00 3.991301714883425777e+00 4.019292604501607080e+00 4.271001963283159952e+00 4.256546156064205277e+00 4.242100797788633137e+00
4.536893190535765896e+00 4.608982092748986403e+00 3.269792681229998887e+00 3.295888379246889599e+00 3.322006214919960509e+00 3.348097513340075881e+00 3.374190882798512092e+00 3.400274797718346065e+00 3.426405700420259048e+00 3.452585641386833881e+00 3.478817480362075276e+00 3.505034191264904564e+00 3.531317943249643321e+00 3.557626574772939421e+00 3.584031760035288894e+00 3.610509359551186126e+00 3.637062351600993892e+00 3.663687328480675465e+00 3.690448006461765296e+00 3.717292984642073250e+00 3.744253610777903862e+00 3.771307889576104966e+00 3.798552406210288002e+00 3.825927265644564201e+00 3.853483549128411845e+00 3.881207332709567748e+00 3.909116471096541812e+00 3.937279823167783022e+00 3.965649272508478429e+00 3.994325303362119328e+00 4.023294191454250601e+00 4.052670984936427523e+00 4.660407100267288882e+00 4.703540607233908766e+00 4.729299035634239701e+00 4.175536830288386625e+00 4.768294925853012955e+00 4.784787111150603955e+00 4.800109716793526715e+00 4.814538550213602441e+00 4.828318779401011618e+00
4.441668401693386059e+00 4.526904214822181416e+00 4.611911120900905381e+00 3.271955167252601715e+00 3.297528257010755581e+00 3.323110154178464892e+00 3.348681456676433577e+00 3.374260589324941328e+00 3.399939084424737690e+00 3.425591264043176043e+00 3.451251078515962245e+00 3.476930565696602748e+00 3.502699138748094132e+00 3.528508271238506300e+00 3.554452823350663593e+00 3.580404172547939634e+00 3.606402751962714870e+00 3.632527890130002213e+00 3.658730213517972008e+00 3.685033895358943212e+00 3.711467748032578395e+00 3.737981351626367577e+00 3.764622134609197257e+00 3.791415953435794961e+00 3.818357273276358210e+00 3.845440749311598072e+00 3.872698856170730508e+00 3.900156006240248718e+00 3.927810968928947766e+00 3.955641299671057265e+00 3.983757452072602678e+00 4.012174875484228131e+00 4.040854431702593175e+00 4.069947918463077130e+00 4.664339070013101995e+00 4.702514823144550604e+00 4.725380084919873269e+00 4.743702562974369208e+00 4.759605435607366708e+00 4.773963219726845786e+00 4.787274057761880641e+00
4.476923182885755637e+00 4.568106312292359306e+00 4.605095847853131197e+00 4.736311031486171608e+00 4.730206826579649082e+00 3.367165327817596143e+00 3.393785130978894671e+00 3.420402351003085428e+00 3.447039682320823140e+00 3.473741984340371403e+00 3.500439270810454584e+00 3.527187561725782405e+00 3.553982202214618358e+00 3.580872631115028515e+00 3.607828988905926071e+00 3.634842364430666883e+00 3.661946042633502874e+00 3.689137925033933119e+00 3.716448726772195510e+00 3.743838266186900743e+00 3.771385469880343955e+00 3.799050928004531702e+00 3.826858983725412777e+00 3.854806944259491441e+00 3.882929670436343628e+00 3.911235538721231642e+00 3.939756288058391398e+00 3.968471180688597943e+00 3.997408576509021039e+00 4.026616618324517560e+00 4.056142608379430747e+00 4.085985761378432279e+00 4.116214454773094111e+00 4.146939903929225402e+00 4.178196662922271543e+00 4.768977122535460467e+00 4.792498697690571241e+00 4.811062695019863611e+00 4.827107950450756135e+00 4.841476235268078909e+00 4.854800440350913071e+00
4.244068739998607676e+00 4.297825438967412204e+00 4.404558718273412055e+00 4.359921936635800854e+00 3.272205745157831913e+00 3.297088740792704531e+00 3.321960233367706294e+00 3.346836890509624851e+00 3.371706565194354965e+00 3.396621401487581515e+00 3.421548774526918635e+00 3.446516949970359622e+00 3.471498993265292210e+00 3.496552399334255767e+00 3.521637354214571580e+00 3.546839140413102776e+00 3.572066440435792245e+00 3.597346265331959447e+00 3.622708810845832517e+00 3.648152864488329428e+00 3.673718357501317033e+00 3.699360638802802193e+00 3.725139865205123524e+00 3.751015900139621273e+00 3.777057466212504266e+00 3.803227903245881780e+00 3.829550201921737340e+00 3.856005728922797360e+00 3.882660454409939010e+00 3.909545463898433937e+00 3.936627208309736670e+00 3.963976494314822574e+00 3.991603867726505772e+00 4.019571153339708935e+00 4.047933111394931061e+00 4.076809861733956986e+00 4.106376018764049896e+00 4.224411648474442948e+00 4.625155322380228640e+00 4.656864423610302062e+00 4.672929308200304277e+00
3.301896526817590605e+00 3.330396108987212500e+00 3.358921786106659813e+00 3.387416783613197868e+00 3.415943392938059819e+00 3.444475062000551091e+00 3.473042246085881413e+00 3.501621250639045613e+00 3.530266846641055167e+00 3.558942366068624352e+00 3.587691458534566280e+00 3.616510762596932604e+00 3.645417778633724737e+00 3.674380554900791740e+00 3.703449694808312209e+00 3.732632888643119262e+00 3.761912723624811772e+00 3.791351582372283424e+00 3.820903817430268745e+00 3.850596842510589646e+00 3.880481179666278813e+00 3.910511042048284480e+00 3.940791338555457823e+00 3.971242725094146220e+00 4.001931967156558301e+00 4.032864427401604779e+00 4.064088610908289212e+00 4.095647009836378416e+00 4.127569411958944556e+00 4.159875612899706532e+00 4.192637728149369636e+00 4.225986352142435898e+00 4.259997251614676017e+00 4.294878011610024693e+00 4.330938713779946880e+00 4.368659376321865295e+00 4.950392937439408669e+00 4.965517241379309610e+00 4.979875844191282042e+00 4.993604082442350212e+00 5.006824370203221797e+00
4.220810672423574772e+00 3.893133485814394668e+00 3.118621002494896377e+00 3.140440499120676243e+00 3.162177545728600769e+00 3.183919820593039685e+00 3.205619590516940676e+00 3.227277510786823900e+00 3.248975190272429536e+00 3.270543536501353099e+00 3.292215661139946903e+00 3.313864380100244311e+00 3.335510680583158472e+00 3.357159842773013825e+00 3.378844297338297942e+00 3.400487171835638200e+00 3.422193975541788724e+00 3.443929385671876453e+00 3.465651923783382937e+00 3.487455622127208166e+00 3.509278946390603782e+00 3.531171241033594477e+00 3.553090840689160146e+00 3.575087142749104441e+00 3.597147185578207118e+00 3.619254433586680975e+00 3.641435412615855238e+00 3.663737980519973902e+00 3.686110319022415371e+00 3.708612910093607606e+00 3.773792043474084146e+00 4.186406737323909333e+00 4.160102570397802069e+00 4.138730237563114756e+00 4.118731151569305915e+00 4.095800069420339362e+00 4.046351655864768304e+00 4.021466309819310858e+00 3.918604976628319747e+00 3.943654176122211918e+00 3.969774954826699176e+00
4.498643485964231914e+00 4.571132276287420915e+00 4.634433146572594531e+00 4.687004590507436674e+00 4.715079370502736289e+00 4.771025355579679328e+00 4.782466112811542658e+00 3.537465925879684558e+00 3.566945391437958524e+00 3.596500328526472501e+00 3.626068644268719776e+00 3.655752291742827786e+00 3.685495142795552237e+00 3.715323645970937783e+00 3.745292375555724806e+00 3.775346302219902750e+00 3.805517308184629410e+00 3.835799868885386488e+00 3.866281879565319102e+00 3.896899181651171329e+00 3.927702707358584622e+00 3.958690715134004723e+00 3.989873975015133301e+00 4.021326899210294847e+00 4.053032905131551900e+00 4.084995603436935241e+00 4.117259552042160209e+00 4.149942172936935236e+00 4.182952753205786856e+00 4.216463562151363753e+00 4.250545254370744708e+00 4.285260087640479831e+00 4.320780209454963661e+00 4.828158363594325486e+00 4.395544017252509761e+00 4.903162539838194611e+00 4.924188021912636160e+00 4.942067980890670675e+00 4.958026569588958488e+00 4.972650422675285675e+00 4.986270679362303504e+00
3.130325901707766256e+00 3.153910849453322118e+00 3.177431944242976591e+00 3.200935229771480817e+00 3.224404536596991555e+00 3.247875060465759134e+00 3.271340275070994785e+00 3.294777427269540038e+00 3.318217011392544880e+00 3.341617760698397888e+00 3.365067792094894816e+00 3.388541198437121427e+00 3.412042420739646698e+00 3.435558734031663342e+00 3.459106443623482630e+00 3.482670232920984876e+00 3.506311360448808312e+00 3.529973629020535686e+00 3.553685032018004897e+00 3.577472928161591792e+00 3.601357434725396711e+00 3.625259694083854622e+00 3.649258098943092499e+00 3.673361888523862362e+00 3.697554033124502926e+00 3.721853483034550880e+00 3.746253746253746186e+00 3.770764916803214462e+00 3.795433058912022428e+00 3.820230851092858426e+00 3.845176706468823369e+00 3.870316743957813443e+00 3.895652173913042748e+00 3.921217916526213543e+00 3.947013080539840679e+00 3.973119789561655235e+00 4.630386228686604433e+00 4.026506698332753764e+00 4.054044608470158018e+00 4.082508182315129019e+00 4.112631261481095812e+00
4.475690116987654399e+00 4.562990002903720921e+00 4.593634730621031892e+00 4.690269759485724776e+00 3.360403248389806308e+00 3.387182624444398105e+00 3.413991792485037813e+00 3.440801018477100737e+00 3.467622805861669377e+00 3.494475234654011775e+00 3.521321254971276904e+00 3.548245705579093912e+00 3.575210043590061115e+00 3.602205658233811558e+00 3.629282728103908617e+00 3.656408027540340999e+00 3.683625243258271009e+00 3.710906629465972717e+00 3.738291877522481155e+00 3.765795419676978728e+00 3.793391222782418026e+00 3.821116182774408454e+00 3.848982425271318952e+00 3.877015528831841085e+00 3.905179501233214445e+00 3.933530239876334988e+00 3.962075293332591563e+00 3.990807381617515137e+00 4.019821880306338358e+00 4.049083122872515261e+00 4.078669938819950325e+00 4.108604101756428761e+00 4.138958638006676516e+00 4.169794012175798592e+00 4.201304470601199270e+00 4.233700254022014775e+00 4.267533021757534684e+00 4.812451875481245089e+00 4.843017061257246070e+00 4.861382138871199743e+00 4.875804336032194541e+00
4.096429961288736266e+00 3.232107474599851038e+00 3.257667648587766251e+00 3.283246362232886906e+00 3.308764000647673065e+00 3.334305839203100863e+00 3.359815210163440646e+00 3.385335853527802641e+00 3.410878614487184990e+00 3.436402498951896867e+00 3.461980529821500063e+00 3.487601576395912062e+00 3.513219348883346971e+00 3.538889621338810798e+00 3.564588953967876339e+00 3.590366769774635092e+00 3.616234109432807209e+00 3.642111050027487362e+00 3.668099301676944091e+00 3.694177836327011022e+00 3.720340617852123000e+00 3.746591642325384441e+00 3.772989511089158920e+00 3.799470837334291584e+00 3.826086956521738802e+00 3.852848700007568183e+00 3.879755298290830101e+00 3.906822288421155864e+00 3.934073215173098603e+00 3.961532156712748165e+00 3.989194182775078534e+00 4.017093425126225803e+00 4.045279228886083267e+00 4.073769756057142644e+00 4.753637566137566495e+00 4.132003746350063622e+00 4.820438659918051982e+00 4.192670387375250662e+00 4.854037054761741743e+00 4.868148595093454212e+00 4.881167630296238791e+00
4.566525980765239190e+00 4.606858799777787006e+00 4.680197944842490188e+00 4.789970218880813313e+00 4.758686326707953995e+00 3.407012884071171754e+00 3.434301806442749960e+00 3.461600955119283896e+00 3.488891369878307724e+00 3.516222887163717559e+00 3.543586109142452312e+00 3.570962580432498257e+00 3.598416696653472080e+00 3.625916938610437068e+00 3.653484252104200802e+00 3.681117948575477250e+00 3.708816681433251272e+00 3.736636335328512359e+00 3.764519065577921708e+00 3.792534325947255702e+00 3.820691475689982131e+00 3.848955970692949702e+00 3.877364499958456889e+00 3.905928788750924863e+00 3.934697822110240217e+00 3.963618157543391085e+00 3.992757963142713695e+00 4.022163507881360012e+00 4.051780379768566753e+00 4.081717365286031907e+00 4.111983003803584502e+00 4.142645078882866372e+00 4.173736931413870366e+00 4.205446397793863866e+00 4.237876893149923774e+00 4.831443853178544856e+00 4.306273267766849600e+00 4.894995546913772699e+00 4.912630235874482665e+00 4.927760401338708185e+00 4.941321803582458649e+00
4.617346059749835696e+00 4.267763691825483541e+00 4.554268246399713505e+00 3.694074843350316772e+00 3.378168756764954761e+00 3.405828832773803772e+00 3.433499972532000122e+00 3.461234177215189334e+00 3.488988751500265550e+00 3.516804810437324402e+00 3.544669789682925565e+00 3.572581808688243932e+00 3.600559471548656187e+00 3.628624262935695732e+00 3.656811674198779283e+00 3.685033895358943212e+00 3.713407463949002452e+00 3.741866637101300519e+00 3.770454716838851361e+00 3.799155896635329377e+00 3.828039018654854075e+00 3.857050688658868687e+00 3.886244083887353540e+00 3.915615060692033023e+00 3.945128112844506152e+00 3.974889662545573632e+00 4.004861072750371953e+00 4.035098517956188680e+00 4.065572866780135186e+00 4.096346059315091104e+00 4.127455836222551966e+00 4.158955270436066165e+00 4.190884482734929861e+00 4.223318165717554251e+00 4.256388070949103763e+00 4.867347638308082480e+00 4.884626498066788614e+00 4.900100072466268664e+00 4.914306775600467248e+00 4.927591776396835321e+00 4.940135167587224707e+00
4.582092349988544200e+00 4.653327128897161380e+00 4.709043440925742452e+00 4.753834070522094279e+00 4.804029894791744582e+00 4.816530876676457851e+00 3.552249409699730798e+00 3.583043933631001376e+00 3.613921939286111495e+00 3.644866240286087411e+00 3.675909614237560241e+00 3.707034441095908850e+00 3.738291877522481155e+00 3.769679440168333784e+00 3.801203944958567060e+00 3.832859452528293076e+00 3.864654285970614112e+00 3.896628025105417503e+00 3.928839751587044127e+00 3.961194195808082963e+00 3.993830220900126626e+00 4.026631306364159890e+00 4.059782010349003656e+00 4.093157489437572849e+00 4.126888051283462033e+00 4.160945366787332844e+00 4.195409809005687940e+00 4.230323793144100897e+00 4.265712614813029546e+00 4.301691998852882115e+00 4.338335043417781201e+00 4.375759680500086901e+00 4.721887660133581299e+00 4.838397522740467416e+00 4.881906006119573149e+00 4.909180166912125998e+00 4.930223640422354947e+00 4.948079526633724967e+00 4.963942473422225277e+00 4.978449451688580218e+00 4.991896715605489199e+00
4.481367851356474752e+00 4.526873165244588826e+00 4.537922594041569724e+00 4.474704153213870050e+00 4.525600499187448555e+00 4.600479273810913483e+00 4.473533885298590640e+00 3.468103848901650910e+00 3.496185661443365067e+00 3.524265605240790133e+00 3.552422612911315003e+00 3.580650714408676549e+00 3.608955762530710487e+00 3.637311957834632903e+00 3.665765211196491791e+00 3.694332336560646191e+00 3.723033858924594597e+00 3.751823803237684718e+00 3.780770314766313867e+00 3.809840471588980204e+00 3.839039542107283154e+00 3.868445230414268909e+00 3.898011318154291249e+00 3.927783902976846875e+00 3.957728680340503402e+00 3.987953629725380811e+00 4.018416607639077931e+00 4.049120014520982025e+00 4.080164866322733452e+00 4.111555561749989707e+00 4.143331652982162439e+00 4.175510630154145808e+00 4.208289640708647639e+00 4.241678313898102459e+00 4.496682831664948310e+00 4.675242528206150716e+00 4.348426283821093641e+00 4.771982239926967573e+00 4.791500295128640730e+00 4.807362131721721887e+00 4.821135859608523866e+00
