3.290233606586067783e+00 3.320673266504783783e+00 3.348704818646704773e+00 3.376725403311947815e+00 3.404716574716157407e+00 3.432745647278518941e+00 3.460782413688086923e+00 3.488842681105822852e+00 3.516916367728775139e+00 3.545039377741322717e+00 3.573220089742796812e+00 3.601407319167797993e+00 3.629714348329303952e+00 3.658048396670486202e+00 3.686469266670839851e+00 3.714996670521852007e+00 3.743604675346283717e+00 3.772316682556121403e+00 3.801177673955712155e+00 3.830159772379076344e+00 3.859274318596877862e+00 3.888528839922229086e+00 3.917956613785708253e+00 3.947614463505342286e+00 3.977419422367053148e+00 4.007462170938989487e+00 4.037731908524487601e+00 4.068292144748455463e+00 4.099144645150711419e+00 4.130353971335343211e+00 4.161919122312662367e+00 4.193967562067282273e+00 4.226571500637393619e+00 4.259865779311017953e+00 4.294074869273122985e+00 4.329510078137349005e+00 4.367080402044339671e+00 4.960148940362701708e+00 4.974920946461672600e+00 4.988671558336277734e+00 5.001644376233281619e+00
3.333958450542809704e+00 3.381549163584165463e+00 3.416300634455832430e+00 3.467712873374084737e+00 3.373470750631665016e+00 3.401030026236517401e+00 3.428635403109562496e+00 3.456229324342434683e+00 3.483883554676068695e+00 3.511598603623143688e+00 3.539356253556705578e+00 3.567141142171153412e+00 3.595017728371738830e+00 3.622986455604481293e+00 3.651042958309222097e+00 3.679175864606328172e+00 3.707441659286111246e+00 3.735809113990605113e+00 3.764287180891109141e+00 3.792880622594330120e+00 3.821647199427447905e+00 3.850543889324367086e+00 3.879647783404806205e+00 3.908875204015854532e+00 3.938340783937096745e+00 3.968009632685453258e+00 3.997923885140347799e+00 4.028085478751848747e+00 4.058497392931335490e+00 4.089270862212364577e+00 4.120341438960575253e+00 4.151875609806729983e+00 4.183842138834971358e+00 4.216434417164344417e+00 4.249716105030687530e+00 4.764173415912339671e+00 4.794192178617902478e+00 4.814802077243181877e+00 4.831618108904671693e+00 4.846350220474804793e+00 4.859659962650042075e+00
3.356385173168497271e+00 3.414420001533004623e+00 3.262167189538854650e+00 3.288461000251882371e+00 3.314779774318743488e+00 3.341106045313750439e+00 3.367466153528966721e+00 3.393833122397177160e+00 3.420259102077283675e+00 3.446730775859097040e+00 3.473259376063685622e+00 3.499838732921130013e+00 3.526491000394967212e+00 3.553214614162695462e+00 3.580009776180542946e+00 3.606928076466874966e+00 3.633920245735286159e+00 3.661004773121317335e+00 3.688213721546822921e+00 3.715543591037828275e+00 3.743033798208888818e+00 3.770609810441161613e+00 3.798395005455876827e+00 3.826286588865505767e+00 3.854360245027186327e+00 3.882633534860502333e+00 3.911106144627117587e+00 3.939783519263468037e+00 3.968696039659110220e+00 3.997876989460768637e+00 4.027331244581874081e+00 4.057074093175176088e+00 4.611276291157361484e+00 4.674439067311921825e+00 4.700807432806104913e+00 4.721273785982606164e+00 4.738880799978022473e+00 4.754718541335042126e+00 4.769302046711906051e+00 4.783021639756475096e+00 4.796031626402838199e+00
3.222055671518428532e+00 3.263956887990721700e+00 3.347420394158751478e+00 3.384141498553106420e+00 3.278917259662341266e+00 3.304055728406618542e+00 3.329218049910527277e+00 3.354391457483088423e+00 3.379566725751608658e+00 3.404811206692885062e+00 3.430037524610519029e+00 3.455327550948452231e+00 3.480706444179910708e+00 3.506094417060243273e+00 3.531513565166811919e+00 3.557031064737964599e+00 3.582643147668120864e+00 3.608329690308165194e+00 3.634094664737624658e+00 3.659942960134244139e+00 3.685905237462706818e+00 3.711978484532255873e+00 3.738188363158076566e+00 3.764519065577921708e+00 3.790959595263367898e+00 3.817615170508576128e+00 3.844384795458133386e+00 3.871360230069407660e+00 3.898475490900137341e+00 3.925863173337190037e+00 3.953446434268750309e+00 3.981301611054290035e+00 4.009429071125888200e+00 4.037942976032413256e+00 4.066833935316661375e+00 4.096226611587462152e+00 4.126348800264086236e+00 4.633793986970861312e+00 4.664691032817472660e+00 4.682950666132764006e+00 4.697267986046351318e+00
3.158581866932455462e+00 3.182994505874700231e+00 3.207362989820108812e+00 3.231684257572110752e+00 3.255991732612296019e+00 3.280313235016994788e+00 3.304601657808498238e+00 3.328917893627203028e+00 3.353196364576274568e+00 3.377516766958235550e+00 3.401856441658162034e+00 3.426190076634782145e+00 3.450560371004251170e+00 3.474973242706031140e+00 3.499430484842663169e+00 3.523931015526439836e+00 3.548443207514350384e+00 3.573072773872592478e+00 3.597719599269386226e+00 3.622481678602279320e+00 3.647299278110010867e+00 3.672191120226151018e+00 3.697186714775738015e+00 3.722302208800084333e+00 3.747501665556296047e+00 3.772808341336260085e+00 3.798263848124693087e+00 3.823852496628057818e+00 3.849599641637269976e+00 3.875539807330306896e+00 3.901623354002647481e+00 3.927919236467628750e+00 3.954461256686161441e+00 3.981274282340989235e+00 4.717497128480008683e+00 4.737026383177377120e+00 4.063702032551654852e+00 4.092163853015022390e+00 4.121332014507088637e+00 4.727614062253770122e+00 4.811128828283939285e+00
3.145533342653431319e+00 3.169222713681396630e+00 3.192870674547144461e+00 3.216468317787069431e+00 3.240060940720671745e+00 3.263594258851631125e+00 3.287104061321974857e+00 3.310641643733575723e+00 3.334143715486402648e+00 3.357629513563424428e+00 3.381105828612435804e+00 3.404598292142326343e+00 3.428109123569621275e+00 3.451608449537485246e+00 3.475166460473456453e+00 3.498734281421720826e+00 3.522317403065825303e+00 3.545951357890785083e+00 3.569638848654177465e+00 3.593371286849670110e+00 3.617164838375336089e+00 3.641010139869747864e+00 3.664903364104691530e+00 3.688932506455631533e+00 3.713024464705639183e+00 3.737205262538669803e+00 3.761506791229533686e+00 3.785887054369545091e+00 3.810447554385478774e+00 3.835143612431343829e+00 3.859965949586087852e+00 3.885030837432272399e+00 3.910259543477198285e+00 3.935730216050874475e+00 3.961469496684875136e+00 3.987569782471192870e+00 4.715047150471503912e+00 4.041023354328075357e+00 4.068684918281498142e+00 4.772015242784920730e+00 4.785997538629835901e+00
3.289404617764184469e+00 3.130848599119187892e+00 3.153557692966880044e+00 3.176247194890384318e+00 3.198909589079200533e+00 3.221536672993017270e+00 3.244131228559398394e+00 3.266701882176318517e+00 3.289266493571933569e+00 3.311852291387803682e+00 3.334421651511256801e+00 3.356972011245856535e+00 3.379543416787365029e+00 3.402139876550924313e+00 3.424729341543365280e+00 3.447372412747003789e+00 3.470029356448355529e+00 3.492717683629632308e+00 3.515447288969767659e+00 3.538202177034985851e+00 3.561029766019397247e+00 3.583932952885066303e+00 3.606878038968155842e+00 3.629888363810698237e+00 3.652993698585870419e+00 3.676164581194683922e+00 3.699440973364024998e+00 3.722802856906488156e+00 3.746279736095404544e+00 3.769870358347121364e+00 3.793626707132017994e+00 3.817509179374344974e+00 3.841562967332995626e+00 4.299077085225736283e+00 4.255056310866178748e+00 3.914988814317673427e+00 3.940001382456625567e+00 3.965438076553825741e+00 3.991411583351685000e+00 4.018197668083251628e+00 4.046611477287535230e+00
3.237538919350838817e+00 3.276288731658011155e+00 3.363016625913443747e+00 3.397219941681057342e+00 3.285794183445190253e+00 3.311211621648278314e+00 3.336670003336670298e+00 3.362128707776123271e+00 3.387629506252999523e+00 3.413159471169250558e+00 3.438718595902423125e+00 3.464355248844637636e+00 3.490035947370257574e+00 3.515762334466189909e+00 3.541568289769728484e+00 3.567434808559099224e+00 3.593418515779943867e+00 3.619455967926051621e+00 3.645593303113887185e+00 3.671834947555111750e+00 3.698199524712875608e+00 3.724682699200247082e+00 3.751328595544254796e+00 3.778069337876175826e+00 3.804990764249690294e+00 3.832046860458750537e+00 3.859297046585223878e+00 3.886729594669628085e+00 3.914378128927253897e+00 3.942235870196696634e+00 3.970372804315384752e+00 3.998759005825777368e+00 4.027498090410388087e+00 4.056596515523475333e+00 4.086135741429330004e+00 4.116242693669218689e+00 4.147111882166727881e+00 4.637223756428091370e+00 4.660726525017135025e+00 4.677590215581877153e+00 4.691628892154630748e+00
3.179870040094013195e+00 3.204949556880886785e+00 3.230018555425743454e+00 3.255093159350962218e+00 3.280130088563512292e+00 3.305147767648111579e+00 3.330188155630792846e+00 3.355212112315725470e+00 3.380289463154844576e+00 3.405355442661458731e+00 3.430437586618549251e+00 3.455571227080394436e+00 3.480730674983292250e+00 3.505949803048113544e+00 3.531220140417929976e+00 3.556534958646563993e+00 3.581933279604333720e+00 3.607378476437574921e+00 3.632898984844642243e+00 3.658519425331025587e+00 3.684239795350906288e+00 3.710039779870972776e+00 3.735964190091392911e+00 3.762021368281371902e+00 3.788197659735667244e+00 3.814490904173052588e+00 3.840983291722680715e+00 3.867590284060693495e+00 3.894426870178938849e+00 3.921433731209797102e+00 3.948708356713842793e+00 4.626113374300904191e+00 4.003948721842920833e+00 4.715208255031263285e+00 4.736148481686891287e+00 4.754325402567335601e+00 4.770794440987347507e+00 4.786062984588876468e+00 4.800471817801520658e+00 4.814172925091469324e+00 4.827386452974359976e+00
3.118632791384256642e+00 3.141690229343386598e+00 3.164731135450492339e+00 3.187714824259895607e+00 3.210676196325869203e+00 3.233618625643283284e+00 3.256568002095530545e+00 3.279466354070724510e+00 3.302350861019187622e+00 3.325244263953644808e+00 3.348167575787167838e+00 3.371057067180351474e+00 3.393953106881240522e+00 3.416872376330139627e+00 3.439830485153691608e+00 3.462795722754722583e+00 3.485802327121633404e+00 3.508820210804413975e+00 3.531929333711918417e+00 3.555047470339750770e+00 3.578236067243312668e+00 3.601482148422620266e+00 3.624804818202096435e+00 3.648203087894160923e+00 3.671682323274309656e+00 3.695238616612149585e+00 3.718906781742272738e+00 3.742722484058774945e+00 3.766609702507585311e+00 3.790646063930969145e+00 3.814834852331210335e+00 3.839173530643585686e+00 3.863747697275367710e+00 3.888510839223964233e+00 3.913518115469381886e+00 3.938857869423406211e+00 3.964564991524033299e+00 3.990779922248597789e+00 4.017677782241864115e+00 4.045584826999821360e+00 4.075429992401740087e+00
3.179782115799369091e+00 3.110570409489313182e+00 3.132701223841944493e+00 3.154795288839034928e+00 3.176839459108551367e+00 3.198865098295561538e+00 3.220882521810976229e+00 3.242855368650557679e+00 3.264818455254620666e+00 3.286759255374200883e+00 3.308701885960074751e+00 3.330650309472924508e+00 3.352587429194052060e+00 3.374539444234014418e+00 3.396503680700926786e+00 3.418493351379257028e+00 3.440493229109324869e+00 3.462507963768316710e+00 3.484563384207958414e+00 3.506672992429711311e+00 3.528801245459262326e+00 3.550988010193424582e+00 3.573244643568847412e+00 3.595530479035291993e+00 3.617895613472224436e+00 3.640360395679172356e+00 3.662902400928856661e+00 3.685520771038759857e+00 3.708256364123306614e+00 3.731137029462163301e+00 4.217250629130830930e+00 4.190020881415540188e+00 4.171881518564871882e+00 4.156679090518614395e+00 3.847741375812397724e+00 4.129245380406730170e+00 3.896157158676126553e+00 4.088080819279111822e+00 3.946767113043718744e+00 3.974064003346580165e+00 4.010510302862674514e+00
3.491156899573380379e+00 3.521369881930538792e+00 3.577591649480197145e+00 3.437772873221811576e+00 3.467743054110662193e+00 3.497774455273066074e+00 3.527824853871960986e+00 3.557924404570886434e+00 3.588062305646625205e+00 3.618297451883602633e+00 3.648604924928232851e+00 3.678997091509845774e+00 3.709479092963667846e+00 3.740078403125043138e+00 3.770816621759668585e+00 3.801676885113324023e+00 3.832650072204389691e+00 3.863827673285772146e+00 3.895118801123434338e+00 3.926600615634882274e+00 3.958333333333332593e+00 3.990255376344086002e+00 4.022414558366622650e+00 4.054815608978324271e+00 4.087542694037036739e+00 4.120567814244802562e+00 4.153945209462686528e+00 4.187690934678885313e+00 4.221891545835206649e+00 4.256633826507843388e+00 4.291964335160879607e+00 4.328022917911831691e+00 4.364996882145084633e+00 4.403134481358917718e+00 4.945156837022739893e+00 4.963771363175710327e+00 4.980561973409332488e+00 4.996064743523936258e+00 5.010673420779880871e+00 5.024443237370993742e+00 5.037611899656217140e+00
3.165014208161608167e+00 3.240976982167731002e+00 3.235381001280085211e+00 3.162888771744860161e+00 3.259655863566063516e+00 3.283773964563188041e+00 3.307881026545745229e+00 3.331991281289480522e+00 3.356080098445016535e+00 3.380172871698295278e+00 3.404267144653563282e+00 3.428347536487413638e+00 3.452466442026183469e+00 3.476592105354646467e+00 3.500751631968039845e+00 3.524924742856739623e+00 3.549184035631024248e+00 3.573465643189455587e+00 3.597794275355800764e+00 3.622153648971517370e+00 3.646621714600247532e+00 3.671148238195179658e+00 3.695774962170604638e+00 3.720494412368577031e+00 3.745318352059924916e+00 3.770247945214869389e+00 3.795306470997532600e+00 3.820532234872429100e+00 3.845863293295149532e+00 3.871386993522339282e+00 3.897143254810536472e+00 3.923134102359386421e+00 3.949392347879106868e+00 3.975979599111573837e+00 4.002981531071418964e+00 4.030522669982169681e+00 4.058888277380297005e+00 4.405286343612335287e+00 4.376936281382291405e+00 4.253363244081307393e+00 4.334216229231880213e+00
3.192338387869114502e+00 3.218384507929551663e+00 3.244422354760326588e+00 3.270498020304921649e+00 3.296544808972096341e+00 3.322658409507045274e+00 3.348774906513367178e+00 3.374934567595117674e+00 3.401171668934114045e+00 3.427436277664306807e+00 3.453778087850299272e+00 3.480149228798930849e+00 3.506624770522349444e+00 3.533177226940822369e+00 3.559811818575237652e+00 3.586553184445394393e+00 3.613369467028003434e+00 3.640309907137754486e+00 3.667363235029546420e+00 3.694556003311416870e+00 3.721857839075293661e+00 3.749323038895755023e+00 3.776927778273738046e+00 3.804674907823102803e+00 3.832623841657883279e+00 3.860737676663219098e+00 3.889023924441819879e+00 3.917535869937808890e+00 3.946247948989552778e+00 3.975228052556698533e+00 4.004446316254600013e+00 4.033940742801501500e+00 4.063808684152523831e+00 4.676721618145679216e+00 4.695743446675689547e+00 4.712760653229607577e+00 4.728423995723859186e+00 4.743083003952568433e+00 4.756980351602894785e+00 4.770309593092591172e+00 4.783196423000935837e+00
3.382786449523992989e+00 3.429475290280587174e+00 3.466805338880222020e+00 3.514405617536195070e+00 3.546962478700837806e+00 3.580059070974670909e+00 3.525322390732632982e+00 3.526800224055543165e+00 3.556063786022577666e+00 3.585366189996827657e+00 3.614776092427043341e+00 3.644214637366264053e+00 3.673744293790691451e+00 3.703393146626418275e+00 3.733097364709786259e+00 3.762961311182964064e+00 3.792920341776603532e+00 3.823028533694783349e+00 3.853299387600632731e+00 3.883710608078118742e+00 3.914297486608981913e+00 3.945073502948422739e+00 3.976034111630585510e+00 4.007268355707248375e+00 4.038715966854676154e+00 4.070453338116690745e+00 4.102464259887634412e+00 4.134879778370443404e+00 4.167621746650274517e+00 4.200841545634223628e+00 4.234552560515920661e+00 4.268884650605562214e+00 4.304013663535440237e+00 4.525383286251061676e+00 4.636764084170906131e+00 4.778189612215783200e+00 4.836083998011075025e+00 4.864346396272951623e+00 4.884156072863354403e+00 4.900292656366977084e+00 4.914208985388879292e+00
3.040330335426211672e+00 3.049904956450194327e+00 3.115092275955640755e+00 3.137550200803212341e+00 3.160001404445068385e+00 3.182443978608441970e+00 3.204904897930746177e+00 3.227390724759700014e+00 3.249896279905959862e+00 3.272456361446286266e+00 3.295028625561184477e+00 3.317597782738815226e+00 3.340222542326881872e+00 3.362844005215839260e+00 3.385479115825704266e+00 3.408268877636191352e+00 3.431049626701800470e+00 3.453914906814785191e+00 3.476833856017356172e+00 3.499862750480373208e+00 3.522950989534763266e+00 3.546148604486225597e+00 3.569418322098818042e+00 3.592797822211781344e+00 3.616284406859813227e+00 3.639884897224759719e+00 3.663611353047709684e+00 3.687443905629265828e+00 3.711432612988612600e+00 3.735550682429767733e+00 3.759861090222994306e+00 3.784321695376119621e+00 3.808969777556164615e+00 3.833830818522879547e+00 3.858928596039084891e+00 3.884315542713840941e+00 3.910001371930305947e+00 3.936137889125210343e+00 4.014896651022413998e+00 3.990834841364315544e+00 4.440990340846008522e+00
3.235995525884447055e+00 3.326864430274465878e+00 3.356080098445016535e+00 3.384977750823325415e+00 3.413944220331779800e+00 3.442933379239112135e+00 3.471957003284471543e+00 3.501064048877599255e+00 3.530193537669242154e+00 3.559425289716683150e+00 3.588769263246780028e+00 3.618146395769551660e+00 3.647663741520935421e+00 3.677286856127886416e+00 3.707034441095908850e+00 3.736869057340179268e+00 3.766891082056586182e+00 3.797031411805315670e+00 3.827332622542989338e+00 3.857812069440617275e+00 3.888502312635586211e+00 3.919372900335945431e+00 3.950432468396539498e+00 3.981753787905247144e+00 4.013313128377583361e+00 4.045138162391373804e+00 4.077232457534586629e+00 4.109665375720933156e+00 4.142473470909479261e+00 4.175651161994728966e+00 4.791402854307128756e+00 4.822098990803567631e+00 4.845363679153860126e+00 4.313823717681111169e+00 4.350438151270949128e+00 4.899225650168070878e+00 4.914474492512251658e+00 4.928912584693990517e+00 4.942712588127878170e+00 4.955947136563875866e+00 4.968791902911166680e+00
3.274964637349926377e+00 3.302623521559938879e+00 3.330280576138539228e+00 3.447596532702915439e+00 3.385598510336655043e+00 3.413230797093878000e+00 3.440919413667332005e+00 3.468609087755809561e+00 3.496335703071976830e+00 3.524129716166592985e+00 3.551903053940174804e+00 3.579787966405066246e+00 3.607728865299892007e+00 3.635715069695971913e+00 3.663813961205049541e+00 3.691979516350683888e+00 3.720238095238094900e+00 3.748646322161441891e+00 3.777095413626920806e+00 3.805727966564949938e+00 3.834489490012897406e+00 3.863401172818213158e+00 3.892485454396459321e+00 3.921703532973269901e+00 3.951144445522729143e+00 3.980780512333435883e+00 4.010676697968384552e+00 4.040798127299074061e+00 4.071183610380828100e+00 4.101893823521232108e+00 4.132971468720294084e+00 4.164439848136760602e+00 4.196391103650860543e+00 4.228993158580422573e+00 4.262310859955589670e+00 4.296645888178084682e+00 4.903551967291236657e+00 4.919588971805905153e+00 4.934244341038521497e+00 4.947943510978249471e+00 4.960823088893872246e+00
3.372379523462125661e+00 3.423987477988651662e+00 3.457229136680495696e+00 3.512469265893923609e+00 3.570496711023221970e+00 3.584575296761474128e+00 3.428602775796807833e+00 3.456476053533900750e+00 3.484393401952653679e+00 3.512370569144526389e+00 3.540363616169049266e+00 3.568487510293714138e+00 3.596649582581148863e+00 3.624923055878531031e+00 3.653301671385514204e+00 3.681757240210346005e+00 3.710341351404328414e+00 3.739016638624041988e+00 3.767897513187640879e+00 3.796874137074059519e+00 3.826025169779866175e+00 3.855320342072058981e+00 3.884842178286507242e+00 3.914523581509467665e+00 3.944445597791109481e+00 3.974562798092209359e+00 4.004971688993232526e+00 4.035652906017992869e+00 4.066637717720201550e+00 4.097962132051621076e+00 4.129700114943320344e+00 4.712374422051180289e+00 4.747468581931134857e+00 4.771982239926967573e+00 4.792398838711468656e+00 4.810467577448527265e+00 4.826953709513926327e+00 4.842383816889689108e+00 4.856895056374673558e+00 4.870753526151143653e+00 4.884055279251019677e+00
3.180683570386452885e+00 3.206267556057406320e+00 3.231817587963885963e+00 3.257375122151566771e+00 3.282948227207957093e+00 3.308542242502360953e+00 3.334143715486402648e+00 3.359791692915039540e+00 3.385455237934025696e+00 3.411163554850117130e+00 3.436945792490960550e+00 3.462747759602199160e+00 3.488647939604526460e+00 3.514575149886292937e+00 3.540609401359316344e+00 3.566700733231362275e+00 3.592890304127596579e+00 3.619153674832962242e+00 3.645543151537661952e+00 3.672038466335028062e+00 3.698655470242946386e+00 3.725363398656057257e+00 3.752240921661547990e+00 3.779237556001429077e+00 3.806360081663725747e+00 3.833647099092931665e+00 3.861110345017787715e+00 3.888753862713099974e+00 3.916522128350025334e+00 3.944527487128384191e+00 3.972738792424398646e+00 4.704181949576622834e+00 4.725470983523394786e+00 4.743930862364127421e+00 4.760656280616539782e+00 4.776135696838196942e+00 4.790747014338021970e+00 4.804623420480050200e+00 4.817968988565806576e+00 4.830884534958350685e+00 4.843385664962256421e+00
3.500836699971292987e+00 3.539331690898365412e+00 3.577349871696970496e+00 3.625689403922717435e+00 3.664117915462577368e+00 3.622456443444398211e+00 3.580404172547939634e+00 3.611863582690838292e+00 3.643412984298952662e+00 3.674992025960698072e+00 3.706703642179541625e+00 3.738524805804406270e+00 3.770449451539250596e+00 3.802517958255266617e+00 3.834723420573290742e+00 3.867056134463066286e+00 3.899595673501221160e+00 3.932309093292308155e+00 3.965215488952089196e+00 3.998317949000764759e+00 4.031706983736503602e+00 4.065348758690543463e+00 4.099256668124180436e+00 4.133455499906997233e+00 4.168004755625098312e+00 4.202983429221069933e+00 4.238359891443297833e+00 4.274240805211816152e+00 4.310644510880901059e+00 4.347706067465355595e+00 4.385544150095247673e+00 4.424350519169880869e+00 4.464377700089974255e+00 4.958609385545653225e+00 4.982595517048088674e+00 5.002604095282475072e+00 5.020284663708768136e+00 5.036343342498570408e+00 5.051203985607528146e+00 5.065223424923674500e+00 5.078511035467222712e+00
3.099771305761441553e+00 3.122981595701641133e+00 3.146149113485093629e+00 3.169288219204508650e+00 3.192417653360196450e+00 3.215568945992422378e+00 3.238721325257202466e+00 3.261902398207372045e+00 3.285082231898846850e+00 3.308291405334619295e+00 3.331482509716823692e+00 3.354743117534822794e+00 3.378029023473854142e+00 3.401360544217686854e+00 3.424729341543365280e+00 3.448156960104824087e+00 3.471643614953063395e+00 3.495183636948285155e+00 3.518818780832787319e+00 3.542478484652732629e+00 3.566260433026315013e+00 3.590082923876163346e+00 3.614047524724949945e+00 3.638085954928920174e+00 3.662244333886124803e+00 3.686494908463635589e+00 3.710881128107862637e+00 3.735369801610358476e+00 3.759989608755990531e+00 3.784772598246389119e+00 3.809708522664302155e+00 3.834783578759482836e+00 3.860072376357056800e+00 3.885516045099739468e+00 4.524607695946363251e+00 4.556924144216446315e+00 4.578097561308925201e+00 3.989928869199125039e+00 4.016966577476392075e+00 4.044614150665305274e+00 4.637705235761552025e+00
3.067848253069591191e+00 3.089714061007807988e+00 3.111538275378051388e+00 3.133311980392430307e+00 3.155104959824996502e+00 3.176839459108551367e+00 3.198575938364832449e+00 3.220296267256587353e+00 3.241982989936057269e+00 3.263684908582102029e+00 3.285403720195446464e+00 3.307083359169921799e+00 3.328800498611819592e+00 3.350551444925310207e+00 3.372286685661587402e+00 3.394073099849387987e+00 3.415871953599910249e+00 3.437725600742548071e+00 3.459572425089666226e+00 3.481506238859179536e+00 3.503445054303398365e+00 3.525471531817379933e+00 3.547554621907192285e+00 3.569712363561474255e+00 3.591928724865302236e+00 3.614198238773396188e+00 3.636563241893208343e+00 3.659034296409924281e+00 3.681578216171158324e+00 3.704237235815857510e+00 3.726991006908737081e+00 3.749869796187632609e+00 3.772899403322946377e+00 3.796035558500359119e+00 4.160397179250711730e+00 4.047255193395995931e+00 3.866548828988068731e+00 3.890439756199107979e+00 3.914633038104757823e+00 3.939211742997532184e+00 4.601837987829167531e+00
3.174252670512572649e+00 3.199354564992106020e+00 3.224472343139935138e+00 3.249581702780811820e+00 3.274668004403383126e+00 3.299762829546625920e+00 3.324867889557792555e+00 3.349990229195164204e+00 3.375143788013417634e+00 3.400321989674124801e+00 3.425543368078130424e+00 3.450750883392225798e+00 3.476060372216544625e+00 3.501400560224089187e+00 3.526789492988742225e+00 3.552274151981611894e+00 3.577792914593954432e+00 3.603403830695456556e+00 3.629117850466649475e+00 3.654919380912886151e+00 3.680811167442183507e+00 3.706805420173258092e+00 3.732916721393069182e+00 3.759162959714303920e+00 3.785542033537098394e+00 3.812058580943864960e+00 3.838718964642656051e+00 3.865561300209154449e+00 3.892565200467107633e+00 3.919756975067545834e+00 3.947177075903521626e+00 4.665971345446561003e+00 4.695224680310436938e+00 4.717271366162806956e+00 4.736083464891206241e+00 4.752949928705750615e+00 4.117937736781419389e+00 4.783185054596640562e+00 4.797083373309027898e+00 4.810401462362043468e+00 4.823295137429458812e+00
3.279535003802864779e+00 3.339478902146310713e+00 3.389136405679627817e+00 3.448965655200005198e+00 3.478381856760234925e+00 3.556634168793673112e+00 3.396079953425189313e+00 3.423461667499708927e+00 3.450869964318004079e+00 3.478357658647892592e+00 3.505901601028397874e+00 3.533519940138015514e+00 3.561229171945731853e+00 3.589021815622800204e+00 3.616938400756774197e+00 3.644979041370511652e+00 3.673081854282605363e+00 3.701368135332985698e+00 3.729745410341064105e+00 3.758268190018038801e+00 3.786975609071910664e+00 3.815867069067194084e+00 3.844863262681057492e+00 3.874118810922248191e+00 3.903527115572284600e+00 3.933204526635384557e+00 3.963075072941079302e+00 3.993225286754884973e+00 4.023650883498257613e+00 4.054369786011736920e+00 4.085419898072235156e+00 4.648619086683073220e+00 4.680726937244339858e+00 4.704059326489387516e+00 4.723730240773322819e+00 4.741257876328753618e+00 4.757373929590865913e+00 4.772423573045351475e+00 4.786713747580628286e+00 4.800340138386948396e+00 4.813444638510308238e+00
3.416324453213785084e+00 3.469066335486466812e+00 3.512904758952740902e+00 3.551655698318186616e+00 3.579902008956774129e+00 3.603503714380751788e+00 3.616862927850540643e+00 3.570453447587842888e+00 3.600858666297347188e+00 3.631360992199557103e+00 3.661946042633502874e+00 3.692607817181077223e+00 3.723341906213154751e+00 3.754197401261131883e+00 3.785167648516214012e+00 3.816317184529343542e+00 3.847554398235621065e+00 3.878975950349107915e+00 3.910564699263853417e+00 3.942344934432578718e+00 3.974317685028471381e+00 4.006493282216005980e+00 4.038938101562178140e+00 4.071633138953107078e+00 4.104612900798347397e+00 4.137931034482758896e+00 4.171567688814727504e+00 4.205620363475910395e+00 4.240145138082758614e+00 4.275183936341131918e+00 4.310824340861052484e+00 4.347196058542239783e+00 4.846681047429211020e+00 4.423005155565384428e+00 4.463304768182815963e+00 4.953662614295444300e+00 4.972379453855636733e+00 4.988913525498890777e+00 5.004010062858592178e+00 5.018078831956224839e+00 5.031325168342625886e+00
2.981049045354531746e+00 3.046479585124871381e+00 3.127497654376758973e+00 3.032579553521582483e+00 3.112076238952128815e+00 3.092124701953535393e+00 3.248862897985704823e+00 3.313315386208324664e+00 3.356572939029251579e+00 3.319272526104694698e+00 3.342781333351904305e+00 3.366342188683479453e+00 3.389924314751013412e+00 3.413539910551321110e+00 3.437229318191191929e+00 3.460974056538471899e+00 3.484757669951631609e+00 3.508627094856765716e+00 3.532570298148932864e+00 3.556609365737996242e+00 3.580724683587885870e+00 3.604927658807461910e+00 3.629257398101619181e+00 3.653660554253412407e+00 3.678180064264051641e+00 3.702865606549957445e+00 3.727659926965477322e+00 3.752605976372481056e+00 3.777706039521674164e+00 3.802938634399308793e+00 3.828403973187251008e+00 3.854015402297268356e+00 3.879889700278519982e+00 3.905950296782473519e+00 3.932309093292308155e+00 3.958993165527587177e+00 3.986089920690556010e+00 4.077683322966341173e+00 4.142730888201501926e+00 4.494444175546075115e+00 4.514827102643909740e+00
3.409288571925552347e+00 3.346194557312117901e+00 3.375385004852116122e+00 3.404550981413930533e+00 3.433759348409825662e+00 3.462987588652482351e+00 3.492241745299168532e+00 3.521573157160766687e+00 3.550938561800256021e+00 3.580379520229144408e+00 3.609882748231504124e+00 3.639484978540771909e+00 3.669165853219519491e+00 3.698984834162180046e+00 3.728895487345924131e+00 3.758910326068384489e+00 3.789079184865728589e+00 3.819371031434787511e+00 3.849842156471584786e+00 3.880481179666278813e+00 3.911270045258981920e+00 3.942290401560317292e+00 3.973509933774834302e+00 4.004916380107994556e+00 4.036635951114946330e+00 4.068572689533424658e+00 4.100825632894089523e+00 4.133370074400660954e+00 4.166325164603994047e+00 4.199655765920826234e+00 4.233440079752549323e+00 4.267826781301412353e+00 4.302808436236476908e+00 4.338663691582993032e+00 4.375589679077844352e+00 4.413975750720719127e+00 4.968806934246120299e+00 4.983309326980182696e+00 4.996988116751547082e+00 5.010123194125116086e+00 5.022669888415279615e+00
3.276951180399648500e+00 3.334838642442768730e+00 3.197975542439221108e+00 3.221516991788558659e+00 3.245049573310502922e+00 3.268519291218114464e+00 3.291985066995397613e+00 3.315420851234303523e+00 3.338828488554078433e+00 3.362192149281331144e+00 3.385567808086670460e+00 3.408956511454789506e+00 3.432333987111235274e+00 3.455711600132699068e+00 3.479107956719897032e+00 3.502530750159674078e+00 3.525943895180739585e+00 3.549431047082158397e+00 3.572925470148895055e+00 3.596475454055025889e+00 3.620060705633371345e+00 3.643738613316832797e+00 3.667413988762489474e+00 3.691222409821385497e+00 3.715074792166098927e+00 3.739042528146681033e+00 3.763102438490379953e+00 3.787252795681154360e+00 3.811530225434687669e+00 3.835960384990932948e+00 3.860551369461659998e+00 3.885327338828296284e+00 3.910269602798929878e+00 3.935458480913025525e+00 3.960936966468619591e+00 3.986738847622644855e+00 4.012977561333941345e+00 4.039767747589833036e+00 4.067394661372159881e+00 4.096311930682071001e+00 4.128052178579537212e+00
3.298662287166098217e+00 3.350855515298749143e+00 3.388306883794903523e+00 3.303942015817622480e+00 3.330026923621935975e+00 3.356080098445016535e+00 3.382132676233270185e+00 3.408197758936085453e+00 3.434278217746975947e+00 3.460351294863454275e+00 3.486482905774312968e+00 3.512638611474619310e+00 3.538815953814981707e+00 3.565037947086609371e+00 3.591309032142215862e+00 3.617668134605082741e+00 3.644089355821260590e+00 3.670563466120005724e+00 3.697141342411093934e+00 3.723804072738305937e+00 3.750599054015571809e+00 3.777472527472526931e+00 3.804490682456455719e+00 3.831684547861223145e+00 3.858981780093166947e+00 3.886459851481712580e+00 3.914163090128754963e+00 3.942072285157059763e+00 3.970182559946333178e+00 3.998621165115476828e+00 4.027358261292226516e+00 4.056488318688723282e+00 4.086070654394603707e+00 4.116231206613877092e+00 4.147226542249870640e+00 4.179456259592194911e+00 4.304838082541798450e+00 4.458314757021845764e+00 4.710251281666200107e+00 4.739043537386932847e+00 4.755570565085841750e+00
3.355047949226940940e+00 3.371544167228590627e+00 3.661282968816921723e+00 3.726399470023186833e+00 3.461884650003461683e+00 3.491142082637386679e+00 3.520397597846345317e+00 3.549678092918044481e+00 3.578972484017431288e+00 3.608304651937382257e+00 3.637686431429610234e+00 3.667134860614279290e+00 3.696629905735937527e+00 3.726219474327037595e+00 3.755855720509703843e+00 3.785610550152456621e+00 3.815496465462818954e+00 3.845454672577013788e+00 3.875566628603065666e+00 3.905841325196163449e+00 3.936246616209049254e+00 3.966815536238227580e+00 3.997601439136517776e+00 4.028623712888864894e+00 4.059865817994150028e+00 4.091374019774974613e+00 4.123172919000268166e+00 4.155297311522639703e+00 4.187838516946785994e+00 4.220781467309700830e+00 4.254280433797119620e+00 4.288401947764496569e+00 4.323299095593720942e+00 4.359228070661011145e+00 4.396586016064985003e+00 4.436193882147390077e+00 5.075062923922063263e+00 5.090668941416031323e+00 5.105201178961126018e+00 5.052707351343120656e+00 5.048758558683172026e+00
3.212268070753695692e+00 3.276631344116006428e+00 3.346346904629112995e+00 3.412874197278058741e+00 3.270862185353497154e+00 3.295435821387378450e+00 3.320006216181851322e+00 3.344574820925889647e+00 3.369133238905925420e+00 3.393727836879432580e+00 3.418302568610215975e+00 3.442897092508537149e+00 3.467550660915155625e+00 3.492217832222899165e+00 3.516941105304250303e+00 3.541715857164682735e+00 3.566529492455418282e+00 3.591383442341029131e+00 3.616309556098001643e+00 3.641329085116067343e+00 3.666449907992860968e+00 3.691626161324062405e+00 3.716898563734290395e+00 3.742281544314851160e+00 3.767766063591517778e+00 3.793391222782418026e+00 3.819162648589296438e+00 3.845024538247507007e+00 3.871092615890835198e+00 3.897305987236322267e+00 3.923701220477590290e+00 3.950334756816029635e+00 3.977141900236535577e+00 4.004252792621127988e+00 4.031651883943091264e+00 4.059418883866217520e+00 4.087655971788245246e+00 4.116525103942259456e+00 4.146395400265369346e+00 4.259967981530976999e+00 4.760097961436306591e+00
3.157939058793807874e+00 3.201024327784890655e+00 3.277728185672840855e+00 3.190041399648386733e+00 3.252415091206022790e+00 3.276654187494335346e+00 3.300886323093562336e+00 3.325126637801737228e+00 3.349359086183195444e+00 3.373633334251328719e+00 3.397893306150186810e+00 3.422170074868700507e+00 3.446516949970359622e+00 3.470848344752424985e+00 3.495233461035000211e+00 3.519689141055061921e+00 3.544177125463869871e+00 3.568732413698441519e+00 3.593344021228370710e+00 3.618045698700286472e+00 3.642811975916201206e+00 3.667667778500546483e+00 3.692635926612279906e+00 3.717680728384843203e+00 3.742878134660437617e+00 3.768181475619865051e+00 3.793626707132017994e+00 3.819179223665023049e+00 3.844939098911058561e+00 3.870878551185456651e+00 3.896982914806483844e+00 3.923354468070200163e+00 3.949939711446508905e+00 3.976824711165963144e+00 4.004059287691659641e+00 4.031725509005344321e+00 4.060033443665315822e+00 4.089129154104723440e+00 4.189560439560439775e+00 4.341893065376503991e+00 4.655971625961150551e+00
3.286207716295394654e+00 3.317735369132619461e+00 3.556038990921641663e+00 3.374981543069686563e+00 3.403628684949014715e+00 3.432321484959567126e+00 3.461069885923135914e+00 3.489865430788988032e+00 3.518721669115973061e+00 3.547647636720881348e+00 3.576636311112333821e+00 3.605727559546509919e+00 3.634917151322286433e+00 3.664193911907247081e+00 3.693595715428970028e+00 3.723112803293198603e+00 3.752788530366313768e+00 3.782572149061361522e+00 3.812534226159530082e+00 3.842643738892357774e+00 3.872939907187761044e+00 3.903414460438551892e+00 3.934100367872893855e+00 3.964998632759091812e+00 3.996114123507485960e+00 4.027498090410388087e+00 4.059167526659786418e+00 4.091122945063037086e+00 4.123399605528104139e+00 4.156049436548707732e+00 4.820637839252388090e+00 4.844630648088759095e+00 4.865013019048923582e+00 4.883215494236430310e+00 4.899964803069725150e+00 4.364548951144330502e+00 4.930459970828112048e+00 4.944647419168749281e+00 4.958295976308853881e+00 4.971499009105333933e+00 4.984330085552953093e+00
3.345087599481511020e+00 3.389591130569874711e+00 3.432934197517302000e+00 3.474780046423061375e+00 3.531048509544424174e+00 3.585613415710502405e+00 3.420784406808059064e+00 3.448513690599351200e+00 3.476302048932428335e+00 3.504143133940717192e+00 3.532051637209817407e+00 3.560058877896826957e+00 3.588112793380987320e+00 3.616309556098001643e+00 3.644565471524253031e+00 3.672929126327971527e+00 3.701418877236273719e+00 3.730003039261735154e+00 3.758730505856785253e+00 3.787639669212802485e+00 3.816687947593405017e+00 3.845884903153625967e+00 3.875298432580188024e+00 3.904885216926649694e+00 3.934670661162730010e+00 3.964700494220422922e+00 3.994930570861802810e+00 4.025490222834763543e+00 4.056284443449799326e+00 4.087429422563995551e+00 4.118961184026808553e+00 4.150870299139386432e+00 4.183312765378904174e+00 4.216317841245265541e+00 4.760933142896006665e+00 4.780669703530183057e+00 4.797971143630693547e+00 4.813643240269563250e+00 4.828224029594973210e+00 4.841954512906196051e+00 4.855008634979643745e+00
3.090489533542113421e+00 3.145181581816656635e+00 3.001787110465765629e+00 3.140287092024368398e+00 3.218651385069655646e+00 3.242005352757773906e+00 3.265317465279948816e+00 3.288622067353778711e+00 3.311920845091802068e+00 3.335232562987256788e+00 3.358545749690384330e+00 3.381875905859617504e+00 3.405237115694669026e+00 3.428587421982143724e+00 3.451989726878572640e+00 3.475432169990337883e+00 3.498925829770260343e+00 3.522440014918569062e+00 3.546049978445578788e+00 3.569687858255932600e+00 3.593393683919563042e+00 3.617189999860877414e+00 3.641060166801775466e+00 3.664991577567431769e+00 3.689060890386167912e+00 3.713203187853700182e+00 3.737489791115848448e+00 3.761912723624811772e+00 3.786470596334696292e+00 3.811186872886522803e+00 3.836063103238048555e+00 3.861136966939014314e+00 3.886486824115650052e+00 3.912067699361029049e+00 3.937987066821422300e+00 3.964334895884046528e+00 3.991274248711437433e+00 4.019236899366624094e+00 4.271001963283159952e+00 4.256546156064205277e+00 4.242091281459278385e+00
3.403652327334106609e+00 3.460423140541625031e+00 3.269792681229998887e+00 3.295911010402718944e+00 3.321983223984718681e+00 3.348097513340075881e+00 3.374190882798512092e+00 3.400298393532493524e+00 3.426429660293973889e+00 3.452585641386833881e+00 3.478793276188355765e+00 3.505008657371383674e+00 3.531293492033817483e+00 3.557651392018303937e+00 3.584056462674119814e+00 3.610509359551186126e+00 3.637062351600993892e+00 3.663712654325255169e+00 3.690448006461765296e+00 3.717289604915238410e+00 3.744227649041061312e+00 3.771333749322873796e+00 3.798552406210288002e+00 3.825920612147298172e+00 3.853458478984888913e+00 3.881207332709567748e+00 3.909113119960908822e+00 3.937252626561949409e+00 3.965649272508478429e+00 3.994325303362119328e+00 4.023307436182019359e+00 4.052670984936427523e+00 4.660407100267288882e+00 4.703571255646013860e+00 4.729331450739557852e+00 4.175565412628004403e+00 4.768288806269262992e+00 4.784788533150262424e+00 4.800142632809659915e+00 4.814537151032030060e+00 4.828289697381842771e+00
3.331274420670558456e+00 3.391051861899412767e+00 3.453467972538022401e+00 3.271955167252601715e+00 3.297518617240525973e+00 3.323087147960455123e+00 3.348681456676433577e+00 3.374283825473776588e+00 3.399897309224128694e+00 3.425543368078130424e+00 3.451227256412380484e+00 3.476954743957052507e+00 3.502723195582448046e+00 3.528557096896944856e+00 3.554428050709839582e+00 3.580404172547939634e+00 3.606427763945432297e+00 3.632525496216690186e+00 3.658725356373921489e+00 3.685033895358943212e+00 3.711467748032578395e+00 3.737981351626367577e+00 3.764647902748876618e+00 3.791403853445007410e+00 3.818357273276358210e+00 3.845427786362015432e+00 3.872698856170730508e+00 3.900156006240248718e+00 3.927810968928947766e+00 3.955669224211423973e+00 3.983790095473589865e+00 4.012147121284440843e+00 4.040846797115245970e+00 4.069947918463077130e+00 4.664371064436913628e+00 4.702497856214212568e+00 4.725412446325477411e+00 4.743702562974369208e+00 4.759605435607366708e+00 4.773953310736620992e+00 4.787278328199150224e+00
3.364229316855475105e+00 3.419495310406431177e+00 3.463923239461013992e+00 3.560880584822269768e+00 3.558023692251879755e+00 3.367192322801503934e+00 3.393774847280131901e+00 3.420402351003085428e+00 3.447038712355171786e+00 3.473717850741290913e+00 3.500439270810454584e+00 3.527190489034587539e+00 3.553982202214618358e+00 3.580882301313692562e+00 3.607803957483417534e+00 3.634842364430666883e+00 3.661940690379459795e+00 3.689129365469749455e+00 3.716429422901620150e+00 3.743864222524196261e+00 3.771385469880343955e+00 3.799050928004531702e+00 3.826861836620334412e+00 3.854811286336758513e+00 3.882956594092358937e+00 3.911242727533053465e+00 3.939729057229748310e+00 3.968474991645314809e+00 3.997408576509021039e+00 4.026644099260188625e+00 4.056125781147951415e+00 4.085996608622814996e+00 4.116231206613877092e+00 4.146939903929225402e+00 4.178214788094872567e+00 4.769013850875009730e+00 4.792518194453001534e+00 4.811062695019863611e+00 4.827086853084162854e+00 4.841492270659873753e+00 4.854806605311158485e+00
3.174916746627532760e+00 3.221626921595405424e+00 3.303419038705059929e+00 3.280038523005631923e+00 3.272205745157831913e+00 3.297088258931331506e+00 3.321953874317055799e+00 3.346813554594895823e+00 3.371706565194354965e+00 3.396597856677434191e+00 3.421548774526918635e+00 3.446516949970359622e+00 3.471523096043158230e+00 3.496551440442074110e+00 3.521661671891616052e+00 3.546814473784868138e+00 3.572041902799243829e+00 3.597321379157673249e+00 3.622708810845832517e+00 3.648177976018391888e+00 3.673718357501317033e+00 3.699390285675138390e+00 3.725153926171666185e+00 3.751041956098916330e+00 3.777057466212504266e+00 3.803227903245881780e+00 3.829523537644215825e+00 3.856005728922797360e+00 3.882687374332662866e+00 3.909545463898433937e+00 3.936627208309736670e+00 3.963976494314822574e+00 3.991603867726505772e+00 4.019571153339708935e+00 4.047933111394931061e+00 4.076781691795304141e+00 4.106376018764049896e+00 4.224405986191039908e+00 4.625155322380228640e+00 4.656852523736047189e+00 4.672929308200304277e+00
3.301896526817590605e+00 3.330419216518879288e+00 3.358925143953934711e+00 3.387416783613197868e+00 3.415943392938059819e+00 3.444475062000551091e+00 3.473018122208561653e+00 3.501640965079713563e+00 3.530266846641055167e+00 3.558938067633512059e+00 3.587683692922414291e+00 3.616510762596932604e+00 3.645392705087729723e+00 3.674380554900791740e+00 3.703449694808312209e+00 3.732632888643119262e+00 3.761918441608186114e+00 3.791325447376402646e+00 3.820903817430268745e+00 3.850623801055771178e+00 3.880481179666278813e+00 3.910532600574010420e+00 3.940764093416849079e+00 3.971212195104958376e+00 4.001904354485928295e+00 4.032874883533354549e+00 4.064116605704917617e+00 4.095647009836378416e+00 4.127569411958944556e+00 4.159875612899706532e+00 4.192641570384830096e+00 4.225995324140656706e+00 4.259997251614676017e+00 4.294888401074404172e+00 4.330908940920902062e+00 4.368660323007822477e+00 4.950392937439408669e+00 4.965513488511297702e+00 4.979907456719763204e+00 4.993604082442350212e+00 5.006790030315085183e+00
3.170336675970915508e+00 3.107103261752264700e+00 3.118632791384256642e+00 3.140418582903561351e+00 3.162185757790319407e+00 3.183902190524706910e+00 3.205619590516940676e+00 3.227290517945795134e+00 3.248954684145100913e+00 3.270611813171518722e+00 3.292238722331185308e+00 3.313887258793882573e+00 3.335510680583158472e+00 3.357159842773013825e+00 3.378820998338171400e+00 3.400487171835638200e+00 3.422193975541788724e+00 3.443905664536036859e+00 3.465675945436397232e+00 3.487455622127208166e+00 3.509303093691511499e+00 3.531146791849282707e+00 3.553090840689160146e+00 3.575087142749104441e+00 3.597147185578207118e+00 3.619254433586680975e+00 3.641456582633052719e+00 3.663737980519973902e+00 3.686107470511140072e+00 3.708601857099873111e+00 3.750937734433607673e+00 4.186426370368336869e+00 4.160108717507817744e+00 4.138730237563114756e+00 4.118729234740108325e+00 4.095814759951122319e+00 4.046333952856779881e+00 4.021456857947148578e+00 3.918603052385534635e+00 3.943654176122211918e+00 3.969774001462548441e+00
3.382272749235537113e+00 3.428659394176877040e+00 3.477244909313452759e+00 3.515253442880578394e+00 3.544645153219024181e+00 3.565909901343159216e+00 3.578925634054853866e+00 3.537465925879684558e+00 3.566969859104690332e+00 3.596500328526472501e+00 3.626068644268719776e+00 3.655752291742827786e+00 3.685520771038759857e+00 3.715349208424210570e+00 3.745292375555724806e+00 3.775320387416513324e+00 3.805490977526845509e+00 3.835826620636747286e+00 3.866269261050500283e+00 3.896899181651171329e+00 3.927702707358584622e+00 3.958663221935161403e+00 3.989873975015133301e+00 4.021326899210294847e+00 4.053005062821578797e+00 4.084967320261438495e+00 4.117259552042160209e+00 4.149922880599802077e+00 4.182981437162704097e+00 4.216463562151363753e+00 4.250545254370744708e+00 4.285260087640479831e+00 4.320768260472635625e+00 4.828152266127752057e+00 4.395544017252509761e+00 4.903179470180381472e+00 4.924188021912636160e+00 4.942067980890670675e+00 4.958063050035118380e+00 4.972650422675285675e+00 4.986270679362303504e+00
3.130347677282022900e+00 3.153910849453322118e+00 3.177431944242976591e+00 3.200912956043114654e+00 3.224404536596991555e+00 3.247875060465759134e+00 3.271317505724805397e+00 3.294754330498910200e+00 3.318194072875837008e+00 3.341641024212973932e+00 3.365084161441629362e+00 3.388564631683770756e+00 3.412042420739646698e+00 3.435552471192892643e+00 3.459083978087762024e+00 3.482694491073853982e+00 3.506311360448808312e+00 3.529998061961848066e+00 3.553685032018004897e+00 3.577497540470440551e+00 3.601332493022418202e+00 3.625259694083854622e+00 3.649283225690954424e+00 3.673361888523862362e+00 3.697541135145128610e+00 3.721831702983785295e+00 3.746253746253746186e+00 3.770764916803214462e+00 3.795433058912022428e+00 3.820230851092858426e+00 3.845185827344165030e+00 3.870316743957813443e+00 3.895652173913042748e+00 3.921190941360996884e+00 3.947013080539840679e+00 3.973119789561655235e+00 4.630365522436539649e+00 4.026519490437016735e+00 4.054063339586210901e+00 4.082521365195144192e+00 4.112603072114493941e+00
3.363744327971936787e+00 3.412689745549852827e+00 3.453253309943296934e+00 3.517702319614294026e+00 3.360376362152560858e+00 3.387175307492008347e+00 3.413991792485037813e+00 3.440801018477100737e+00 3.467622805861669377e+00 3.494443150206240745e+00 3.521349944714805336e+00 3.548245705579093912e+00 3.575185462745879672e+00 3.602205658233811558e+00 3.629266956551511658e+00 3.656409967936096628e+00 3.683625243258271009e+00 3.710906629465972717e+00 3.738291877522481155e+00 3.765782050228685396e+00 3.793391222782418026e+00 3.821116182774408454e+00 3.848982425271318952e+00 3.876988687500865005e+00 3.905152746281540299e+00 3.933503095045856046e+00 3.962075293332591563e+00 3.990814126081720037e+00 4.019821880306338358e+00 4.049083122872515261e+00 4.078669938819950325e+00 4.108604101756428761e+00 4.138930086572620404e+00 4.169799712899036059e+00 4.201304470601199270e+00 4.233700254022014775e+00 4.267533021757534684e+00 4.812484960984496851e+00 4.843044433227377432e+00 4.861381187843768714e+00 4.875770852504498265e+00
3.375167036327818337e+00 3.232084281755227995e+00 3.257675011508090801e+00 3.283223426846987536e+00 3.308764000647673065e+00 3.334305839203100863e+00 3.359815210163440646e+00 3.385357293372299736e+00 3.410878614487184990e+00 3.436426116838487754e+00 3.461980529821500063e+00 3.487577249836083748e+00 3.513219348883346971e+00 3.538889621338810798e+00 3.564622492767929085e+00 3.590386212916942821e+00 3.616208961243975839e+00 3.642136078450236791e+00 3.668099301676944091e+00 3.694176882661996064e+00 3.720342552295381466e+00 3.746591642325384441e+00 3.772989511089158920e+00 3.799470837334291584e+00 3.826077450739252317e+00 3.852862676968987543e+00 3.879755298290830101e+00 3.906849544433437238e+00 3.934073215173098603e+00 3.961532156712748165e+00 3.989187925140825097e+00 4.017093425126225803e+00 4.045279707094322497e+00 4.073769756057142644e+00 4.753637566137566495e+00 4.132003746350063622e+00 4.820438659918051982e+00 4.192699204761805909e+00 4.854037054761741743e+00 4.868115216631126785e+00 4.881167630296238791e+00
3.416467372736590402e+00 3.458388667552014351e+00 3.508675371850792146e+00 3.577666940252961947e+00 3.574644769676014189e+00 3.407036573494645282e+00 3.434301806442749960e+00 3.461597042411487024e+00 3.488891369878307724e+00 3.516223856875623888e+00 3.543586109142452312e+00 3.570987103242730942e+00 3.598416696653472080e+00 3.625915030444003762e+00 3.653481346167357202e+00 3.681117948575477250e+00 3.708842154425198157e+00 3.736636335328512359e+00 3.764544832306638611e+00 3.792554181808152070e+00 3.820691475689982131e+00 3.848980020294622051e+00 3.877364499958456889e+00 3.905955554337324109e+00 3.934697822110240217e+00 3.963616731929665793e+00 3.992757963142713695e+00 4.022163507881360012e+00 4.051807245749095898e+00 4.081717365286031907e+00 4.112011184670421926e+00 4.142616476566599815e+00 4.173736931413870366e+00 4.205446397793863866e+00 4.237838428992283468e+00 4.831451367990943879e+00 4.306308400035543826e+00 4.894965080284322312e+00 4.912644871129562496e+00 4.927749475992837525e+00 4.941321803582458649e+00
3.407605218503991562e+00 3.344994355322025825e+00 3.515037329696441226e+00 3.555288149267405107e+00 3.378168756764954761e+00 3.405805160142348686e+00 3.433523550538032598e+00 3.461237600116297664e+00 3.488988751500265550e+00 3.516792685071215008e+00 3.544669789682925565e+00 3.572581808688243932e+00 3.600559471548656187e+00 3.628645762015609844e+00 3.656786443671689035e+00 3.685033895358943212e+00 3.713382891814442033e+00 3.741866637101300519e+00 3.770449451539250596e+00 3.799182139699381455e+00 3.828012851186000542e+00 3.857068077251563309e+00 3.886244083887353540e+00 3.915618422984679547e+00 3.945128112844506152e+00 3.974923116618665375e+00 4.004888726238235996e+00 4.035091380905669212e+00 4.065572866780135186e+00 4.096368812053045261e+00 4.127455836222551966e+00 4.158926442454321304e+00 4.190851371456111529e+00 4.223294585182467031e+00 4.256400046683096683e+00 4.867381006245329544e+00 4.884626498066788614e+00 4.900100072466268664e+00 4.914306775600467248e+00 4.927591776396835321e+00 4.940135167587224707e+00
3.442459292918861102e+00 3.490353620728594120e+00 3.531758123043682307e+00 3.565860036497626062e+00 3.597595146013933487e+00 3.623567123096755882e+00 3.552249409699730798e+00 3.583045870012715906e+00 3.613896823245696055e+00 3.644866240286087411e+00 3.675884119487040635e+00 3.707059889611993952e+00 3.738291877522481155e+00 3.769679440168333784e+00 3.801177673955712155e+00 3.832833696083665309e+00 3.864654285970614112e+00 3.896655139061879769e+00 3.928832014368300207e+00 3.961194195808082963e+00 3.993830220900126626e+00 4.026659261316301475e+00 4.059754075236187809e+00 4.093157489437572849e+00 4.126884202427167025e+00 4.160953881624272377e+00 4.195380954346001445e+00 4.230291617199546828e+00 4.265683266137354934e+00 4.301672101574967044e+00 4.338305168780729026e+00 4.375759680500086901e+00 4.721919973721489860e+00 4.838423900451132909e+00 4.881939573964822365e+00 4.909180166912125998e+00 4.930223640422354947e+00 4.948079526633724967e+00 4.963960288317693426e+00 4.978426817125788162e+00 4.991896715605489199e+00
3.196045426458994143e+00 3.236200419299010811e+00 3.164578732655012328e+00 3.349826576686602664e+00 3.392952353254810038e+00 3.444617440787026474e+00 3.307425169505539664e+00 3.468103848901650910e+00 3.496185661443365067e+00 3.524289959228802172e+00 3.552446405880665292e+00 3.580650714408676549e+00 3.608930715470514805e+00 3.637311957834632903e+00 3.665790565776732901e+00 3.694328521584457015e+00 3.723008190618019242e+00 3.751823803237684718e+00 3.780770314766313867e+00 3.809834816447600581e+00 3.839039542107283154e+00 3.868445230414268909e+00 3.898011318154291249e+00 3.927756837397757828e+00 3.957756160559918523e+00 3.987953629725380811e+00 4.018401507593392985e+00 4.049138700157848270e+00 4.080161574398346147e+00 4.111532162460340700e+00 4.143303041184431379e+00 4.175539688504739111e+00 4.208260608611067433e+00 4.241678313898102459e+00 4.496678589678078986e+00 4.675242528206150716e+00 4.348456298014204968e+00 4.772000627177224175e+00 4.791468448180268958e+00 4.807362131721721887e+00 4.821142407040225564e+00
