5.130819743762058849e+00 5.094303961380367340e+00 5.059493786680191008e+00 5.025243552480367804e+00 4.992074425013165673e+00 4.959641359142292316e+00 4.926199732670745846e+00 4.892198108299829151e+00 4.860000316223521466e+00 4.824722003517325497e+00 4.789151809225599798e+00 4.751316541426819917e+00 4.713638619467263702e+00 4.670843589952601960e+00 4.628359908588528526e+00 4.581714024526771567e+00 4.527823731505153937e+00 4.465584490152864738e+00 4.387494210898044145e+00 3.175978244823113972e+00 3.139628421594301333e+00
0.000000000000000000e+00 0.000000000000000000e+00 0.000000000000000000e+00 0.000000000000000000e+00 5.026110431246173960e+00 4.990520424497298713e+00 4.956069949290674792e+00 4.921015968562377552e+00 4.887245444234969760e+00 4.853414737561645431e+00 4.816918636106530371e+00 4.780803720003557800e+00 4.741466344449029258e+00 4.702497909061543524e+00 4.658839105607590625e+00 4.611013353422340089e+00 4.561224480316561802e+00 4.502103879262550734e+00 4.424013844795993577e+00 3.187700463870780876e+00 3.139111595057707316e+00
0.000000000000000000e+00 0.000000000000000000e+00 5.077994705640850981e+00 5.046437769868096446e+00 5.013868509692581910e+00 4.982463374883986162e+00 4.952100559480340891e+00 4.919696134903291274e+00 4.888634411800306445e+00 4.855056973182566793e+00 4.821459808990511853e+00 4.787643407702293352e+00 4.754090198214802498e+00 4.715921620994476093e+00 4.675452902455292659e+00 4.631014091381419284e+00 4.586397857820677437e+00 4.533330255859475244e+00 4.471396211650633390e+00 4.384368757933409633e+00 3.140085894523322985e+00
0.000000000000000000e+00 0.000000000000000000e+00 5.097217018473515715e+00 5.062319178783836193e+00 5.030370392939655488e+00 4.997884226677343555e+00 4.966841172207227650e+00 4.935124182647855129e+00 4.905212337084265073e+00 4.872872373786848677e+00 4.840345481756481938e+00 4.805755939622217809e+00 4.771195211934683655e+00 4.734734026171468102e+00 4.695854282207901242e+00 4.654947327793850675e+00 4.610356500456552098e+00 4.558671176049364782e+00 4.495582142624057198e+00 4.407774627226245023e+00 3.140301411233200390e+00
5.126579056604239071e+00 5.092649914599571837e+00 5.063784967525065461e+00 5.035269124226865678e+00 5.006110840376811311e+00 4.978240714550521417e+00 4.945460899129273891e+00 4.918805085620554962e+00 4.887417385854383234e+00 4.858130056264062802e+00 4.826256316921750056e+00 4.792387942956460201e+00 4.759043382670268940e+00 4.725365837324311258e+00 4.687671671359044723e+00 4.653167131844844207e+00 4.609118633640388651e+00 4.563865020437705589e+00 4.516897209550212899e+00 4.459410653874599895e+00 4.387255005828984089e+00
5.113117455071906292e+00 5.083522212130610285e+00 5.053014477900278578e+00 5.025308958700832385e+00 4.996381414561411383e+00 4.967062467687530791e+00 4.939096300775725368e+00 4.910819724012820409e+00 4.880251367999996148e+00 4.849135383203699412e+00 4.818358781414621816e+00 4.785214978310126099e+00 4.754748352204964945e+00 4.719774706954160237e+00 4.683208711381640299e+00 4.646755977441315189e+00 4.604434163908317501e+00 4.562800442949608737e+00 4.512039544222490761e+00 4.455942219678169280e+00 4.380270347260889707e+00
0.000000000000000000e+00 5.114330043861871289e+00 5.081219595825333890e+00 5.051213168803605491e+00 5.020141313643095238e+00 4.992815834941087161e+00 4.964964004456568603e+00 4.936173662558209330e+00 4.905757592141604562e+00 4.877227336351740661e+00 4.846213611804855326e+00 4.816003887553675256e+00 4.783472553143890416e+00 4.751105023953784645e+00 4.714890014154055287e+00 4.676856669108492959e+00 4.639148008796797562e+00 4.595366028981763051e+00 4.545282988172466787e+00 4.486601213209311823e+00 4.401090042176171835e+00
0.000000000000000000e+00 0.000000000000000000e+00 5.095297601550653255e+00 5.060930707885058943e+00 5.029741056401562993e+00 4.997595466130118069e+00 4.966901569064396504e+00 4.933529954318095712e+00 4.901911886402616325e+00 4.872382134939062581e+00 4.837866793471855331e+00 4.801668906668473902e+00 4.767378806132455793e+00 4.731182761214732579e+00 4.692789574242266504e+00 4.647605033411313258e+00 4.602945659991810601e+00 4.552083992084750896e+00 4.487151933214410526e+00 4.390021592626951019e+00 3.142513887726673172e+00
5.130843427565681125e+00 5.096161281165403345e+00 5.065913152666341013e+00 5.034499658337885819e+00 5.006158292579154789e+00 4.977185942545619746e+00 4.945185616406942763e+00 4.914502036778736205e+00 4.884077236942534483e+00 4.850778847504675362e+00 4.819597240323441056e+00 4.786629867864441223e+00 4.751143769713673137e+00 4.715933774515354671e+00 4.678818093501726061e+00 4.637256859319273339e+00 4.596348170657498677e+00 4.549177971758266992e+00 4.495707894988287379e+00 4.431789950125206268e+00 4.337467774223017436e+00
5.126291454861579666e+00 5.092768151817674394e+00 5.063668364431132218e+00 5.035756251893006130e+00 5.006836291838792086e+00 4.977321984359890372e+00 4.949564498057382522e+00 4.919342882401354977e+00 4.890967899579768741e+00 4.860106250851494281e+00 4.829587418078994610e+00 4.796733248237875280e+00 4.764227350007195660e+00 4.731666138727653959e+00 4.695452572887348630e+00 4.657407363605125639e+00 4.617481170444075467e+00 4.571377715785666318e+00 4.523843599103232194e+00 4.463330469828138192e+00 4.376367085422553593e+00
0.000000000000000000e+00 5.113945936106693679e+00 5.082039486007220219e+00 5.049417350376637970e+00 5.019573766460478481e+00 4.991621448436822206e+00 4.963139712070778309e+00 4.932215096770388385e+00 4.903105854090852311e+00 4.873724364067169468e+00 4.844732208623694802e+00 4.811458321703002916e+00 4.778528520896021092e+00 4.745761210038207167e+00 4.708966766165092466e+00 2.719201993110304638e+00 2.603193078138866579e+00 2.519912321653048348e+00 2.438289606860226222e+00 2.255109951906924426e+00 1.988341805821595809e+00
0.000000000000000000e+00 0.000000000000000000e+00 0.000000000000000000e+00 5.038518328883118791e+00 5.000396487737467588e+00 4.963501460449278646e+00 4.927257252852692559e+00 4.892680710563600321e+00 4.855079179484111052e+00 4.816558061945437785e+00 4.777832350358035107e+00 4.736399543706574455e+00 4.694732369313011411e+00 4.651214546637874037e+00 4.602628882396699872e+00 4.549485965217860084e+00 4.489556677369263227e+00 4.413513704609986377e+00 4.284767475812576443e+00 3.173667793115952485e+00 3.143175319914019550e+00
0.000000000000000000e+00 0.000000000000000000e+00 5.102127737316115130e+00 5.061050685736781851e+00 5.025072143980854555e+00 4.992324938538605039e+00 4.957126776661322509e+00 4.925141797829448720e+00 4.892744831926179927e+00 4.860390703102715371e+00 4.829958839469256304e+00 4.795261077086148127e+00 4.760853551729689492e+00 4.724163618378502960e+00 4.680748017886393164e+00 4.640154387024675309e+00 4.593276462713038910e+00 4.540091865275881489e+00 4.473370350111317784e+00 4.340827135296270178e+00 3.763715487683670258e+00
5.137072531764848904e+00 5.104626194322969823e+00 5.074810731475661640e+00 5.043802806868542987e+00 5.013725418586159499e+00 4.984880977667389246e+00 4.953176020879221042e+00 4.922988781596500552e+00 4.890327426075819162e+00 4.859941434132580618e+00 4.824494757127193445e+00 4.791370052479329900e+00 4.758520257552574684e+00 4.718650783923687086e+00 4.681394577724963924e+00 4.639581021699531682e+00 4.596051428598294741e+00 4.546027443041350757e+00 4.489211238215212951e+00 4.417180542565317225e+00 3.143658872973320140e+00
0.000000000000000000e+00 0.000000000000000000e+00 0.000000000000000000e+00 0.000000000000000000e+00 5.020738757195067237e+00 4.981120787580598730e+00 4.944599927615586310e+00 4.904807682043030859e+00 4.869014302808930772e+00 4.830425698583150407e+00 4.791170907035605886e+00 4.751736959942573613e+00 4.712388980384689674e+00 4.668245575918863466e+00 4.619344154984022843e+00 4.568379916335951307e+00 4.505422810248535193e+00 4.428555694236241180e+00 3.281949159907600944e+00 3.194722952450796516e+00 3.140241762959218530e+00
0.000000000000000000e+00 5.140076204564982376e+00 5.104777824224590255e+00 5.074473831934158241e+00 5.074330675444027605e+00 5.058018520616106350e+00 5.028647013278425781e+00 4.909760612457737317e+00 4.949800468445472390e+00 4.898088128893126836e+00 4.869828316292086789e+00 4.837705053573574610e+00 4.805908204759215430e+00 4.774254012489636878e+00 4.738770546233245007e+00 4.701241250660291193e+00 4.662277870064120755e+00 4.619186882846931574e+00 4.567355779284168804e+00 4.506663525260570680e+00 3.141941448155530114e+00
0.000000000000000000e+00 5.109635173450625345e+00 5.075241390103495398e+00 5.039638215133626531e+00 5.004365773344093604e+00 4.972203526923327566e+00 4.939223687737725577e+00 4.905426601267917519e+00 4.870814714069342521e+00 4.834144485141040448e+00 4.801034026581592506e+00 4.760947918684620639e+00 4.723422067167314609e+00 4.680684834339288614e+00 4.635606061345005635e+00 3.363075406107024712e+00 3.290956728029136080e+00 3.243033324635938630e+00 3.205281409928694369e+00 3.170902538711329210e+00 3.140812133675857876e+00
5.140343684393370083e+00 5.101671297249517067e+00 5.067179280274840103e+00 5.033034114447854535e+00 5.000185230468789932e+00 4.968074058709442298e+00 4.934966867044271233e+00 4.903612605768074673e+00 4.869454002364459910e+00 4.834543074073305746e+00 4.799350096113401243e+00 4.762147552169199827e+00 4.724647491677467670e+00 4.684825623602466571e+00 4.642842272786137592e+00 4.596502580577750408e+00 4.545619584380028222e+00 4.488515562825078575e+00 4.412930408552040440e+00 0.000000000000000000e+00 3.141982284329417396e+00
0.000000000000000000e+00 0.000000000000000000e+00 0.000000000000000000e+00 5.043352238679037036e+00 5.011659959276617116e+00 4.976273865165776300e+00 4.942478650050087019e+00 4.909940039111201138e+00 4.877110955009394289e+00 4.841414451086003545e+00 4.805849408475987516e+00 4.769752948806880610e+00 4.731131348547807924e+00 4.688324512776837594e+00 4.645315530074212163e+00 4.600490419008632870e+00 4.549461076116189773e+00 4.491193674736071451e+00 4.414843252248854988e+00 3.170967594005872581e+00 3.142359831282977467e+00
5.130272890471153424e+00 5.098837620207786081e+00 5.070278885439075012e+00 5.040374710035536943e+00 5.011657920851495973e+00 4.982061695708302373e+00 4.953775961704470099e+00 4.923320911671567934e+00 4.892440733258412777e+00 4.862997596479132767e+00 4.829241876487745166e+00 4.797854446570528175e+00 4.764183330409377248e+00 4.728614022084376423e+00 4.690395063344478643e+00 4.652870800052737899e+00 4.608724336147847822e+00 4.564685319238808603e+00 4.514379860839011549e+00 4.455578084973333297e+00 4.376990021432762390e+00
0.000000000000000000e+00 0.000000000000000000e+00 0.000000000000000000e+00 5.045894967419910948e+00 5.004342335107556217e+00 4.963198179816401989e+00 4.925619250990331821e+00 4.886319548637791499e+00 4.846696124637309921e+00 4.806052820837441786e+00 4.765113017963835240e+00 4.724141376803263626e+00 4.680061332331545643e+00 4.631327434220747996e+00 4.580177327057088021e+00 4.521744146072448345e+00 4.451773015232547870e+00 4.360592795243810826e+00 3.217293681387137561e+00 3.176900362412812928e+00 3.142988651087103236e+00
5.136007332620139643e+00 5.106416313519978267e+00 5.077098575296203009e+00 5.048729281280127879e+00 5.022007178833092667e+00 4.992636001207167773e+00 4.964780349982873098e+00 4.938325438348338814e+00 4.910067740482988441e+00 4.879736068600456278e+00 4.851534462143927584e+00 4.818764570801023162e+00 4.786312191515670555e+00 4.754433303832323432e+00 4.720362565799891996e+00 4.684487316977170579e+00 4.644554832617189710e+00 4.602877121481320444e+00 4.554873534217781739e+00 4.502591921272697917e+00 4.435340178143471590e+00
5.146636429089080700e+00 5.114527503253768259e+00 5.084830513619068348e+00 5.056493297465543435e+00 5.031437091500592373e+00 5.001982175628119975e+00 4.973839767134839107e+00 4.947723696910659719e+00 4.921591497284355299e+00 4.891118606116530820e+00 4.862768273122433982e+00 4.832619333380166360e+00 4.803095943844870597e+00 4.771084979140276516e+00 4.737836343558097241e+00 4.704777965756164804e+00 4.667864687010934155e+00 4.629147124052104267e+00 4.586816378909640335e+00 4.536045299574887224e+00 4.478781776028106343e+00
5.127869034127042980e+00 5.097458841713450539e+00 5.067698865847996892e+00 5.038873849272154537e+00 5.007248811527278853e+00 4.978762458207051544e+00 4.949230175047864222e+00 4.919298671112214194e+00 4.889638371345981227e+00 4.859399497200816320e+00 4.824857187843407225e+00 4.791991631383254457e+00 4.759664508675506944e+00 4.722866483596192211e+00 4.686096943774265000e+00 4.647827212968685728e+00 4.605489310426669647e+00 4.560546132536500430e+00 4.510075976696806599e+00 4.448319260416766951e+00 4.365342886737786365e+00
0.000000000000000000e+00 0.000000000000000000e+00 0.000000000000000000e+00 5.055142126917452572e+00 5.021777990312457085e+00 4.985133964465738643e+00 4.956287555342871798e+00 4.922462926250468662e+00 4.888524742623331143e+00 4.855934336619210256e+00 4.820955664588464806e+00 4.783507414482584430e+00 4.748412903171534971e+00 4.708809438571920580e+00 4.667274312983659357e+00 4.623264077720416587e+00 4.575040022445876708e+00 4.520239097821327157e+00 4.454346405389682850e+00 4.357090830688782113e+00 3.142348752904736475e+00
0.000000000000000000e+00 0.000000000000000000e+00 0.000000000000000000e+00 0.000000000000000000e+00 5.018402956904688850e+00 4.976848784923352476e+00 4.938814683157963792e+00 4.901919151356914028e+00 4.861672047994670010e+00 4.823343699660175510e+00 4.782075557950780542e+00 4.743319535138300402e+00 4.699010212285769761e+00 4.652512455647396017e+00 4.606159591313760515e+00 4.550873600371504679e+00 4.490449216574690539e+00 4.411516147159957768e+00 3.221265067977201912e+00 3.178732893255050485e+00 3.142382991364280898e+00
0.000000000000000000e+00 0.000000000000000000e+00 0.000000000000000000e+00 5.103509163935821213e+00 5.063410704038921573e+00 5.032429214775961057e+00 4.999283300601911506e+00 4.967371730347356795e+00 4.931079739246707838e+00 4.903353974320054931e+00 4.875578554463332104e+00 4.843217416965865496e+00 4.809751195232929710e+00 4.775923519604539536e+00 4.737906261099529281e+00 4.700361443426076313e+00 4.658906633822947008e+00 4.612940215691815560e+00 4.563214202164904698e+00 4.495245753317650639e+00 3.143188360677231064e+00
0.000000000000000000e+00 5.109263596622994896e+00 5.072722753152200781e+00 5.036203712556413414e+00 5.002006731894055314e+00 4.969616536448887345e+00 4.933865354504839651e+00 4.899320552766518233e+00 4.863940731328714406e+00 4.830846935247175900e+00 4.792338082041830205e+00 4.756394997090050758e+00 4.715083857522192723e+00 4.674061163511900041e+00 4.628131079301534001e+00 4.577811044570489152e+00 4.525840019026947658e+00 4.462116612613890254e+00 4.380769618861079628e+00 3.171026688445413022e+00 3.140211907148207970e+00
0.000000000000000000e+00 5.111743978722375736e+00 5.075076498318996876e+00 5.042681517209722131e+00 5.011863004625052298e+00 4.981877271067149060e+00 4.949555165393109135e+00 4.920744586052448355e+00 4.889629750685947407e+00 4.860418468975008288e+00 4.826832915860288509e+00 4.793334105605552509e+00 4.761845649353155352e+00 4.724137257159720882e+00 4.689114043149318789e+00 4.650078654131172051e+00 4.609122884312587765e+00 4.561896783902631647e+00 4.508612553120136646e+00 4.444360076951515026e+00 4.349822698855531300e+00
0.000000000000000000e+00 0.000000000000000000e+00 5.080111197413265778e+00 5.040999678210714485e+00 5.008422116584123174e+00 4.973092973255809568e+00 4.938495821373392047e+00 4.905820824353192222e+00 4.870384529289715658e+00 4.836525301616747541e+00 4.802674788947772555e+00 4.766698626533920624e+00 4.728301533622842889e+00 4.685410974282766539e+00 4.644879818151220974e+00 4.595354215802710307e+00 4.541814203044514109e+00 4.479566817581713600e+00 4.382539957172991940e+00 3.255536428590458886e+00 3.140472123574245877e+00
0.000000000000000000e+00 0.000000000000000000e+00 5.063962400939614916e+00 5.025663445841232146e+00 4.987868651154016675e+00 4.953401568224888862e+00 4.916922020256606629e+00 4.882824696203413417e+00 4.847696533861346246e+00 4.809336685080779716e+00 4.770818522948010454e+00 4.732642126427323070e+00 4.690866854725772583e+00 4.647782472355500794e+00 4.599731092848881708e+00 4.549662366653756784e+00 4.493034370114584952e+00 4.420157841819110089e+00 4.321097422276283240e+00 3.175675024432822013e+00 3.140585022358286960e+00
0.000000000000000000e+00 0.000000000000000000e+00 5.103209426414331062e+00 5.067017633180349812e+00 5.036286336179324863e+00 5.004425677298956820e+00 4.972077631897292349e+00 4.941030411695099822e+00 4.909797693559974974e+00 4.878401176933214067e+00 4.847086259244090201e+00 4.813547037672011086e+00 4.777493575692691508e+00 4.744109362598574187e+00 4.704255653166346640e+00 4.664620993205327970e+00 4.622975020942474700e+00 4.575116486147095429e+00 4.520554375323891705e+00 4.449748317471850179e+00 3.143461981599783517e+00
0.000000000000000000e+00 0.000000000000000000e+00 5.107067842784773326e+00 5.071141102060354733e+00 5.034124687581165603e+00 5.004557230609166574e+00 4.971977758154172200e+00 4.939573103503239082e+00 4.908294862265316638e+00 4.877074930736827518e+00 4.845500039269317050e+00 4.809838678649660970e+00 4.776326137880317901e+00 4.738833362990664710e+00 4.701366378072277641e+00 4.659743429291797412e+00 4.616293752571581699e+00 4.566387239613974636e+00 4.507668874456487451e+00 4.421560696158102211e+00 3.141958337753870900e+00
0.000000000000000000e+00 5.105186622883639558e+00 5.070818997854844135e+00 5.034594898497206650e+00 5.003553567395936597e+00 4.971039799519379798e+00 4.937930437703476727e+00 4.905873957295528776e+00 4.871627656662016470e+00 4.836812938783942251e+00 4.799009024742926677e+00 4.763294059281067305e+00 4.725492681197654754e+00 4.682739283126332808e+00 4.642600998027345049e+00 3.337906698890944490e+00 3.279911376601165607e+00 3.235882767534360216e+00 3.197163506691812707e+00 3.171382779155286435e+00 3.141396903533490992e+00
0.000000000000000000e+00 0.000000000000000000e+00 0.000000000000000000e+00 5.055566163775544020e+00 5.019340315786274154e+00 4.984823101351237185e+00 4.951020384684053255e+00 4.918918283306332739e+00 4.886534269992341528e+00 4.848707206931237579e+00 4.815509960617026408e+00 4.779883837811762959e+00 4.739507642069063387e+00 4.701720367697708625e+00 4.659025551779447660e+00 4.614527608980003137e+00 4.563137454693829476e+00 4.505013489119465753e+00 4.433592570648920983e+00 4.295650630419543425e+00 3.142164649581828506e+00
0.000000000000000000e+00 0.000000000000000000e+00 5.114726206439904388e+00 5.074150466047878005e+00 5.040283121301302849e+00 5.005656173182746471e+00 4.974344373607742398e+00 4.943256862022016307e+00 4.911349186927639998e+00 4.881723052493075699e+00 4.849762220660918111e+00 4.815621726420181936e+00 4.782000936577905925e+00 4.746147451246474525e+00 4.708448420659213873e+00 4.668851995782817177e+00 4.622871218574923446e+00 4.572738583309195803e+00 4.511454946164867863e+00 4.404877746864927168e+00 3.763846912547097023e+00
0.000000000000000000e+00 5.095168662406727833e+00 5.059947237409740062e+00 5.026972283894989069e+00 4.995113479878913409e+00 4.964033338878010682e+00 4.930468459825379846e+00 4.900434132051175951e+00 4.867718919497165508e+00 4.832684325581198870e+00 4.799512483649466255e+00 4.764002990742812749e+00 4.728732525981399704e+00 4.688825116601350373e+00 4.647059177272563346e+00 4.601075193508765260e+00 4.553032831289555382e+00 4.499054888969781452e+00 4.429434086500760870e+00 4.325620130079294690e+00 3.140075708802931853e+00
0.000000000000000000e+00 0.000000000000000000e+00 5.078346970452486175e+00 5.045695798607441773e+00 5.015867097750163595e+00 4.985347030614622810e+00 4.954356818096592896e+00 4.922470600559426757e+00 4.892398188874124365e+00 4.859877883147549760e+00 4.826941393899329746e+00 4.792370233353728359e+00 4.755199571888669929e+00 4.718244202206019366e+00 4.679532295949129228e+00 4.638542778567240177e+00 4.592901190297149938e+00 4.541254769522439005e+00 4.483088169665813361e+00 4.399889299100506967e+00 3.140276685151331737e+00
0.000000000000000000e+00 0.000000000000000000e+00 0.000000000000000000e+00 5.049578417580607770e+00 5.016152075638718344e+00 4.981680133284943857e+00 4.950845200059404760e+00 4.916831940569143633e+00 4.884812746367210856e+00 4.850239584859279418e+00 4.815400516407116527e+00 4.780318557471495922e+00 4.745248914221926739e+00 4.705968094143666569e+00 4.664351435311809624e+00 4.620795035763752168e+00 4.572645895793572279e+00 4.518039134551028013e+00 4.450089657408329735e+00 4.343193772699883048e+00 3.141973961109345126e+00
0.000000000000000000e+00 0.000000000000000000e+00 5.111256110487058635e+00 5.072050592623999599e+00 5.035870007642544444e+00 5.004620783547713003e+00 4.971143660844393963e+00 4.941134985360808862e+00 4.906248644934658287e+00 4.875856508641851939e+00 4.842807779009100422e+00 4.807473503798424197e+00 4.772610255991746264e+00 4.738031258494558529e+00 4.698666240197198363e+00 4.655493995319678113e+00 4.609717431232843055e+00 4.560340537680715123e+00 4.497111996884926910e+00 4.402356924642562674e+00 3.141592653589793116e+00
5.124473405558387817e+00 5.086488609439974162e+00 5.052519138511720520e+00 5.019346574571457609e+00 4.986619795424434010e+00 4.952608528073747074e+00 4.920263229975119224e+00 4.886695669673489562e+00 4.852811450040795727e+00 4.815998366987534141e+00 4.779061150452384332e+00 4.744269181696980198e+00 4.702173696618639376e+00 4.662912566921327162e+00 4.616270703448422275e+00 4.565517877292336379e+00 4.513132571266282866e+00 4.446635175975937493e+00 4.361033479660751055e+00 3.172685914213557723e+00 3.142969078987247311e+00
0.000000000000000000e+00 5.126091615026289183e+00 5.090527553796853510e+00 5.059580539072005223e+00 5.030222921579238005e+00 5.001725785270861202e+00 4.973522489742620678e+00 4.942475213757079544e+00 4.915592611982386728e+00 4.884562739451975943e+00 4.855439216146499426e+00 4.824504001355571781e+00 4.793753969974065221e+00 4.761366880327996043e+00 4.726863697734439818e+00 4.691288731218787866e+00 4.653508219197117768e+00 4.612173300754047744e+00 4.564504623735301081e+00 4.508037734108864214e+00 4.435116262682866406e+00
0.000000000000000000e+00 0.000000000000000000e+00 0.000000000000000000e+00 0.000000000000000000e+00 5.016014167732791407e+00 4.975968347703822126e+00 4.937160628363356452e+00 4.899701974642220570e+00 4.861084855673522220e+00 4.824670057535607626e+00 4.782957971351319060e+00 4.745763505831803286e+00 4.703634922428086007e+00 4.659193716203987812e+00 4.610210009953146226e+00 4.559148701107567980e+00 4.498752534945046122e+00 4.421705352437150793e+00 4.275513179906526240e+00 3.180531580877718145e+00 3.142375897831525933e+00
5.141413802775844921e+00 5.107006558609963776e+00 5.077198671436370603e+00 5.046074808137684720e+00 5.016540185523173712e+00 4.988064660823369856e+00 4.958801540734071978e+00 4.929607982939825384e+00 4.900080344759323303e+00 4.869803537654114223e+00 4.838049857921021157e+00 4.805968945843778428e+00 4.774465747632651080e+00 4.740783069648660586e+00 4.705085723907513895e+00 4.667992314351455896e+00 4.626558967787832266e+00 4.580636772196840845e+00 4.533719831669206002e+00 4.473024233277191897e+00 4.395516433276774215e+00
0.000000000000000000e+00 0.000000000000000000e+00 0.000000000000000000e+00 5.054006344730319178e+00 5.017832947528249044e+00 4.982739083288469040e+00 4.948822749988068814e+00 4.914350544223576200e+00 4.883514503416125585e+00 4.848488447151571457e+00 4.812500430650828775e+00 4.776478437905959495e+00 4.738230247757395652e+00 4.700174873935935693e+00 4.657532267298791773e+00 4.610360096916926942e+00 4.561550922513657014e+00 4.500716709900722812e+00 4.424306308266858778e+00 3.210442183835555685e+00 3.140252301997477069e+00
0.000000000000000000e+00 5.113339924200881903e+00 5.076859465673769556e+00 5.045336318225764671e+00 5.014975225991380903e+00 4.983478462436708334e+00 4.953482176210440180e+00 4.920829915292237899e+00 4.889983194629707874e+00 4.858305227889800015e+00 4.824813086180966160e+00 4.791365911068745653e+00 4.757766873123551399e+00 4.719626268858695184e+00 4.681952580622852800e+00 4.639543633624978014e+00 4.595701253251354146e+00 4.547559290948728794e+00 4.490417969792861008e+00 4.422385602771943702e+00 4.287000170869788462e+00
0.000000000000000000e+00 0.000000000000000000e+00 0.000000000000000000e+00 5.045322542630274576e+00 5.009229683599059513e+00 4.974223158800158195e+00 4.940402103796463606e+00 4.908092870569951138e+00 4.872971571166958782e+00 4.839678922725433985e+00 4.803764943993257042e+00 4.767814519639569149e+00 4.727145858965075220e+00 4.689337461962122866e+00 4.646196590600787601e+00 4.599185708555428853e+00 4.547417257849178718e+00 4.487038458401188201e+00 4.410677024419778824e+00 3.188666382862447524e+00 3.141980744096721789e+00
0.000000000000000000e+00 0.000000000000000000e+00 5.085769011782370619e+00 5.048338081050768977e+00 5.016025116129411821e+00 4.982447902219331759e+00 4.950079917943625674e+00 4.916950791192326697e+00 4.883745928113220280e+00 4.851944576180908797e+00 4.815364909550591044e+00 4.778932625787193800e+00 4.742213736799151036e+00 4.700671901401338282e+00 4.659462316530188275e+00 4.613677292940866259e+00 4.565998563633256069e+00 4.509290381144953841e+00 4.441105133310887076e+00 4.336141536515457418e+00 3.141204658943184569e+00
0.000000000000000000e+00 0.000000000000000000e+00 0.000000000000000000e+00 0.000000000000000000e+00 5.013832005150894666e+00 4.975042467183689254e+00 4.935404179973571281e+00 4.896143639539352499e+00 4.857037632373822689e+00 4.818692749087340133e+00 4.778106769793283526e+00 4.734470207612408110e+00 4.693588694178725262e+00 4.644838477554197986e+00 4.593955259253838186e+00 4.538613247919310645e+00 4.473774938136367396e+00 4.384668883427480957e+00 3.231042660119959997e+00 3.181359649204853923e+00 3.142768839532732006e+00
0.000000000000000000e+00 0.000000000000000000e+00 0.000000000000000000e+00 0.000000000000000000e+00 5.050493604722125163e+00 5.009136807642239120e+00 4.970763220549545558e+00 4.933724209495916391e+00 4.898358165761002248e+00 4.862868878036434417e+00 4.822224861180397504e+00 4.785789247275315184e+00 4.744794960114242954e+00 4.703867481324319755e+00 4.658389351482324692e+00 4.613136260336534455e+00 4.558531917760171304e+00 4.497536887794591820e+00 4.412608260518576131e+00 3.194278682758763921e+00 3.141592653589793116e+00
