3.757593470137569724e+00 3.977974582836086181e+00 4.116016793348516778e+00 4.083994146275056636e+00 4.304957644771558734e+00 3.229974160206718015e+00 3.315672770728135710e+00 3.400156823559617347e+00 3.483689366386577557e+00 3.566529492455418282e+00 3.648881239242684593e+00 3.730956575810965070e+00 3.813036424897048082e+00 3.895384993883561631e+00 3.978324987996432860e+00 4.062325715898841061e+00 4.148058017504804518e+00 4.236853794375918802e+00 4.947195558517766045e+00 5.016561525034703095e+00 5.066411063946322457e+00
3.668530926407884696e+00 4.069302287085827530e+00 3.919519205644107274e+00 4.128961222172522483e+00 4.023084179568281016e+00 4.121176560982934944e+00 3.288299948926404426e+00 3.371023246014467123e+00 3.452728691484880041e+00 3.533715806102935009e+00 3.614248479582971019e+00 3.694512603167521281e+00 3.774750351738100917e+00 3.855262433221346541e+00 3.936273798918560551e+00 4.018290148261050021e+00 4.101922341571939690e+00 4.188553575720121991e+00 4.283809273756140179e+00 4.597070225393665943e+00 4.936172546653686766e+00
3.814635940682411075e+00 4.175452514666277537e+00 4.048046119808205390e+00 3.910511042048284480e+00 4.035259822031126653e+00 3.157606674478818931e+00 3.237249027103350940e+00 3.315718578385659754e+00 3.393304801872550236e+00 3.470173855710170674e+00 3.546567826371166188e+00 3.622658334552496751e+00 3.698655470242946386e+00 3.774802166050115204e+00 3.851311853099962157e+00 3.928528836103180488e+00 4.006853100475295193e+00 4.087082095855699038e+00 4.170895491261974009e+00 4.824483916121930172e+00 4.876775558425145540e+00
3.676521594361741752e+00 4.022087395187129211e+00 4.022772986056659228e+00 3.883737542565069756e+00 3.932688924306087408e+00 3.734904759928621587e+00 3.203721889081575736e+00 3.279008762627671825e+00 3.353290066576779971e+00 3.426789098614597240e+00 3.499685028347448768e+00 3.572164594353231415e+00 3.644390046001828587e+00 3.716576619980040519e+00 3.788922568200606023e+00 3.861762929884428264e+00 3.935376967688483330e+00 4.010427110487266411e+00 4.398262686238935792e+00 4.403134481358917718e+00 4.405832220401756594e+00
3.705737029920394665e+00 3.810737966728793058e+00 3.914862052623987676e+00 3.892673432503822806e+00 3.030858367283645549e+00 3.106597723209046258e+00 3.180925511022598240e+00 3.253991331920962349e+00 3.326103677423378091e+00 3.397375007800095492e+00 3.467983575629785431e+00 3.538128538128537670e+00 3.607904085257549021e+00 3.677567531935857836e+00 3.747241613812055228e+00 3.817164748830560228e+00 3.887539048941340170e+00 3.958718208714736342e+00 4.742724385851559532e+00 4.800208466196245638e+00 4.747194683141954918e+00
4.107948532278728138e+00 3.944227242846763293e+00 3.807255937588691630e+00 3.951226613244233743e+00 3.011563001197620881e+00 3.085229463941380423e+00 3.157518050478188787e+00 3.228545961159188238e+00 3.298639135896913821e+00 3.367853835143554520e+00 3.436402016957591954e+00 3.504432075860647089e+00 3.572090978409457662e+00 3.639559956599963897e+00 3.706958097644022398e+00 3.774517204935695869e+00 3.842459173871277667e+00 3.910994010003911114e+00 3.980618505758170667e+00 4.052086481140627860e+00 4.785212326706952624e+00
3.781777435394635400e+00 3.663915273687557317e+00 3.894506695818529263e+00 3.790484480071878437e+00 3.806807956920776892e+00 3.058422826955826235e+00 3.127932436659367710e+00 3.196136226428495153e+00 3.263322339871550071e+00 3.329587547342572673e+00 3.395115191408279998e+00 3.459992111217986999e+00 3.524460446569870786e+00 3.588582785844420808e+00 3.652527480100616675e+00 3.716474304709598275e+00 3.780614384206655298e+00 3.845203109121370311e+00 3.910645187848184712e+00 4.068151886864006528e+00 4.048721907702865330e+00
4.033576043340078243e+00 3.841425937307928695e+00 3.992407421675270296e+00 3.732581287325812625e+00 3.962127525856296906e+00 3.131632972615609134e+00 3.208892044678700373e+00 3.284852635919513819e+00 3.359838727741067732e+00 3.434114068654247287e+00 3.507806589173945166e+00 3.581168562849508241e+00 3.654315539804459334e+00 3.727479809484365525e+00 3.800914983897941912e+00 3.874869396143120870e+00 3.949775486446033490e+00 4.026379729260672669e+00 4.106719962765738252e+00 4.268825866330669072e+00 4.457611543156537515e+00
3.593840709921764631e+00 4.214590640889686490e+00 4.046041158004882732e+00 3.850093846037497158e+00 3.943081275898088212e+00 3.124500947765287417e+00 3.200846136717879986e+00 3.275991858811720725e+00 3.350247429732049920e+00 3.423748235721572275e+00 3.496650209099682272e+00 3.569154110475817099e+00 3.641460431753534621e+00 3.713765001203534588e+00 3.786235999531883056e+00 3.859088152599371657e+00 3.932688924306087408e+00 4.007406793245446686e+00 4.762693613849084961e+00 4.818263253617090847e+00 4.775418872455382768e+00
4.292112896414701062e+00 3.659664968029719301e+00 3.780588397030519854e+00 3.797398436852716053e+00 2.988747019941198069e+00 3.060443764345829987e+00 3.130717908402151028e+00 3.199888699523494306e+00 3.267996579033368043e+00 3.335394792614879922e+00 3.402139876550924313e+00 3.468368479467258680e+00 3.534254549486493868e+00 3.599936308819152053e+00 3.665562387180214099e+00 3.731343283582089665e+00 3.797477094308617129e+00 3.864227603005816913e+00 3.932010706106344067e+00 4.001738686463773398e+00 4.076105730037444808e+00
3.347070267556429446e+00 3.580253847017859314e+00 3.723426676595804619e+00 3.722597545843099542e+00 3.763800602208096535e+00 3.029064934698995515e+00 3.096672484657394975e+00 3.163111095490809266e+00 3.228545961159188238e+00 3.293207584186997661e+00 3.357230285014862314e+00 3.420736645164892842e+00 3.483883554676068695e+00 3.546789807499721725e+00 4.049374441465594998e+00 4.051043143609478925e+00 4.055902713330171494e+00 4.060284908127451686e+00 4.060648189570327915e+00 4.034726473370804811e+00 4.010094375496940700e+00
3.849249396367707909e+00 3.911078829190615558e+00 4.068151886864006528e+00 4.249718970197132073e+00 4.173194409287751760e+00 4.308068595569637615e+00 3.365209344064611585e+00 3.455329500221140826e+00 3.544694426489293004e+00 3.633568583607015068e+00 3.722263963659675046e+00 3.811054830685227213e+00 3.900237496604703757e+00 3.990258266026390999e+00 4.081519708897713983e+00 4.174736683616553812e+00 4.271178500816345647e+00 4.373997625544146395e+00 4.991418862093251363e+00 5.050263773911975562e+00 5.099751132144750621e+00
0.000000000000000000e+00 3.562721360260987069e+00 3.803122709482913866e+00 3.942535811366953080e+00 3.745526177066281992e+00 3.888591843678607773e+00 3.729899983422666487e+00 3.241445402784824292e+00 3.313269644927936408e+00 3.384351862084208129e+00 3.454828122300915627e+00 3.524898918339841813e+00 3.594735095675257064e+00 3.664497929212962024e+00 3.734414008201880186e+00 3.804727546919207892e+00 3.875727564036016481e+00 3.947915223715196209e+00 4.308667370878967340e+00 4.313583613948180684e+00 4.315505192527215428e+00
3.655172413793103203e+00 3.814702557237877656e+00 3.943244944690801557e+00 3.933557385081465796e+00 3.230790841410310144e+00 3.146237100427887956e+00 3.224788811384907028e+00 3.302146395156851266e+00 3.378681211084832992e+00 3.454517818402906393e+00 3.529827038475114698e+00 3.604827696168483975e+00 3.679686740630684572e+00 3.754693366708385049e+00 3.829976880866827749e+00 3.905928788750924863e+00 3.982866685765793058e+00 4.061458820937852821e+00 4.765357919817673427e+00 4.827206407266644739e+00 4.877043549938177236e+00
3.018347239290257278e+00 3.948079294055715671e+00 4.012091614036786602e+00 4.169214519984435263e+00 4.073066674030402901e+00 4.199973836228561019e+00 3.335603396756125605e+00 3.423293767509449026e+00 3.510102073768305075e+00 3.596351086858795121e+00 3.682320000555821871e+00 3.768310563602230712e+00 3.854545955135838309e+00 3.941390826931454150e+00 4.029284016718113648e+00 4.118817410729867845e+00 4.211194874768729335e+00 4.309745585986375360e+00 4.583842649183242024e+00 4.870352586088626090e+00 4.965952612567260616e+00
0.000000000000000000e+00 3.686571835982332512e+00 3.672242007677064102e+00 3.670233025172258579e+00 3.730698815157690973e+00 3.576412507626173465e+00 3.093428573437290829e+00 3.160067976573362358e+00 3.225738588949741636e+00 3.290763457122052316e+00 3.355165206936804090e+00 3.419089684815752594e+00 3.482767267560111790e+00 3.546247236013183368e+00 4.062677304343562668e+00 4.053534612293391071e+00 4.059363024019044808e+00 4.066890000965025287e+00 4.073319755600814496e+00 4.067871400106177759e+00 4.050420754914627608e+00
3.895381190873678179e+00 3.771529145539119110e+00 4.194890485850841344e+00 4.129842240026430744e+00 4.253013122603392482e+00 3.241628142969894988e+00 3.329241141097400991e+00 3.415681463305821897e+00 3.501280370174582934e+00 3.586281095470940983e+00 3.670995670995670590e+00 3.755581210966296712e+00 3.840403791027170666e+00 3.925692253767963713e+00 4.011897350764335179e+00 4.099508742202392142e+00 4.189388279488057698e+00 4.879758623770609205e+00 4.965412163219219188e+00 5.022117957855487091e+00 5.070924415815802000e+00
3.980224568459862500e+00 3.865587983543639083e+00 4.134851283182181092e+00 4.020769353418693903e+00 4.218679760710950966e+00 3.216534355324390582e+00 3.301010934598720858e+00 3.384258363952813653e+00 3.466564980760564740e+00 3.548097593554984552e+00 3.629142700629964136e+00 3.709886848451122265e+00 3.790590911005348840e+00 3.871494051034587880e+00 3.952925511626455002e+00 4.035264104615931657e+00 4.119153376675980915e+00 4.205736348593491769e+00 4.909044395738119348e+00 4.985700733313483290e+00 5.036137690726699923e+00
3.728380570994579646e+00 3.994517868580361508e+00 3.917687327312466827e+00 4.126235291690449003e+00 4.038329911019848950e+00 4.041345014418697090e+00 3.281962473901415489e+00 3.365020610751240593e+00 3.447253573078328248e+00 3.528898914344628324e+00 3.610233623771999412e+00 3.691501884058980387e+00 3.772911864778838886e+00 3.854752910338446803e+00 3.937361415239660545e+00 4.021131740595404125e+00 4.106776180698152423e+00 4.724344753923260143e+00 4.839083436703425001e+00 4.897859227362706847e+00 4.947841504143816849e+00
3.860163811315192817e+00 4.037226008088373064e+00 3.964969149757580080e+00 4.085533058194609879e+00 3.065005990693527416e+00 3.143929072960114368e+00 3.221311073606958342e+00 3.297551392689258343e+00 3.372681281618886917e+00 3.446992154645855955e+00 3.520640618528234178e+00 3.593791034873595081e+00 3.666678197101248760e+00 3.739405019112514328e+00 3.812243539980037621e+00 3.885435168738898604e+00 3.959213158479662376e+00 4.775978902632325607e+00 4.849962932426159057e+00 4.829570576351429168e+00 4.830784519405950661e+00
3.600423579244616867e+00 3.411282294052533803e+00 4.084599674616636200e+00 4.322203088660048209e+00 4.082592930886545624e+00 4.351249430193526280e+00 3.405426442788835661e+00 3.499660532928305479e+00 3.593170212618936876e+00 3.686283611738764954e+00 3.779342394423370166e+00 3.872725638135282811e+00 3.966761276202852127e+00 4.061906204389611474e+00 4.158811134523676678e+00 4.258329498547359648e+00 4.362337104793032161e+00 4.838598188981820591e+00 5.025263998458001424e+00 5.087309225904028231e+00 5.137373363746583266e+00
4.108716642356760040e+00 3.670258441594415721e+00 3.804043352261329947e+00 3.814834852331210335e+00 2.988705473501303000e+00 3.060230908332174593e+00 3.130413005822567651e+00 3.199399069392183659e+00 3.267383173671843277e+00 3.334560636901081843e+00 3.401077239158198484e+00 3.467069771312077275e+00 3.532687751963758505e+00 3.598093010704326300e+00 3.663408767297510416e+00 3.728843989310647089e+00 3.794542757597709315e+00 3.860817528111577968e+00 3.928000441038645985e+00 4.650558408961900092e+00 4.707055044855465553e+00
3.569079177572186179e+00 3.670501870544221834e+00 3.836415253587047935e+00 3.683983707060736634e+00 3.745370306149343520e+00 3.029683856012513221e+00 3.096323819174688907e+00 3.161642404497779779e+00 3.225896939605598313e+00 3.289220454752223688e+00 3.351721248516164930e+00 3.413563690828659958e+00 3.474876641879212968e+00 3.535749197523588627e+00 3.596375959609931172e+00 3.656836905074033695e+00 3.717318574201808890e+00 3.777991482346476193e+00 3.839034756975389318e+00 3.900808024519365258e+00 3.963995981328211737e+00
3.716346418543191810e+00 3.824942799719040387e+00 3.896194253113476780e+00 3.937089454816718348e+00 3.050027380927624154e+00 3.127801989282064987e+00 3.204123092865031719e+00 3.279260422117564300e+00 3.353360346513901913e+00 3.426693241022412906e+00 3.499440089585666325e+00 3.571722944198696847e+00 3.643738613316832797e+00 3.715655985302516395e+00 3.787696185445605490e+00 3.860125591943366352e+00 3.933150246339409684e+00 4.007185297775320620e+00 4.789239263551836601e+00 4.844491812808836784e+00 4.892667115161152047e+00
2.549827886617652695e+00 4.298727440210159401e+00 3.853325901919093965e+00 4.101009960588599235e+00 3.978597887227329100e+00 4.042563396301397383e+00 3.257916042810403034e+00 3.338898163606009994e+00 3.419065827483707132e+00 3.498583073855088266e+00 3.577792914593954432e+00 3.656821378340364692e+00 3.735938343180528420e+00 3.815417059770241703e+00 3.895491481175208381e+00 3.976579319045072669e+00 4.059251308936545399e+00 4.144476449012578279e+00 4.783660679002502469e+00 4.845721773670668142e+00 4.896227184941380983e+00
3.375515799480583556e+00 3.852663153404791707e+00 4.135449764623984059e+00 4.262574595055412807e+00 4.283557936820919565e+00 4.249456823462485211e+00 4.063780693597824012e+00 3.465363689919257251e+00 3.555667105896132885e+00 3.645417778633724737e+00 3.734930592539821070e+00 3.824597026549657830e+00 3.914646960654364349e+00 4.005497199604975300e+00 4.097649060666041620e+00 4.191876144032864460e+00 4.289410690318384844e+00 4.393974762107459853e+00 4.971905329473863766e+00 5.042623799821464026e+00 5.093507155000929210e+00
3.009946505041660281e+00 0.000000000000000000e+00 3.623870153944791284e+00 3.807282292676172908e+00 3.775352541022002129e+00 3.807045110023603129e+00 3.818173140515589203e+00 3.203119559919225701e+00 3.271932389346031034e+00 3.339873919759528853e+00 3.407178716953843445e+00 3.474007476064087996e+00 3.540511083188126129e+00 3.606878038968155842e+00 3.673260052950389820e+00 3.739871182214835166e+00 3.806966055706296093e+00 3.874949833238765518e+00 4.159365049060051334e+00 4.168346533097354367e+00 4.171968543357182924e+00
3.922648131580758424e+00 3.760066724093140245e+00 4.233142032324550108e+00 4.186943599810557082e+00 4.289588752975037167e+00 3.259768903191798906e+00 3.348634733713775624e+00 3.436260798449559228e+00 3.522999661515718639e+00 3.609106052193225889e+00 3.694847430686754031e+00 3.780458466508574755e+00 3.866228494104000823e+00 3.952486946391794653e+00 4.039601791118353269e+00 4.128154714842465545e+00 4.219059080660109373e+00 4.314241104445723174e+00 5.020529150017536857e+00 5.078092833026817132e+00 5.126417454426149156e+00
3.253112952234611832e+00 3.775273357756089077e+00 3.738369517058041769e+00 3.911543243507536349e+00 3.878685601910762948e+00 3.452394926360416338e+00 3.160245515962750940e+00 3.231267429526759383e+00 3.301215259867538609e+00 3.370268727345259840e+00 3.438576704330543521e+00 3.506311360448808312e+00 3.573637550683801845e+00 3.640735016314614381e+00 3.707696216090027974e+00 3.774750351738100917e+00 3.842169178942168806e+00 3.910135482764533599e+00 3.979225697565125675e+00 4.170866497514857940e+00 4.127541017438860038e+00
3.647254388979680240e+00 4.215705923412372158e+00 4.056181551936310470e+00 3.920516682830200050e+00 3.933475950590021419e+00 3.911597887737141122e+00 3.227096384950506103e+00 3.305552625101100706e+00 3.383206865838586097e+00 3.460231558695908038e+00 3.536901674133459128e+00 3.613381784465185653e+00 3.689857070253486082e+00 3.766609702507585311e+00 3.843857035974383329e+00 3.922000357796523673e+00 4.001545424439783893e+00 4.083525397451603034e+00 4.171997552428102551e+00 4.481120693815363154e+00 4.762487923691335112e+00
3.860055444432747507e+00 3.607678805580801118e+00 3.905078694309044973e+00 4.286148826148273194e+00 4.216201271772186843e+00 4.133157732507635629e+00 3.359932801343973097e+00 3.448394772233525085e+00 3.535871765717296888e+00 3.622683572523338391e+00 3.709096903590956007e+00 3.795359821196381489e+00 3.881745399091948379e+00 3.968634105620406860e+00 4.056376761773805129e+00 4.145564591350970218e+00 4.237114388420376798e+00 4.332964228973088083e+00 5.058791359037462243e+00 5.115229059957304258e+00 5.065994851853879766e+00
3.320834082827136768e+00 3.903418279150170367e+00 4.128932808500096030e+00 4.029421607261154392e+00 3.902792587481791919e+00 3.983160844155397839e+00 3.204078931787945006e+00 3.278208284799575711e+00 3.351159640867392042e+00 3.423150276297129313e+00 3.494328704512575712e+00 3.564891305092996010e+00 3.635016871965103924e+00 3.704847175054028607e+00 4.283631690583609597e+00 4.289157282716738351e+00 4.295356923706279417e+00 4.300478601650827848e+00 4.303284377689552187e+00 4.302060131698550727e+00 4.269266787858755130e+00
1.590583744234133734e+00 3.749869796187632609e+00 3.842177326962304740e+00 3.969014315824050065e+00 3.822473413332241332e+00 3.898934059277722852e+00 3.173461400131169619e+00 3.246439277770870380e+00 3.318331708733434304e+00 3.389384999550387523e+00 3.459800577094735541e+00 3.529802607901221023e+00 3.599512681360061528e+00 3.669115050986853088e+00 3.738809535349059576e+00 3.808837888934287097e+00 4.295005522149956789e+00 4.296528677623951076e+00 4.301075268817204034e+00 4.304484179312512815e+00 4.302602733177163685e+00
3.840540748137337257e+00 3.966218757479399226e+00 4.201825383158256599e+00 4.113251525330773539e+00 4.289351339384547046e+00 3.235563058310473306e+00 3.322351117140563304e+00 3.407984420642648615e+00 3.492742081953700506e+00 3.576857730483769870e+00 3.660625483478836983e+00 3.744253610777903862e+00 3.828030930489918049e+00 3.912201951982869019e+00 3.997188184863061267e+00 4.083412348515782497e+00 4.171707479871511914e+00 4.918301546532597435e+00 4.985010823619391296e+00 5.038743854775230346e+00 5.086711474942858580e+00
3.704694671414164198e+00 4.278517700641777388e+00 3.938531273320250214e+00 4.104833267238560346e+00 4.037394627480735743e+00 3.835747799582176931e+00 3.280038523005631923e+00 3.362569002718076572e+00 3.444214064792554542e+00 3.525240027372451568e+00 3.605852576104291884e+00 3.686289784108613077e+00 3.766813686546310880e+00 3.847660141676342960e+00 3.929190376290142339e+00 4.011730854360335385e+00 4.096010485786843347e+00 4.183210922980914681e+00 4.802316088444940512e+00 4.885097013898445084e+00 4.936951021331742240e+00
0.000000000000000000e+00 3.467214024187285304e+00 3.734052484182138087e+00 3.830563719686311597e+00 3.711544277348582721e+00 3.808363165511462700e+00 3.136828457307764495e+00 3.207117010966945347e+00 3.276311570259456296e+00 3.344737960685391975e+00 3.412573285011294644e+00 3.479969703793166946e+00 3.547091044277245864e+00 3.614096339534122571e+00 3.681182341231968635e+00 3.748516212332618114e+00 3.816423109482770304e+00 3.885381253035454119e+00 3.956519928366165395e+00 4.189095783675092832e+00 4.195900398954464983e+00
3.655197622052565709e+00 4.235140558066554206e+00 4.062885199391256030e+00 3.953007753443277927e+00 4.046888082612336568e+00 3.147029204431017302e+00 3.226439974188480164e+00 3.304806427848502093e+00 3.382412833840694688e+00 3.459417572457501144e+00 3.536067892503536036e+00 3.612541075286745507e+00 3.689035212885172665e+00 3.765807834249679686e+00 3.843092042054407020e+00 3.921244892062573761e+00 4.000689774098981744e+00 4.082253957710616277e+00 4.736993862503604547e+00 4.794717591133881740e+00 4.844659455045020380e+00
3.568658939147502096e+00 4.076556346300006517e+00 4.049261358876260708e+00 3.943137241571543328e+00 4.030268707742979295e+00 3.141185832553853974e+00 3.219079343307813978e+00 3.295747784135532044e+00 3.371451375414550533e+00 3.446398169273292122e+00 3.520786447043229295e+00 3.594815008000225465e+00 3.668632499930780000e+00 3.742463095155589503e+00 3.816555523943681472e+00 3.891158731482252886e+00 3.966625632608398622e+00 4.043587080042108539e+00 4.123229588295526327e+00 4.793305806062845953e+00 4.848832524056354565e+00
3.089365032506985020e+00 4.278606278509665017e+00 4.012813328075164776e+00 4.051696905602329757e+00 4.058274064189514974e+00 3.176291058740669193e+00 3.257554754643748218e+00 3.337435597922445929e+00 3.416348272303872946e+00 3.494499657539033688e+00 3.572115516720248074e+00 3.649383736142670198e+00 3.726568322763004204e+00 3.803859188048965390e+00 3.881503250758972179e+00 3.959882295912445116e+00 4.039447292177401394e+00 4.121020639445035272e+00 4.206751491327885617e+00 4.863047007171281244e+00 4.919043627067210878e+00
0.000000000000000000e+00 4.358534425503653331e+00 3.772239063936022596e+00 3.988584396382766961e+00 3.835064819443778195e+00 3.924619759427693477e+00 3.192892343999444549e+00 3.267587616538164319e+00 3.341199072817257587e+00 3.414017957734457376e+00 3.486264119369683279e+00 3.558073338170452793e+00 3.629662720571811718e+00 3.701194857434163765e+00 3.772911864778838886e+00 3.845071099484348220e+00 3.917983544469112900e+00 3.992318229062699952e+00 4.069582971209425359e+00 4.371872896469885639e+00 4.376914900268867648e+00
3.908526759694174402e+00 3.993417745922238193e+00 4.090036255745114424e+00 4.084856076904223698e+00 4.317488614364702215e+00 3.233402453168382706e+00 3.320236843561507278e+00 3.405970875473534054e+00 3.490961899641827237e+00 3.575332952881236537e+00 3.659412284577993724e+00 3.743397063512970302e+00 3.827604684988134220e+00 3.912308401682292214e+00 3.997876989460768637e+00 4.084854191475809415e+00 4.174051087648229519e+00 4.880261746996232830e+00 4.952812586928645899e+00 5.008095277297549330e+00 5.056767409480399600e+00
3.041236400834957720e+00 3.489402684048543701e+00 3.639825288386157709e+00 3.568952855505452604e+00 3.728972737065988419e+00 3.722615945439092577e+00 3.090126344029384242e+00 3.155635965834981072e+00 3.220048300724510426e+00 3.283659253980562909e+00 3.346533548998828600e+00 3.408837934105075629e+00 3.470686311204871810e+00 3.532222876337569595e+00 3.593567514149671904e+00 3.654895145885484364e+00 3.716346418543191810e+00 4.029512706859898152e+00 3.998593598113766578e+00 3.978863162009535159e+00 3.970658920398737468e+00
3.533593387330335567e+00 3.846365184900269796e+00 4.125696211235646338e+00 4.222254002628693215e+00 4.221937733228011247e+00 4.197170694115704315e+00 3.946275270008307245e+00 3.429931401371971944e+00 3.517581007821444672e+00 3.604652774889434586e+00 3.691476172566062974e+00 3.778302923719498274e+00 3.865507934645305177e+00 3.953364174197709247e+00 4.042347070343808468e+00 4.133085348212440557e+00 4.226542688081148746e+00 4.325407995825638174e+00 4.900259305388243725e+00 4.972718169494757312e+00 5.024191827773456076e+00
3.619481161296609795e+00 3.681399209541075024e+00 3.940491662749219248e+00 3.755946915950254095e+00 3.848638544115019045e+00 3.080218695527382256e+00 3.152010983007158540e+00 3.222574837294998495e+00 3.292146479504637124e+00 3.360850295124666598e+00 3.428851334802840878e+00 3.496307898858804997e+00 3.563393468509382878e+00 3.630245530260190812e+00 3.697038184126451910e+00 3.763984247028892227e+00 3.831230800309285200e+00 3.899115516427589245e+00 3.968032969480953742e+00 4.038855155701289057e+00 4.114182271988589434e+00
3.749791678240097514e+00 3.995508497344364418e+00 3.919680924219502316e+00 4.096653242605193590e+00 4.030247347892316867e+00 4.096401993582303724e+00 3.274908063778834144e+00 3.355822001607997596e+00 3.435679177680706076e+00 3.514696254436442846e+00 3.593145384190159941e+00 3.671196742152817105e+00 3.749088763147846226e+00 3.827045381799963231e+00 3.905313281490870203e+00 3.984337432163220338e+00 4.064592576262779033e+00 4.147111882166727881e+00 4.235175179141079660e+00 4.457153044921244422e+00 4.933128699846524690e+00
3.658115257727768022e+00 3.904992224269869361e+00 4.079036517747265833e+00 4.003755246299977699e+00 4.084967320261438495e+00 3.157717461475846754e+00 3.236089977071957779e+00 3.313063824794141077e+00 3.388939607712949442e+00 3.463899242098845477e+00 3.538128538128537670e+00 3.611813408162698025e+00 3.685136384811674937e+00 3.758325735483467600e+00 3.831524389394340258e+00 3.905045730140787263e+00 3.979168702791002321e+00 4.054341925331390151e+00 4.131491606186219023e+00 4.212852653751856025e+00 4.953867112514706683e+00
3.835879169806150291e+00 3.557282509799629455e+00 3.947914752268349314e+00 4.149942172936935236e+00 4.057157789055300334e+00 4.158712844286882593e+00 3.290510029054503516e+00 3.372890222748423206e+00 3.454207570241310865e+00 3.534742988837281441e+00 3.614725836948058824e+00 3.694383839510388956e+00 3.773921516155814615e+00 3.853617583506516731e+00 3.933720264180371018e+00 4.014646538059541747e+00 4.096989395625780794e+00 4.181767493727348572e+00 4.272026364505563834e+00 4.935766483403485338e+00 4.994034902755042360e+00
3.889753278506334677e+00 3.849908564671589151e+00 4.075261092998839985e+00 4.082076960757633266e+00 4.160281789753225823e+00 3.217591324826113208e+00 3.302032813951088830e+00 3.385100033160163502e+00 3.467141896249246180e+00 3.548369141712123032e+00 3.629029443990815285e+00 3.709351687755018112e+00 3.789575223068176957e+00 3.869942296396116532e+00 3.950706275385020394e+00 4.032313180880001013e+00 4.115312449866426192e+00 4.200754758559898328e+00 4.291518713098130711e+00 4.995039173423654333e+00 5.046922741161065318e+00
3.147019542223791433e+00 3.970963202407657544e+00 4.088753202856675983e+00 4.247496762154106875e+00 4.137474485574005101e+00 4.282946395186783661e+00 3.380043658897260439e+00 3.472174943151645543e+00 3.563542860337069129e+00 3.654542320289604351e+00 3.745448239986127525e+00 3.836562440053711498e+00 3.928244074898520566e+00 4.020908725371933556e+00 4.115085216556359171e+00 4.211601927670914236e+00 4.312113561597151090e+00 4.596187222599520616e+00 4.890473764645949295e+00 4.997706531933974183e+00 5.051378749610766050e+00
0.000000000000000000e+00 3.566932438103231018e+00 4.123423140091554195e+00 4.081237375833540959e+00 4.144934544575316515e+00 4.048471873413205024e+00 4.000303471297822711e+00 3.374585924533239467e+00 3.457527729372389391e+00 3.539724734347129420e+00 3.621455415100785391e+00 3.703056768558951717e+00 3.784698806787685665e+00 3.866735715518729410e+00 3.949474442743013736e+00 4.033351645677011099e+00 4.119181655911025253e+00 4.208696132139259305e+00 4.432503205040778660e+00 4.617918903830115163e+00 4.882315845149215683e+00
