3.800205902065238561e+00 3.813168604449621135e+00 3.821859647416075312e+00 3.827844436402104478e+00 3.836299614999931773e+00 3.974590034743398448e+00 2.624374051324244395e+00 2.641658961828027952e+00 3.330262878197406629e+00 2.671259358194790767e+00 2.683861732948875645e+00 2.695131033015354838e+00 2.705184700044849233e+00 2.714081909600194464e+00 2.721943048576214164e+00 2.728818421623436574e+00 2.734769437899696509e+00 2.739899256011970596e+00 2.744199448415910680e+00 2.747743415719840154e+00 2.750596535623663019e+00
3.728766744924734589e+00 3.738757763115077903e+00 2.504508114606291080e+00 2.527362206106387621e+00 2.548546266733684007e+00 2.568016777709614562e+00 2.585893600961672867e+00 2.602243555930653596e+00 2.617170012741485419e+00 2.630813752232730174e+00 3.161133512230073439e+00 3.113777427189504010e+00 3.067334973892796413e+00 2.674003757678964810e+00 2.682384984146416684e+00 2.689922700116091026e+00 2.696680244688248962e+00 2.702721925475998876e+00 2.708076481781059197e+00 2.712779277148660295e+00 2.716918039639137472e+00
3.665384934576336295e+00 3.674074895670136787e+00 3.678614064799134109e+00 2.480264183567895131e+00 2.499704895949783623e+00 2.517957936113811357e+00 2.535014893212497178e+00 2.550893875728953208e+00 2.565702794535746012e+00 2.579461752314350154e+00 2.592252667568116564e+00 3.051719713415776081e+00 2.615170743121412400e+00 2.625398244531011560e+00 2.634877228963709239e+00 2.643650237928521385e+00 2.651779483600837040e+00 2.659258066999306891e+00 2.666180205716851326e+00 2.672555666521316819e+00 2.678405867769162008e+00
2.423654871546291556e+00 2.444214400736139492e+00 2.464181363748371822e+00 2.483044354266579212e+00 2.500643022491497725e+00 2.516936887807537993e+00 2.531983879702631945e+00 2.545806843977398870e+00 3.154485678635018608e+00 3.107970909392288483e+00 3.062896217679321964e+00 3.018687783440742400e+00 2.975181451473406735e+00 2.932223742634533004e+00 2.614720878546215044e+00 2.621343403070513833e+00 2.627318430993836440e+00 2.632702433470897940e+00 2.637525573305389504e+00 2.641819285280782026e+00 2.645613155659523485e+00
3.633035471002088457e+00 3.640259900820089101e+00 3.645543151537661952e+00 3.648554690457996852e+00 3.657412943021726370e+00 3.774594917336371314e+00 2.533444992575598853e+00 2.547356056692824389e+00 2.560057566699878162e+00 2.571641054511839997e+00 2.582176006699699933e+00 2.591707935529513840e+00 2.600359833576970647e+00 2.608131731799469666e+00 2.615116751199168643e+00 2.621340470737562267e+00 2.626852108226306548e+00 2.631691252827289773e+00 2.635909638167971636e+00 2.639520035383835950e+00 2.642574009927507461e+00
3.597620035976199393e+00 3.605877580456143594e+00 3.611637808291487062e+00 2.494456762749445389e+00 2.511012583760205530e+00 2.526049889485317390e+00 2.539575044442563545e+00 2.551707517613869936e+00 2.562504328554608524e+00 2.572087979312070338e+00 3.051613887617382836e+00 3.005458751825991204e+00 2.594270168697676127e+00 2.599738620873793149e+00 2.604349968325473164e+00 2.608168501783423743e+00 2.611242457390874350e+00 2.613623858259051413e+00 2.615332732265635229e+00 2.616449203015801750e+00 2.616953728126054202e+00
2.425704147261033672e+00 2.443564441825198941e+00 2.461097086764219899e+00 2.477507768756503026e+00 2.492556948002492501e+00 2.506247717524399565e+00 2.518656045134316290e+00 2.529759813359942378e+00 3.100390649221802075e+00 3.054770649208189415e+00 3.010171579780047235e+00 2.966274152714830414e+00 2.922898123081848265e+00 2.880002247806632276e+00 2.837543538558669365e+00 2.582446344442505204e+00 2.585514132979280788e+00 2.587955515143037122e+00 2.589821302330139297e+00 2.591145286216507415e+00 2.591962115321297944e+00
2.418362484085040620e+00 2.438684503901895173e+00 2.458521234599119865e+00 2.477314873798502237e+00 2.494923523663656884e+00 2.511318872920089706e+00 2.526528549772612653e+00 2.540560758216244164e+00 3.150620672272437695e+00 3.104390297745522442e+00 3.059583612016336662e+00 3.015681544028950611e+00 2.972487211392230044e+00 2.929871434451102541e+00 2.611998249255226945e+00 2.619082080653943656e+00 2.625565915896737046e+00 2.631447936446976055e+00 2.636792520061002509e+00 2.641611811574543278e+00 2.645944741532976874e+00
3.648906360801107418e+00 3.656635067820231288e+00 3.661890088023546763e+00 3.665585788805864720e+00 3.667312482701356124e+00 3.740803857184421322e+00 3.975979599111573837e+00 2.549520902530399091e+00 2.562824802448921524e+00 3.128288257543440309e+00 2.586164717723615780e+00 2.596327249507048407e+00 2.605578755378407330e+00 2.613983435599702254e+00 2.621557481097190667e+00 2.628382266233812103e+00 2.634502007917746802e+00 2.639934358388926761e+00 2.644766146993317690e+00 2.648951224442848584e+00 2.652593957670184466e+00
2.419601619709790263e+00 2.437105275984764230e+00 2.454211426808403207e+00 2.470251118670863555e+00 2.485018886143534722e+00 2.498473155293987169e+00 2.510652339210650563e+00 2.521608786405726832e+00 2.531414146386054220e+00 3.046648340615284223e+00 2.547878890823389586e+00 2.957288307445325337e+00 2.913692272471851918e+00 2.870645895326448205e+00 2.570070105801219640e+00 2.573726541554959724e+00 2.576729271644525809e+00 2.579098152111026554e+00 2.580879173002608162e+00 2.582121945942927876e+00 2.582860972272638111e+00
2.416385939476639155e+00 2.430960715674834294e+00 2.445849609023746485e+00 2.459765268114413761e+00 2.472502242912748560e+00 2.483978339708877492e+00 2.494232088295815775e+00 2.503307942638486772e+00 3.041698927109833139e+00 2.997644707729641311e+00 2.954355211974986073e+00 2.911551232903301756e+00 2.869179414687399454e+00 2.827234752369575776e+00 2.785651111126586699e+00 2.542157444284382617e+00 2.543720190779014345e+00 2.544691138113110984e+00 2.545141874462596654e+00 2.545071846690374784e+00 2.544564260563380031e+00
3.837084373997125653e+00 3.847871645995807999e+00 3.856350927934442119e+00 3.862148872045628956e+00 3.864394870894081180e+00 3.906276769988829667e+00 4.302507945760642549e+00 2.645918848953789482e+00 2.662705308593530606e+00 2.677942212825933588e+00 2.691790040376850435e+00 2.704318369438355685e+00 2.715650502743503392e+00 2.725843089288834342e+00 2.734980399307137766e+00 2.743156177025011466e+00 2.750407404096732122e+00 2.756807193146153079e+00 2.762391806320918963e+00 2.767233121651825112e+00 2.771323200238759998e+00
2.441457340764664696e+00 2.459868994405554954e+00 2.478384942749307651e+00 2.495546143341397904e+00 2.511138693777398512e+00 2.525181672792569998e+00 2.537713238404060156e+00 2.548798878528493184e+00 3.123373243102550489e+00 3.076492798210040291e+00 3.030762236702530199e+00 2.985737893874376603e+00 2.941258858791562680e+00 2.897219376037875715e+00 2.593979164037633289e+00 2.596746347009530442e+00 2.598789104752271761e+00 2.600177093142559404e+00 2.600926492193705641e+00 2.601072766768131928e+00 2.600670551271868636e+00
3.656307129798903155e+00 3.663408767297510416e+00 2.441721844792668961e+00 3.671021097981630898e+00 2.481723876310881760e+00 2.500267885844911664e+00 2.517799443286567573e+00 2.534318901795142409e+00 2.549864007252946152e+00 2.564475772634963846e+00 2.578224033345030808e+00 2.591145286216507415e+00 2.603268861386486943e+00 2.614666905197682301e+00 2.625379615701188829e+00 2.635421489369279335e+00 2.644858186880111095e+00 2.653705410765663686e+00 2.662015145465117083e+00 2.669795479614705869e+00 2.677100494233937145e+00
3.769528250520055135e+00 3.779990790567891779e+00 3.788348417847942962e+00 3.796245168415239846e+00 3.848818412747286644e+00 2.598971650136270295e+00 2.617296195277846405e+00 2.633858949922023740e+00 2.648760093923601122e+00 2.662127039504563975e+00 2.674079026072270437e+00 2.684734458566775395e+00 2.694194719378349312e+00 2.702529710047009370e+00 2.709853168745409047e+00 2.716217910323020845e+00 2.721696105183085912e+00 2.726338527357758057e+00 2.730212956610615471e+00 2.733351088434420539e+00 2.735805379014268457e+00
2.363376013123687613e+00 2.375844144624112531e+00 2.388747593688085757e+00 3.508624198279370443e+00 3.602405298306869064e+00 2.425788207896979909e+00 3.080089322590354950e+00 3.034671117517639072e+00 2.992303517000459046e+00 2.951220540494961853e+00 2.911006376490157255e+00 2.871389752640277848e+00 2.832391505588792047e+00 2.793896410917687589e+00 2.755930550550126146e+00 2.718452015836725355e+00 2.518274981637578236e+00 2.523818537447157340e+00 2.528977871443624625e+00 2.533819451287321112e+00 2.538321605347397369e+00
3.799864586643821429e+00 3.810632357118607594e+00 3.817906676477529793e+00 3.822762814943527321e+00 3.825341846457733119e+00 3.862415251022505380e+00 4.162913220320476171e+00 2.609640151782313566e+00 2.627357707837822964e+00 2.643820248804921835e+00 2.659109198418529552e+00 2.673288919217429616e+00 2.686468464993249761e+00 2.698671969320360464e+00 2.710027100271002798e+00 2.720537968944012341e+00 2.730251183108846291e+00 2.739244951712027643e+00 2.747535803825943646e+00 2.755190708649179143e+00 2.762215721965280757e+00
3.777135283250808495e+00 3.787774441475441733e+00 3.795642602292568224e+00 3.802807163105856425e+00 3.816105352261215611e+00 3.963783535694914040e+00 2.607598683515042648e+00 2.624727773166769751e+00 2.640264026402640241e+00 2.654384756657484079e+00 2.667134585014914183e+00 2.678697307204285671e+00 2.689080265598389197e+00 2.698403681190705505e+00 2.706764775017985514e+00 2.714195241111009960e+00 2.720765721142442306e+00 2.726548189991470750e+00 2.731551521264077742e+00 2.735882146615222332e+00 2.739533576847428709e+00
3.718624109079640139e+00 3.727222528989508454e+00 3.733278025510732956e+00 3.737024221453287165e+00 3.738654222948413430e+00 3.787722270429596527e+00 4.084430014330118652e+00 2.574333891105676120e+00 2.589821302330139297e+00 2.604166666666666519e+00 2.617422389982159814e+00 2.629652530507522457e+00 2.640951884711743247e+00 2.651353934818556191e+00 2.660915354882079420e+00 2.669682940023464734e+00 2.677715767517898193e+00 2.685062789160607810e+00 2.691751905477006268e+00 2.697809804408788814e+00 2.703298735852143420e+00
3.693791642273702713e+00 3.701660159660285387e+00 3.706729086153994324e+00 2.478841318743581379e+00 3.711848500553275532e+00 3.775087170194656672e+00 3.989160488053152154e+00 2.554013943535583309e+00 2.570015063143841871e+00 2.585008348878315765e+00 2.599062932445437291e+00 2.612182655107169627e+00 2.624472515556905972e+00 2.635965974666229172e+00 2.646718765236045101e+00 2.656748140276301573e+00 2.666142792995060073e+00 2.674888428995790601e+00 2.683049319950191691e+00 2.690665514873007425e+00 2.697733194187094785e+00
3.876048062995980814e+00 3.887781950972292844e+00 3.897170375937756504e+00 3.902692858072069892e+00 3.906517716400520257e+00 3.951829280975062364e+00 4.369083532716112828e+00 2.670733678654512389e+00 2.687949714663799394e+00 2.703510294682622384e+00 2.717523848013768450e+00 2.730117395047987117e+00 2.741420758881499609e+00 2.751485802333259567e+00 2.760436573661187776e+00 2.768333108554149380e+00 2.775267386338568176e+00 2.781254345709915032e+00 2.786407902252810764e+00 2.790743105120315537e+00 2.794310783245312457e+00
2.383689952045767058e+00 2.400350168730497114e+00 2.417073066696998396e+00 2.433326844461747740e+00 2.448879637565813727e+00 2.463608975983331728e+00 2.477490231609943638e+00 2.490518241267175803e+00 3.078214635511403063e+00 3.033813227425671499e+00 2.990763409748497637e+00 2.948692746215844096e+00 2.907359079613182296e+00 2.866691837619386618e+00 2.560436981244798460e+00 2.567815288486914760e+00 2.574683707258462295e+00 2.581059210893465128e+00 2.586924147188991885e+00 2.592343478504568477e+00 2.597347897201181866e+00
2.403217484114025471e+00 2.419446658317203624e+00 2.435460301997077526e+00 2.450662399630959332e+00 2.464875523786048461e+00 2.477998909680479755e+00 2.490074287216235138e+00 3.111387678904791176e+00 3.065319826916359069e+00 3.021126810041381727e+00 2.977901202933578517e+00 2.935400227842969834e+00 2.893457257990529108e+00 2.852035031337603943e+00 2.811081282415280658e+00 2.559181062060140732e+00 2.563408764009740715e+00 2.567082866861099433e+00 2.570271949051498250e+00 2.572972354841476239e+00 2.575236242158048139e+00
3.660271550712026478e+00 3.667845452217662228e+00 3.674023957409050301e+00 3.677133778289646937e+00 3.678231117835256914e+00 3.754406212847021251e+00 3.952021077445746045e+00 2.547139774295114290e+00 2.561457184531644504e+00 2.574754876376971868e+00 2.587032673523468329e+00 2.598387595157167329e+00 2.608848933544861470e+00 2.618540645952632140e+00 2.627430373095112959e+00 2.635590443491516055e+00 2.643083692887961522e+00 2.649911785831339905e+00 2.656153889168483939e+00 2.661791385602510385e+00 2.666909963715987875e+00
3.679610100182592269e+00 3.687187371731099006e+00 3.692427736402460692e+00 3.695112187711699026e+00 2.492073820764512782e+00 2.511102661051362706e+00 2.529031170309174126e+00 2.545878858597645067e+00 2.561694133720433975e+00 2.576529901674048162e+00 2.590419647982973306e+00 2.603433717984801277e+00 2.615638766519823744e+00 2.627057269848482424e+00 2.637751210157480930e+00 2.647751501553811782e+00 2.657119682264425187e+00 2.665862231046070452e+00 2.674041391345957308e+00 2.681647218994313242e+00 2.688761683730868768e+00
3.840877914951989602e+00 3.852822192255827449e+00 3.861802634301082282e+00 3.868044427253136242e+00 3.871708183823173499e+00 3.959020663309602117e+00 4.263453947820824652e+00 2.656525264953440768e+00 2.673100867350886922e+00 2.688060874240106202e+00 2.701530630380844844e+00 2.713665447897623206e+00 2.724510112124070016e+00 2.734213422884665512e+00 2.742808917645403355e+00 2.750407404096732122e+00 2.757060549291293849e+00 2.762841901685333390e+00 2.767783005812344488e+00 2.771953516471800327e+00 2.775385885383679252e+00
3.494719478867431395e+00 2.403489300938067785e+00 2.418964683115626180e+00 3.586058507923810090e+00 2.448117397721151889e+00 2.461512493934129520e+00 3.143314170758795711e+00 3.094929942040403059e+00 3.050767545380167256e+00 3.008213121405884483e+00 2.966560652367384421e+00 2.925544882734409491e+00 2.885048412519702676e+00 2.845068663303471634e+00 2.805560621151121481e+00 2.766538714251132625e+00 2.559381198501340382e+00 2.564796739858366426e+00 2.569776572203583243e+00 2.574370709382150846e+00 2.578612845673505571e+00
3.839666497538499090e+00 3.850782190132370442e+00 3.859088152599371657e+00 3.864760971435276193e+00 3.868017709995371867e+00 3.925187307183781282e+00 4.261929966866931707e+00 2.639934358388926761e+00 2.657602842236302720e+00 2.673834419285382236e+00 2.688746561506800692e+00 2.702433612584806522e+00 2.714969926486967999e+00 2.726452884796878973e+00 2.736957345572445188e+00 2.746517073036755185e+00 2.755229637793272790e+00 2.763135521169869158e+00 2.770279869299616227e+00 2.776697950796911840e+00 2.782453846046828883e+00
2.455364972464835649e+00 2.475370067825139575e+00 2.495303976544142266e+00 2.513753824496889777e+00 2.530453302593011600e+00 2.545392838961479942e+00 2.558641292321309990e+00 2.570308651230534647e+00 2.580483178039390424e+00 3.109560169989288969e+00 3.062394507631059692e+00 3.016083440299083485e+00 2.970339042985048916e+00 2.612772928847837850e+00 2.616124968159005082e+00 2.618648914983495501e+00 2.620364368561144186e+00 2.621340470737562267e+00 2.621622004619723167e+00 2.621250549045722966e+00 2.620285257000410706e+00
3.620942977111462291e+00 2.469902474136592474e+00 2.490504949878587837e+00 2.509608214306200846e+00 2.527007391496619793e+00 2.542767944172116934e+00 2.556908490318300586e+00 2.569519785302346815e+00 2.580717160374133901e+00 3.123980367518935264e+00 3.076313072963309470e+00 3.029662509687874650e+00 2.983769680736644059e+00 2.618757192967947844e+00 2.623367299036257538e+00 2.627131882020477427e+00 2.630138544324942540e+00 2.632402743390534816e+00 2.633995628991037119e+00 2.634952285999145438e+00 2.635290095582683456e+00
3.873782646812963470e+00 3.886324993927617211e+00 3.896546685499975737e+00 3.902532538220855329e+00 3.906892581016613519e+00 3.972194637537239004e+00 4.397990668013551208e+00 2.688210076543244842e+00 2.704356861238025544e+00 2.718641515747207915e+00 2.731207193579562098e+00 2.742211065876346776e+00 2.751750801447420791e+00 2.759948197895362387e+00 2.766899369998296887e+00 2.772722102149926204e+00 2.777461257976298725e+00 2.781215669369080601e+00 2.784022494901758460e+00 2.785942135981835488e+00 2.787048585224461750e+00
2.449091315090003995e+00 2.471786324665602663e+00 2.493661942562653167e+00 2.514024666173438671e+00 2.532785501210108592e+00 2.549877674787222936e+00 2.565453738628799218e+00 2.579547672829693550e+00 3.198362438431522570e+00 3.150179560234933174e+00 3.103555295010172355e+00 3.057777777777777484e+00 3.012639071826920034e+00 2.968009101894579338e+00 2.923874830310835282e+00 2.650725112830206953e+00 2.655615578679599853e+00 2.659835090224405896e+00 2.663395829682845495e+00 2.666367285076763238e+00 2.668782964736949204e+00
2.424763066008978729e+00 2.443863028665075543e+00 2.462430348398716884e+00 2.479859994190042105e+00 2.495978700981751786e+00 2.510760401721664703e+00 2.524243252908138224e+00 2.536479507359313157e+00 3.123394922053944089e+00 3.077331953196578151e+00 3.032433252008987168e+00 2.988352375392655524e+00 2.944847218521686294e+00 2.901853647488481069e+00 2.859354622739540552e+00 2.598624835830119828e+00 2.602865966472272863e+00 2.606514878268710422e+00 2.609566529840745552e+00 2.612114713079820572e+00 2.614145277684142066e+00
3.805280345381081286e+00 3.815920018316416140e+00 3.823134831538777423e+00 3.827897718572959462e+00 3.829766862942218353e+00 3.849908564671589151e+00 2.590056981253587409e+00 2.609272083609539994e+00 2.627157899103309546e+00 2.643782466720494551e+00 2.659258066999306891e+00 2.673646290667566650e+00 2.686986716640026085e+00 2.699400448952916864e+00 2.710916432433974954e+00 2.721582146421118953e+00 2.731474996498108432e+00 2.740630907289375529e+00 2.749084211322103233e+00 2.756865655815925908e+00 2.764036343534280959e+00
3.713943795650558766e+00 3.722674534838029015e+00 3.728895487345924131e+00 3.732813504489745249e+00 3.741425898981500797e+00 2.539807962297961463e+00 3.373914021424353926e+00 2.574844465476206601e+00 2.590524437280524950e+00 2.605046750028162439e+00 2.618523577327831919e+00 2.630998855159957461e+00 2.642555136555822415e+00 2.653242192136628042e+00 2.663115845539281157e+00 2.672254961252302774e+00 2.680651879549375227e+00 2.688400260350340965e+00 2.695513388898740370e+00 2.702030077861129698e+00 2.707999287368608510e+00
2.416248560910783105e+00 2.432531987795639505e+00 2.448650361536024000e+00 2.463747712234267251e+00 2.477665614248700798e+00 2.490367121619845747e+00 2.501840639899354457e+00 3.113217337161437115e+00 3.067313590987674754e+00 3.023080870928507746e+00 2.979696486729956462e+00 2.936857562408222933e+00 2.894478605567282425e+00 2.852511253504762312e+00 2.810982508661339807e+00 2.561402510174459302e+00 2.564303471069670604e+00 2.566625315481028569e+00 2.568438175552749225e+00 2.569721542118449609e+00 2.570583950987532784e+00
3.647751127017447192e+00 3.655601001496727509e+00 3.660979484699868891e+00 3.664784940552958670e+00 3.665792516143585811e+00 3.720443146116959809e+00 4.033716304559490595e+00 2.552956110429534853e+00 2.565783846965247861e+00 2.577467208889397732e+00 2.588027922722885066e+00 2.597584948048301090e+00 2.606202762574927778e+00 2.613911512216597011e+00 2.620798101990426954e+00 2.626908058217962250e+00 2.632271650434324872e+00 2.636924063713786737e+00 2.640933034503432975e+00 2.644311514189947143e+00 2.647105946932491349e+00
3.648755636639013478e+00 2.448596953945389121e+00 2.469693334650502781e+00 2.489643773470079147e+00 2.508259339682812339e+00 2.525518257392401988e+00 2.541439584333436752e+00 2.556095943406654136e+00 2.569569354065822431e+00 2.581923742533355437e+00 3.087675962442632205e+00 3.042201705047932414e+00 2.613012803762738478e+00 2.621593652983787326e+00 2.629390905150053026e+00 2.636435539151067875e+00 2.642800511417612075e+00 2.648508123253204172e+00 2.653594223544363917e+00 2.658104771298064328e+00 2.662108389844756839e+00
3.703082641625443205e+00 3.711926971273809439e+00 3.718726542755025122e+00 2.516464870150412647e+00 2.536658234626794517e+00 2.555248618784530468e+00 2.572273747088328566e+00 2.587828811627044701e+00 2.602042251540127804e+00 2.614970351890199662e+00 2.626721567513843336e+00 3.088622886009224189e+00 2.646976873780997330e+00 2.655671255852959600e+00 2.663451833576314876e+00 2.670452149713980816e+00 2.676659528907922692e+00 2.682145165949135546e+00 2.686955537956781992e+00 2.691141893997337053e+00 2.694729676065127144e+00
2.425502425502425563e+00 2.445392233721958686e+00 2.464684590791938135e+00 2.482832983372112778e+00 2.499687539057617425e+00 2.515198988171378325e+00 2.529404325281396471e+00 2.542390836093475048e+00 3.139629802761478405e+00 3.093319835210415647e+00 3.048294686960918654e+00 3.004093951291760600e+00 2.960498491555530354e+00 2.917456811219705237e+00 2.874913226704437719e+00 2.610431850090659811e+00 2.615440736177740089e+00 2.619821427307035933e+00 2.623629685306255510e+00 2.626926708744826033e+00 2.629689909808743398e+00
3.794699839242715811e+00 3.805795683140325014e+00 3.814279274593432412e+00 3.819497493020736378e+00 3.822284614261986402e+00 3.850543889324367086e+00 2.606184405156018791e+00 2.623657101825513038e+00 2.639595357165787526e+00 2.654094639427274416e+00 2.667246909854072978e+00 2.679188346940789778e+00 2.689951994702863836e+00 2.699649755965870312e+00 2.708346696886113847e+00 2.716123325927834564e+00 2.723007317209406253e+00 2.729085756271648844e+00 2.734366783753654051e+00 2.738937151926736480e+00 2.742808917645403355e+00
2.410338936189821091e+00 2.425485616870291405e+00 2.440547544019581849e+00 2.454710589621483141e+00 2.467725673512842555e+00 2.479578896658236165e+00 2.490280986704666244e+00 3.090755830289406703e+00 3.045088065330980864e+00 3.001032913654001710e+00 2.957788137861096178e+00 2.915148360229047331e+00 2.872959147922359957e+00 2.831237038242933934e+00 2.789925578735187539e+00 2.544331441575789388e+00 2.546718518773444906e+00 2.548542853403682251e+00 2.549824957962345096e+00 2.550651105397039764e+00 2.551002819892306039e+00
3.791639091109640258e+00 3.802780869937980590e+00 3.812957121564005902e+00 3.818781461551814083e+00 3.822497133127150004e+00 3.922378199834847479e+00 4.156103237604421352e+00 2.637496876648435240e+00 2.652705061082023974e+00 3.265792948727050504e+00 2.678621778604860726e+00 2.689525333259773721e+00 2.699189532827116267e+00 2.707729141578606225e+00 2.715215650781494627e+00 2.721715099237919322e+00 2.727291799243350745e+00 2.732010759919300646e+00 2.735920532031316021e+00 2.739071805820878502e+00 2.741517113393365346e+00
2.418637737862351145e+00 2.437614480822938745e+00 2.456071408521865784e+00 2.473463272603920515e+00 2.489609338801253013e+00 2.504490193131971854e+00 2.518134062659568961e+00 2.530577815267819553e+00 3.122398001665279033e+00 3.075611102956081755e+00 2.561366061899679636e+00 2.985820822975543631e+00 2.942122296497506007e+00 2.583834969762147438e+00 2.589748794366946161e+00 2.594979766171282343e+00 2.599519440189975494e+00 2.603470355619977639e+00 2.606827068728643226e+00 2.609640151782313566e+00 2.611953122315015197e+00
3.728998487683946816e+00 2.501302761855132673e+00 2.526298061066237555e+00 2.549394518801784582e+00 2.570473824008224994e+00 2.589585666293392929e+00 2.606827068728643226e+00 2.622317300393347317e+00 2.636161194319765588e+00 2.648526582843123478e+00 3.171560266692978303e+00 3.122983073431741641e+00 3.075224176853346592e+00 2.685062789160607810e+00 2.691465928166190569e+00 2.696948190205818996e+00 2.701549836485141132e+00 2.705358032777547717e+00 2.708404607138784392e+00 2.710761724044456145e+00 2.712439665604874151e+00
3.708969524633739301e+00 3.718854592785421520e+00 2.504436430247867662e+00 2.526546281415146478e+00 2.546905509805585499e+00 2.565542681616153509e+00 2.582533465329488021e+00 2.597949726162055217e+00 2.611942932576575949e+00 2.624560208829871844e+00 3.145062593582705013e+00 3.097457269169036742e+00 2.655337227827933688e+00 2.663507839825049572e+00 2.670771220331597195e+00 2.677168682762555818e+00 2.682754018971886367e+00 2.687620677704771754e+00 2.691751905477006268e+00 2.695264845235055162e+00 2.698135446399409609e+00
3.759136790810998718e+00 3.769550258385535813e+00 3.777913630025484082e+00 2.556696471758868938e+00 2.578556438154040009e+00 2.598369347668840756e+00 2.616269062618334029e+00 2.632326353050381318e+00 2.646732715762365906e+00 2.659555854172352962e+00 2.670958944549486347e+00 2.681040808263249531e+00 2.689896335533529914e+00 2.697618287012387484e+00 2.704318369438355685e+00 2.710027100271002798e+00 2.714837631826250153e+00 2.718831042079138616e+00 2.722019040174208815e+00 2.724472046218222587e+00 2.726224179511376633e+00
3.780432481475881179e+00 3.790907336439579556e+00 3.799392097264437940e+00 2.539449644829750774e+00 3.828824209108498522e+00 4.020518508248994927e+00 2.602591336887863260e+00 2.620359484993130206e+00 2.636673350864898513e+00 2.651588444807544853e+00 2.665282590093565496e+00 2.677772375254564352e+00 2.689210061782877137e+00 2.699611398043491928e+00 2.709099723386660052e+00 2.717713218538984954e+00 2.725519246358985459e+00 2.732546733555673679e+00 2.738879447167717807e+00 2.744519537548458121e+00 2.749557603231787439e+00
3.823825911634859409e+00 3.835585868306903290e+00 3.843540449831501338e+00 3.849617444266475896e+00 3.856536829926725751e+00 3.978106695565096107e+00 2.630376697631276350e+00 2.648360455796773039e+00 2.664684515378034302e+00 3.291800614936370106e+00 2.692793669863496220e+00 2.704780343364746376e+00 2.715555957860141589e+00 2.725195480368110879e+00 2.733791769183857578e+00 2.741382218973176688e+00 2.748083211959657657e+00 2.753906663747995864e+00 2.758952446978593098e+00 2.763233408200426400e+00 2.766801223068027671e+00
2.450963228548819650e+00 2.475702745908016755e+00 2.499392508765230669e+00 2.521538138264341367e+00 2.542067689613535020e+00 2.560925809287162735e+00 2.578224033345030808e+00 2.594033722438391809e+00 2.608462698983404326e+00 2.621584854324906289e+00 3.144346465055829043e+00 3.097479074416934708e+00 3.051444581605336825e+00 2.663078518767695080e+00 2.671090367204633331e+00 2.678258719792331988e+00 2.684674638085207565e+00 2.690379768344141720e+00 2.695417789757412752e+00 2.699822380106571718e+00 2.703664176449661838e+00
