2.133333333333333304e+00 2.700000000000000178e+00 2.566666666666666874e+00 2.733333333333333393e+00 2.799999999999999822e+00 3.100000000000000089e+00 3.166666666666666519e+00 3.266666666666666607e+00 3.399999999999999911e+00 3.500000000000000000e+00 3.600000000000000089e+00 3.666666666666666519e+00 3.799999999999999822e+00 3.866666666666666696e+00 3.966666666666666785e+00 4.466666666666666785e+00 4.533333333333333215e+00 4.599999999999999645e+00 4.633333333333333748e+00 4.700000000000000178e+00 4.733333333333333393e+00
1.566666666666666652e+00 2.766666666666666607e+00 2.366666666666666696e+00 2.466666666666666785e+00 2.600000000000000089e+00 2.866666666666666696e+00 3.033333333333333215e+00 3.266666666666666607e+00 3.333333333333333481e+00 3.433333333333333126e+00 3.533333333333333215e+00 3.633333333333333304e+00 3.733333333333333393e+00 3.833333333333333481e+00 3.933333333333333126e+00 4.400000000000000355e+00 4.433333333333333570e+00 4.466666666666666785e+00 4.533333333333333215e+00 4.566666666666666430e+00 4.633333333333333748e+00
2.166666666666666519e+00 2.700000000000000178e+00 2.466666666666666785e+00 2.166666666666666519e+00 2.933333333333333126e+00 3.033333333333333215e+00 3.133333333333333304e+00 3.233333333333333393e+00 3.266666666666666607e+00 3.399999999999999911e+00 3.466666666666666785e+00 3.566666666666666874e+00 3.666666666666666519e+00 3.733333333333333393e+00 3.866666666666666696e+00 4.333333333333333037e+00 4.400000000000000355e+00 4.433333333333333570e+00 4.466666666666666785e+00 4.533333333333333215e+00 4.599999999999999645e+00
1.566666666666666652e+00 2.766666666666666607e+00 2.299999999999999822e+00 2.266666666666666607e+00 2.600000000000000089e+00 2.933333333333333126e+00 3.100000000000000089e+00 3.133333333333333304e+00 3.266666666666666607e+00 3.333333333333333481e+00 3.399999999999999911e+00 3.533333333333333215e+00 3.600000000000000089e+00 3.666666666666666519e+00 3.766666666666666607e+00 4.233333333333333393e+00 4.299999999999999822e+00 4.366666666666666252e+00 4.400000000000000355e+00 4.466666666666666785e+00 4.466666666666666785e+00
1.966666666666666563e+00 2.466666666666666785e+00 2.399999999999999911e+00 2.500000000000000000e+00 2.833333333333333481e+00 3.000000000000000000e+00 3.066666666666666874e+00 3.166666666666666519e+00 3.200000000000000178e+00 3.333333333333333481e+00 3.399999999999999911e+00 3.466666666666666785e+00 3.566666666666666874e+00 3.666666666666666519e+00 3.766666666666666607e+00 3.833333333333333481e+00 4.366666666666666252e+00 4.400000000000000355e+00 4.466666666666666785e+00 4.533333333333333215e+00 4.566666666666666430e+00
2.633333333333333304e+00 2.433333333333333126e+00 2.166666666666666519e+00 2.799999999999999822e+00 2.899999999999999911e+00 2.933333333333333126e+00 3.033333333333333215e+00 3.133333333333333304e+00 3.166666666666666519e+00 3.266666666666666607e+00 3.333333333333333481e+00 3.466666666666666785e+00 3.533333333333333215e+00 3.600000000000000089e+00 3.700000000000000178e+00 3.799999999999999822e+00 4.299999999999999822e+00 4.366666666666666252e+00 4.400000000000000355e+00 4.466666666666666785e+00 4.500000000000000000e+00
2.266666666666666607e+00 2.733333333333333393e+00 2.399999999999999911e+00 2.433333333333333126e+00 2.666666666666666519e+00 2.899999999999999911e+00 3.033333333333333215e+00 3.066666666666666874e+00 3.133333333333333304e+00 3.233333333333333393e+00 3.333333333333333481e+00 3.399999999999999911e+00 3.466666666666666785e+00 3.533333333333333215e+00 3.633333333333333304e+00 3.733333333333333393e+00 3.833333333333333481e+00 3.866666666666666696e+00 4.299999999999999822e+00 4.333333333333333037e+00 4.400000000000000355e+00
2.633333333333333304e+00 2.733333333333333393e+00 2.433333333333333126e+00 2.133333333333333304e+00 2.933333333333333126e+00 2.866666666666666696e+00 3.133333333333333304e+00 3.166666666666666519e+00 3.266666666666666607e+00 3.366666666666666696e+00 3.433333333333333126e+00 3.533333333333333215e+00 3.600000000000000089e+00 3.733333333333333393e+00 3.766666666666666607e+00 4.233333333333333393e+00 4.299999999999999822e+00 4.366666666666666252e+00 4.400000000000000355e+00 4.466666666666666785e+00 4.466666666666666785e+00
1.899999999999999911e+00 2.766666666666666607e+00 2.466666666666666785e+00 2.533333333333333215e+00 2.933333333333333126e+00 3.000000000000000000e+00 3.066666666666666874e+00 3.166666666666666519e+00 3.266666666666666607e+00 3.333333333333333481e+00 3.399999999999999911e+00 3.533333333333333215e+00 3.600000000000000089e+00 3.666666666666666519e+00 3.799999999999999822e+00 3.866666666666666696e+00 4.366666666666666252e+00 4.433333333333333570e+00 4.500000000000000000e+00 4.566666666666666430e+00 4.599999999999999645e+00
2.299999999999999822e+00 2.366666666666666696e+00 2.200000000000000178e+00 2.600000000000000089e+00 2.866666666666666696e+00 2.933333333333333126e+00 3.000000000000000000e+00 3.066666666666666874e+00 3.166666666666666519e+00 3.266666666666666607e+00 3.333333333333333481e+00 3.399999999999999911e+00 3.466666666666666785e+00 3.566666666666666874e+00 3.666666666666666519e+00 3.766666666666666607e+00 3.799999999999999822e+00 3.933333333333333126e+00 4.000000000000000000e+00 4.366666666666666252e+00 4.433333333333333570e+00
2.933333333333333126e+00 1.866666666666666696e+00 2.399999999999999911e+00 2.299999999999999822e+00 2.633333333333333304e+00 2.833333333333333481e+00 3.000000000000000000e+00 3.066666666666666874e+00 3.133333333333333304e+00 3.200000000000000178e+00 3.266666666666666607e+00 3.333333333333333481e+00 3.433333333333333126e+00 3.533333333333333215e+00 3.600000000000000089e+00 3.700000000000000178e+00 4.099999999999999645e+00 4.166666666666666963e+00 4.200000000000000178e+00 4.266666666666666607e+00 4.133333333333333748e+00
1.899999999999999911e+00 2.100000000000000089e+00 2.633333333333333304e+00 2.500000000000000000e+00 2.533333333333333215e+00 3.066666666666666874e+00 3.266666666666666607e+00 3.333333333333333481e+00 3.466666666666666785e+00 3.533333333333333215e+00 3.666666666666666519e+00 3.766666666666666607e+00 3.866666666666666696e+00 3.966666666666666785e+00 4.466666666666666785e+00 4.533333333333333215e+00 4.566666666666666430e+00 4.633333333333333748e+00 4.700000000000000178e+00 4.733333333333333393e+00 4.799999999999999822e+00
2.933333333333333126e+00 3.100000000000000089e+00 2.200000000000000178e+00 2.500000000000000000e+00 2.333333333333333481e+00 2.733333333333333393e+00 2.899999999999999911e+00 3.133333333333333304e+00 3.200000000000000178e+00 3.266666666666666607e+00 3.399999999999999911e+00 3.466666666666666785e+00 3.533333333333333215e+00 3.666666666666666519e+00 3.733333333333333393e+00 3.833333333333333481e+00 4.200000000000000178e+00 4.266666666666666607e+00 4.299999999999999822e+00 4.366666666666666252e+00 4.433333333333333570e+00
1.766666666666666607e+00 2.500000000000000000e+00 2.433333333333333126e+00 2.399999999999999911e+00 3.000000000000000000e+00 3.000000000000000000e+00 3.133333333333333304e+00 3.200000000000000178e+00 3.266666666666666607e+00 3.366666666666666696e+00 3.466666666666666785e+00 3.533333333333333215e+00 3.666666666666666519e+00 3.733333333333333393e+00 3.799999999999999822e+00 3.933333333333333126e+00 4.000000000000000000e+00 4.133333333333333748e+00 4.200000000000000178e+00 4.566666666666666430e+00 4.599999999999999645e+00
1.699999999999999956e+00 2.166666666666666519e+00 2.500000000000000000e+00 2.366666666666666696e+00 2.433333333333333126e+00 2.233333333333333393e+00 3.066666666666666874e+00 3.299999999999999822e+00 3.399999999999999911e+00 3.566666666666666874e+00 3.600000000000000089e+00 3.733333333333333393e+00 3.833333333333333481e+00 3.933333333333333126e+00 4.033333333333333215e+00 4.433333333333333570e+00 4.299999999999999822e+00 4.466666666666666785e+00 4.599999999999999645e+00 4.633333333333333748e+00 4.933333333333333570e+00
2.933333333333333126e+00 1.533333333333333437e+00 2.299999999999999822e+00 2.100000000000000089e+00 2.600000000000000089e+00 2.700000000000000178e+00 3.000000000000000000e+00 3.066666666666666874e+00 3.133333333333333304e+00 3.200000000000000178e+00 3.266666666666666607e+00 3.333333333333333481e+00 3.433333333333333126e+00 3.533333333333333215e+00 3.600000000000000089e+00 3.666666666666666519e+00 4.099999999999999645e+00 4.133333333333333748e+00 4.200000000000000178e+00 4.200000000000000178e+00 4.266666666666666607e+00
1.899999999999999911e+00 2.799999999999999822e+00 2.566666666666666874e+00 2.399999999999999911e+00 2.733333333333333393e+00 2.866666666666666696e+00 3.200000000000000178e+00 3.333333333333333481e+00 3.399999999999999911e+00 3.500000000000000000e+00 3.600000000000000089e+00 3.733333333333333393e+00 3.799999999999999822e+00 3.899999999999999911e+00 4.433333333333333570e+00 4.500000000000000000e+00 4.566666666666666430e+00 4.599999999999999645e+00 4.666666666666666963e+00 4.733333333333333393e+00 4.766666666666666607e+00
1.933333333333333348e+00 2.766666666666666607e+00 2.600000000000000089e+00 2.399999999999999911e+00 2.866666666666666696e+00 3.066666666666666874e+00 3.166666666666666519e+00 3.266666666666666607e+00 3.333333333333333481e+00 3.466666666666666785e+00 3.533333333333333215e+00 3.666666666666666519e+00 3.733333333333333393e+00 3.866666666666666696e+00 3.933333333333333126e+00 4.466666666666666785e+00 4.500000000000000000e+00 4.566666666666666430e+00 4.599999999999999645e+00 4.633333333333333748e+00 4.700000000000000178e+00
2.266666666666666607e+00 1.966666666666666563e+00 2.566666666666666874e+00 2.399999999999999911e+00 2.500000000000000000e+00 3.100000000000000089e+00 3.166666666666666519e+00 3.233333333333333393e+00 3.333333333333333481e+00 3.466666666666666785e+00 3.533333333333333215e+00 3.666666666666666519e+00 3.733333333333333393e+00 3.866666666666666696e+00 4.333333333333333037e+00 4.433333333333333570e+00 4.466666666666666785e+00 4.533333333333333215e+00 4.566666666666666430e+00 4.633333333333333748e+00 4.666666666666666963e+00
2.166666666666666519e+00 2.166666666666666519e+00 2.366666666666666696e+00 2.366666666666666696e+00 2.899999999999999911e+00 3.000000000000000000e+00 3.100000000000000089e+00 3.200000000000000178e+00 3.266666666666666607e+00 3.333333333333333481e+00 3.466666666666666785e+00 3.533333333333333215e+00 3.600000000000000089e+00 3.733333333333333393e+00 3.799999999999999822e+00 3.899999999999999911e+00 4.433333333333333570e+00 4.466666666666666785e+00 4.566666666666666430e+00 4.599999999999999645e+00 4.666666666666666963e+00
1.800000000000000044e+00 2.233333333333333393e+00 2.733333333333333393e+00 2.333333333333333481e+00 2.500000000000000000e+00 2.799999999999999822e+00 3.166666666666666519e+00 3.399999999999999911e+00 3.500000000000000000e+00 3.600000000000000089e+00 3.700000000000000178e+00 3.799999999999999822e+00 3.933333333333333126e+00 4.066666666666666430e+00 4.500000000000000000e+00 4.566666666666666430e+00 4.500000000000000000e+00 4.633333333333333748e+00 4.799999999999999822e+00 4.799999999999999822e+00 4.833333333333333037e+00
2.600000000000000089e+00 2.333333333333333481e+00 2.166666666666666519e+00 2.633333333333333304e+00 2.799999999999999822e+00 2.933333333333333126e+00 3.000000000000000000e+00 3.066666666666666874e+00 3.166666666666666519e+00 3.266666666666666607e+00 3.333333333333333481e+00 3.399999999999999911e+00 3.466666666666666785e+00 3.566666666666666874e+00 3.666666666666666519e+00 3.733333333333333393e+00 3.799999999999999822e+00 4.299999999999999822e+00 4.333333333333333037e+00 4.066666666666666430e+00 4.433333333333333570e+00
2.633333333333333304e+00 2.100000000000000089e+00 2.299999999999999822e+00 2.266666666666666607e+00 2.733333333333333393e+00 2.866666666666666696e+00 3.000000000000000000e+00 3.066666666666666874e+00 3.133333333333333304e+00 3.200000000000000178e+00 3.233333333333333393e+00 3.366666666666666696e+00 3.399999999999999911e+00 3.500000000000000000e+00 3.600000000000000089e+00 3.666666666666666519e+00 3.766666666666666607e+00 3.799999999999999822e+00 4.266666666666666607e+00 3.966666666666666785e+00 4.366666666666666252e+00
2.100000000000000089e+00 2.399999999999999911e+00 2.433333333333333126e+00 2.700000000000000178e+00 2.866666666666666696e+00 3.000000000000000000e+00 3.066666666666666874e+00 3.166666666666666519e+00 3.266666666666666607e+00 3.333333333333333481e+00 3.399999999999999911e+00 3.533333333333333215e+00 3.600000000000000089e+00 3.666666666666666519e+00 3.799999999999999822e+00 3.866666666666666696e+00 4.400000000000000355e+00 4.466666666666666785e+00 4.500000000000000000e+00 4.533333333333333215e+00 4.633333333333333748e+00
3.066666666666666874e+00 2.100000000000000089e+00 2.500000000000000000e+00 2.333333333333333481e+00 2.600000000000000089e+00 2.933333333333333126e+00 3.166666666666666519e+00 3.266666666666666607e+00 3.333333333333333481e+00 3.399999999999999911e+00 3.533333333333333215e+00 3.633333333333333304e+00 3.700000000000000178e+00 3.799999999999999822e+00 3.899999999999999911e+00 4.366666666666666252e+00 4.433333333333333570e+00 4.466666666666666785e+00 4.533333333333333215e+00 4.599999999999999645e+00 4.633333333333333748e+00
0.000000000000000000e+00 2.133333333333333304e+00 2.500000000000000000e+00 2.700000000000000178e+00 1.933333333333333348e+00 2.500000000000000000e+00 3.133333333333333304e+00 3.366666666666666696e+00 3.466666666666666785e+00 3.533333333333333215e+00 3.666666666666666519e+00 3.766666666666666607e+00 3.899999999999999911e+00 4.000000000000000000e+00 4.133333333333333748e+00 4.500000000000000000e+00 4.599999999999999645e+00 4.633333333333333748e+00 4.666666666666666963e+00 4.733333333333333393e+00 4.799999999999999822e+00
2.733333333333333393e+00 2.933333333333333126e+00 3.100000000000000089e+00 1.833333333333333259e+00 2.100000000000000089e+00 2.666666666666666519e+00 2.733333333333333393e+00 3.133333333333333304e+00 3.133333333333333304e+00 3.299999999999999822e+00 3.333333333333333481e+00 3.399999999999999911e+00 3.466666666666666785e+00 3.600000000000000089e+00 3.666666666666666519e+00 3.733333333333333393e+00 4.166666666666666963e+00 4.200000000000000178e+00 4.233333333333333393e+00 4.299999999999999822e+00 4.333333333333333037e+00
1.933333333333333348e+00 2.766666666666666607e+00 2.700000000000000178e+00 2.399999999999999911e+00 2.733333333333333393e+00 2.966666666666666785e+00 3.200000000000000178e+00 3.333333333333333481e+00 3.399999999999999911e+00 3.533333333333333215e+00 3.600000000000000089e+00 3.700000000000000178e+00 3.833333333333333481e+00 3.933333333333333126e+00 4.466666666666666785e+00 4.533333333333333215e+00 4.599999999999999645e+00 4.633333333333333748e+00 4.700000000000000178e+00 4.766666666666666607e+00 4.766666666666666607e+00
2.933333333333333126e+00 2.133333333333333304e+00 2.433333333333333126e+00 2.366666666666666696e+00 2.299999999999999822e+00 2.866666666666666696e+00 3.066666666666666874e+00 3.133333333333333304e+00 3.200000000000000178e+00 3.266666666666666607e+00 3.333333333333333481e+00 3.433333333333333126e+00 3.533333333333333215e+00 3.633333333333333304e+00 3.666666666666666519e+00 3.799999999999999822e+00 3.866666666666666696e+00 3.933333333333333126e+00 4.366666666666666252e+00 4.433333333333333570e+00 4.466666666666666785e+00
1.533333333333333437e+00 2.733333333333333393e+00 2.399999999999999911e+00 2.299999999999999822e+00 2.733333333333333393e+00 2.866666666666666696e+00 3.133333333333333304e+00 3.200000000000000178e+00 3.366666666666666696e+00 3.366666666666666696e+00 3.466666666666666785e+00 3.533333333333333215e+00 3.666666666666666519e+00 3.733333333333333393e+00 3.866666666666666696e+00 4.266666666666666607e+00 4.333333333333333037e+00 4.366666666666666252e+00 4.433333333333333570e+00 4.466666666666666785e+00 4.533333333333333215e+00
2.033333333333333215e+00 2.100000000000000089e+00 2.600000000000000089e+00 2.500000000000000000e+00 2.933333333333333126e+00 2.966666666666666785e+00 3.200000000000000178e+00 3.333333333333333481e+00 3.433333333333333126e+00 3.500000000000000000e+00 3.633333333333333304e+00 3.733333333333333393e+00 3.866666666666666696e+00 3.933333333333333126e+00 4.500000000000000000e+00 4.566666666666666430e+00 4.599999999999999645e+00 4.666666666666666963e+00 4.733333333333333393e+00 4.766666666666666607e+00 4.833333333333333037e+00
3.000000000000000000e+00 1.866666666666666696e+00 2.533333333333333215e+00 2.333333333333333481e+00 2.600000000000000089e+00 2.866666666666666696e+00 3.066666666666666874e+00 3.133333333333333304e+00 3.266666666666666607e+00 3.333333333333333481e+00 3.433333333333333126e+00 3.466666666666666785e+00 3.600000000000000089e+00 3.666666666666666519e+00 3.766666666666666607e+00 4.299999999999999822e+00 4.333333333333333037e+00 4.366666666666666252e+00 4.433333333333333570e+00 4.500000000000000000e+00 4.500000000000000000e+00
2.933333333333333126e+00 3.066666666666666874e+00 2.066666666666666874e+00 2.399999999999999911e+00 2.066666666666666874e+00 2.799999999999999822e+00 2.833333333333333481e+00 3.133333333333333304e+00 3.200000000000000178e+00 3.266666666666666607e+00 3.399999999999999911e+00 3.466666666666666785e+00 3.533333333333333215e+00 3.666666666666666519e+00 3.766666666666666607e+00 4.166666666666666963e+00 4.266666666666666607e+00 4.299999999999999822e+00 4.366666666666666252e+00 4.366666666666666252e+00 4.433333333333333570e+00
2.066666666666666874e+00 2.799999999999999822e+00 2.600000000000000089e+00 2.433333333333333126e+00 2.600000000000000089e+00 3.033333333333333215e+00 3.200000000000000178e+00 3.266666666666666607e+00 3.399999999999999911e+00 3.466666666666666785e+00 3.600000000000000089e+00 3.666666666666666519e+00 3.766666666666666607e+00 3.899999999999999911e+00 4.000000000000000000e+00 4.133333333333333748e+00 4.200000000000000178e+00 4.333333333333333037e+00 4.700000000000000178e+00 4.733333333333333393e+00 4.799999999999999822e+00
1.366666666666666696e+00 2.766666666666666607e+00 2.466666666666666785e+00 2.333333333333333481e+00 2.799999999999999822e+00 3.066666666666666874e+00 3.133333333333333304e+00 3.266666666666666607e+00 3.333333333333333481e+00 3.466666666666666785e+00 3.533333333333333215e+00 3.633333333333333304e+00 3.733333333333333393e+00 3.833333333333333481e+00 3.933333333333333126e+00 4.400000000000000355e+00 4.433333333333333570e+00 4.500000000000000000e+00 4.566666666666666430e+00 4.633333333333333748e+00 4.633333333333333748e+00
2.866666666666666696e+00 3.066666666666666874e+00 2.033333333333333215e+00 2.299999999999999822e+00 2.399999999999999911e+00 2.700000000000000178e+00 2.833333333333333481e+00 3.000000000000000000e+00 3.233333333333333393e+00 3.233333333333333393e+00 3.333333333333333481e+00 3.433333333333333126e+00 3.500000000000000000e+00 3.600000000000000089e+00 3.700000000000000178e+00 3.766666666666666607e+00 4.166666666666666963e+00 4.200000000000000178e+00 4.266666666666666607e+00 4.299999999999999822e+00 4.333333333333333037e+00
1.966666666666666563e+00 2.766666666666666607e+00 2.500000000000000000e+00 2.233333333333333393e+00 2.700000000000000178e+00 3.000000000000000000e+00 3.133333333333333304e+00 3.200000000000000178e+00 3.266666666666666607e+00 3.399999999999999911e+00 3.466666666666666785e+00 3.533333333333333215e+00 3.666666666666666519e+00 3.733333333333333393e+00 3.866666666666666696e+00 3.966666666666666785e+00 4.066666666666666430e+00 4.433333333333333570e+00 4.466666666666666785e+00 4.566666666666666430e+00 4.599999999999999645e+00
1.766666666666666607e+00 2.733333333333333393e+00 2.433333333333333126e+00 2.133333333333333304e+00 2.966666666666666785e+00 3.033333333333333215e+00 3.100000000000000089e+00 3.200000000000000178e+00 3.266666666666666607e+00 3.333333333333333481e+00 3.466666666666666785e+00 3.533333333333333215e+00 3.600000000000000089e+00 3.733333333333333393e+00 3.799999999999999822e+00 3.933333333333333126e+00 4.366666666666666252e+00 4.400000000000000355e+00 4.466666666666666785e+00 4.533333333333333215e+00 4.566666666666666430e+00
1.866666666666666696e+00 2.733333333333333393e+00 2.466666666666666785e+00 2.399999999999999911e+00 2.666666666666666519e+00 3.100000000000000089e+00 3.133333333333333304e+00 3.233333333333333393e+00 3.333333333333333481e+00 3.399999999999999911e+00 3.500000000000000000e+00 3.600000000000000089e+00 3.666666666666666519e+00 3.799999999999999822e+00 3.899999999999999911e+00 4.366666666666666252e+00 4.433333333333333570e+00 4.466666666666666785e+00 4.533333333333333215e+00 4.566666666666666430e+00 4.599999999999999645e+00
3.000000000000000000e+00 2.333333333333333481e+00 2.266666666666666607e+00 2.299999999999999822e+00 2.399999999999999911e+00 2.666666666666666519e+00 2.966666666666666785e+00 3.166666666666666519e+00 3.233333333333333393e+00 3.299999999999999822e+00 3.433333333333333126e+00 3.466666666666666785e+00 3.600000000000000089e+00 3.666666666666666519e+00 3.799999999999999822e+00 4.200000000000000178e+00 4.266666666666666607e+00 4.333333333333333037e+00 4.366666666666666252e+00 4.433333333333333570e+00 4.433333333333333570e+00
2.133333333333333304e+00 2.700000000000000178e+00 2.533333333333333215e+00 2.366666666666666696e+00 2.700000000000000178e+00 3.133333333333333304e+00 3.200000000000000178e+00 3.333333333333333481e+00 3.399999999999999911e+00 3.466666666666666785e+00 3.600000000000000089e+00 3.666666666666666519e+00 3.766666666666666607e+00 3.899999999999999911e+00 4.033333333333333215e+00 4.133333333333333748e+00 4.566666666666666430e+00 4.599999999999999645e+00 4.666666666666666963e+00 4.733333333333333393e+00 4.766666666666666607e+00
2.799999999999999822e+00 2.966666666666666785e+00 2.333333333333333481e+00 2.366666666666666696e+00 2.633333333333333304e+00 2.700000000000000178e+00 3.000000000000000000e+00 3.066666666666666874e+00 3.133333333333333304e+00 3.200000000000000178e+00 3.266666666666666607e+00 3.333333333333333481e+00 3.399999999999999911e+00 3.466666666666666785e+00 3.600000000000000089e+00 3.666666666666666519e+00 3.733333333333333393e+00 3.799999999999999822e+00 4.233333333333333393e+00 4.266666666666666607e+00 4.299999999999999822e+00
0.000000000000000000e+00 1.866666666666666696e+00 2.866666666666666696e+00 2.566666666666666874e+00 2.266666666666666607e+00 2.933333333333333126e+00 3.100000000000000089e+00 3.299999999999999822e+00 3.433333333333333126e+00 3.533333333333333215e+00 3.633333333333333304e+00 3.733333333333333393e+00 3.833333333333333481e+00 3.966666666666666785e+00 4.066666666666666430e+00 4.466666666666666785e+00 4.500000000000000000e+00 4.599999999999999645e+00 4.633333333333333748e+00 4.700000000000000178e+00 4.966666666666666785e+00
1.899999999999999911e+00 2.500000000000000000e+00 2.399999999999999911e+00 2.133333333333333304e+00 2.700000000000000178e+00 2.933333333333333126e+00 3.000000000000000000e+00 3.133333333333333304e+00 3.200000000000000178e+00 3.266666666666666607e+00 3.333333333333333481e+00 3.433333333333333126e+00 3.533333333333333215e+00 3.600000000000000089e+00 3.666666666666666519e+00 3.799999999999999822e+00 3.866666666666666696e+00 3.933333333333333126e+00 4.000000000000000000e+00 4.133333333333333748e+00 4.466666666666666785e+00
1.733333333333333393e+00 2.766666666666666607e+00 2.466666666666666785e+00 2.333333333333333481e+00 2.533333333333333215e+00 3.033333333333333215e+00 3.166666666666666519e+00 3.266666666666666607e+00 3.333333333333333481e+00 3.399999999999999911e+00 3.533333333333333215e+00 3.600000000000000089e+00 3.733333333333333393e+00 3.799999999999999822e+00 3.933333333333333126e+00 4.366666666666666252e+00 4.433333333333333570e+00 4.500000000000000000e+00 4.533333333333333215e+00 4.566666666666666430e+00 4.599999999999999645e+00
1.966666666666666563e+00 2.766666666666666607e+00 2.533333333333333215e+00 2.299999999999999822e+00 2.966666666666666785e+00 3.033333333333333215e+00 3.133333333333333304e+00 3.166666666666666519e+00 3.266666666666666607e+00 3.333333333333333481e+00 3.466666666666666785e+00 3.533333333333333215e+00 3.633333333333333304e+00 3.733333333333333393e+00 3.799999999999999822e+00 3.933333333333333126e+00 4.000000000000000000e+00 4.133333333333333748e+00 4.200000000000000178e+00 4.566666666666666430e+00 4.633333333333333748e+00
1.699999999999999956e+00 2.399999999999999911e+00 2.600000000000000089e+00 2.299999999999999822e+00 2.433333333333333126e+00 3.066666666666666874e+00 3.066666666666666874e+00 3.266666666666666607e+00 3.333333333333333481e+00 3.466666666666666785e+00 3.533333333333333215e+00 3.633333333333333304e+00 3.733333333333333393e+00 3.833333333333333481e+00 3.933333333333333126e+00 4.400000000000000355e+00 4.500000000000000000e+00 4.533333333333333215e+00 4.566666666666666430e+00 4.633333333333333748e+00 4.666666666666666963e+00
1.766666666666666607e+00 2.500000000000000000e+00 2.533333333333333215e+00 2.433333333333333126e+00 2.566666666666666874e+00 3.100000000000000089e+00 3.200000000000000178e+00 3.266666666666666607e+00 3.333333333333333481e+00 3.466666666666666785e+00 3.533333333333333215e+00 3.666666666666666519e+00 3.733333333333333393e+00 3.866666666666666696e+00 4.366666666666666252e+00 4.466666666666666785e+00 4.500000000000000000e+00 4.566666666666666430e+00 4.599999999999999645e+00 4.666666666666666963e+00 4.700000000000000178e+00
1.399999999999999911e+00 2.200000000000000178e+00 2.533333333333333215e+00 2.399999999999999911e+00 2.566666666666666874e+00 2.600000000000000089e+00 3.166666666666666519e+00 3.333333333333333481e+00 3.466666666666666785e+00 3.533333333333333215e+00 3.700000000000000178e+00 3.799999999999999822e+00 3.866666666666666696e+00 4.033333333333333215e+00 4.166666666666666963e+00 4.299999999999999822e+00 4.433333333333333570e+00 4.599999999999999645e+00 4.766666666666666607e+00 4.900000000000000355e+00 4.733333333333333393e+00
0.000000000000000000e+00 0.000000000000000000e+00 1.699999999999999956e+00 2.500000000000000000e+00 2.100000000000000089e+00 2.666666666666666519e+00 3.033333333333333215e+00 3.033333333333333215e+00 3.399999999999999911e+00 3.433333333333333126e+00 3.466666666666666785e+00 3.633333333333333304e+00 3.766666666666666607e+00 3.833333333333333481e+00 4.000000000000000000e+00 4.066666666666666430e+00 4.200000000000000178e+00 4.299999999999999822e+00 4.466666666666666785e+00 4.566666666666666430e+00 4.799999999999999822e+00
