1.282115205174046979e+00 2.512220156618982347e+00 2.758932929633061804e+00 2.801885669055273809e+00 3.068853922553286040e+00 3.178190550180097329e+00 3.356831151393084411e+00 3.447847853369926163e+00 3.538251271342245374e+00 3.628471865650694461e+00 3.718752152055643911e+00 3.809365498230376623e+00 3.900689806197306098e+00 3.993087827278297475e+00 4.087004710446106692e+00 4.183166936248535528e+00 4.282714412024756889e+00 4.660023848357341514e+00 4.856261499422035222e+00 4.920654447041456159e+00 4.970419102977418291e+00
0.000000000000000000e+00 3.561925115762566207e+00 2.743464925856101466e+00 2.815779352782813660e+00 2.478542900036823760e+00 3.041341508090658952e+00 3.114833529452480931e+00 3.389056804741912732e+00 3.475298126064735982e+00 3.561129227095305438e+00 3.646973012399708391e+00 3.733071557451280054e+00 3.819736229850891007e+00 3.907267517582702965e+00 3.996031527310808240e+00 4.086497531074408052e+00 4.179398988722473618e+00 4.276009517569571372e+00 4.708869052493652951e+00 4.792649445079660175e+00 4.843017061257246070e+00
2.337921800058093691e+00 2.866812104939307382e+00 2.700232635427052053e+00 2.435002817646117812e+00 2.955914644445694961e+00 2.941217664112942387e+00 3.246977547495681904e+00 3.328871720541219048e+00 3.410285141596430591e+00 3.491473820929290817e+00 3.572581808688243932e+00 3.653962826098946959e+00 3.735783269225446901e+00 3.818304256367889504e+00 3.901864680594726131e+00 3.986720097880851910e+00 4.073516618566950243e+00 4.562990002903720921e+00 4.681362072825711707e+00 4.738067280555383398e+00 4.785997538629835901e+00
0.000000000000000000e+00 2.928441441629886732e+00 2.516884097487310790e+00 2.551178713516420782e+00 2.707343312505788635e+00 2.982652063232223760e+00 2.806722099428129891e+00 3.291752103635328552e+00 3.369697990817572819e+00 3.447182273209878023e+00 3.524533517622667311e+00 3.601906239609885318e+00 3.679526840104116125e+00 3.757645765341980137e+00 3.836495535714285143e+00 3.916422176568801206e+00 3.997794320374965071e+00 4.081327247620926357e+00 4.338962505854156326e+00 4.620721522217394295e+00 4.681873575643241026e+00
1.610930898386872423e+00 2.859135285913528612e+00 2.597366130345659663e+00 2.602280160075395532e+00 2.938110794758969302e+00 2.819124943617500989e+00 3.222823193117170248e+00 3.301646696289774585e+00 3.379753209041184370e+00 3.457399894161227394e+00 3.534768957797630673e+00 3.612089385319635415e+00 3.689583077112285725e+00 3.767458746326727947e+00 3.846019369952099698e+00 3.925511693892730136e+00 4.006465606565076776e+00 4.089611001746749075e+00 4.673121989100629925e+00 4.734556083904568169e+00 4.784427372392486610e+00
2.740900561533217594e+00 2.457209452533734240e+00 2.650244450178890876e+00 2.711647569251306678e+00 2.956268344700888839e+00 3.124544337284145712e+00 3.201848719608539007e+00 3.278093962727373967e+00 3.353500915226290680e+00 3.428344178328750491e+00 3.502747252747252293e+00 3.576914175100469162e+00 3.651070044374543411e+00 3.725371157348639439e+00 3.800100875405055589e+00 3.875539807330306896e+00 3.952138243070129953e+00 4.030632809351067714e+00 4.112828597868184666e+00 4.690528581184082668e+00 4.747983802592398384e+00
0.000000000000000000e+00 1.837222120154326399e+00 2.504239319419302223e+00 2.500250025002499932e+00 2.609316633706877830e+00 2.906312926864710988e+00 2.898290698557064893e+00 3.235358245591824389e+00 3.307698668651285701e+00 3.379403569753647751e+00 3.450679438781495634e+00 3.521710308253231947e+00 3.592648887660632617e+00 3.663737980519973902e+00 3.735111430824352929e+00 3.807045110023603129e+00 3.879862819136037810e+00 3.954105111021726682e+00 4.030968961538996531e+00 4.217075699965433522e+00 4.420042128526537439e+00
1.258178158027176696e+00 2.906252594868388162e+00 2.517570544424630352e+00 2.643521170198704251e+00 2.884397469971361705e+00 2.952174768746309574e+00 3.210855483582756076e+00 3.289338431807903085e+00 3.367192322801503934e+00 3.444688634594319065e+00 3.522069286146997324e+00 3.599512681360061528e+00 3.677210315615655034e+00 3.755450619301625714e+00 3.834462756909004622e+00 3.914593191354930113e+00 3.996214112945629893e+00 4.079967360261116838e+00 4.167361226871144630e+00 4.625889793353907820e+00 4.681035610290017246e+00
1.641386822648153609e+00 2.866431293040164974e+00 2.537588022584533309e+00 2.681930142777491533e+00 2.929135835187290038e+00 2.938357458180876236e+00 3.233084292130250947e+00 3.312995223765219599e+00 3.392202175249645180e+00 3.470992912232472527e+00 3.549529861289940413e+00 3.628074450825899966e+00 3.706856311266096604e+00 3.786125951789996780e+00 3.866095036900496051e+00 3.947122409268120080e+00 4.029764675638682903e+00 4.614549402823017843e+00 4.702692983305439611e+00 4.759638267491670405e+00 4.808914353235368644e+00
2.741343680148454087e+00 2.544367406653520458e+00 2.560691955870741943e+00 2.655058935321366942e+00 2.894601215732510724e+00 3.083175670941068702e+00 3.156654227110748945e+00 3.229067220755882150e+00 3.300670448684889013e+00 3.371636964150553695e+00 3.442151206818212739e+00 3.512370569144526389e+00 3.582466985108176072e+00 3.652628169344112052e+00 3.723059527585113049e+00 3.793940731747695416e+00 3.865668035757429344e+00 3.938667348447681071e+00 4.014035281985978365e+00 4.096653242605193590e+00 4.644842837929648027e+00
0.000000000000000000e+00 2.253663964617475646e+00 2.424276995037362159e+00 2.581599475307349234e+00 2.798611888503302669e+00 2.525429673798667007e+00 3.109710589601127673e+00 3.177892918825561352e+00 3.245184008837947776e+00 3.311783740521743624e+00 3.377819445210390015e+00 3.443478739962259727e+00 3.508868493112985210e+00 3.574202506065834672e+00 3.639570530677380233e+00 4.129501156260324102e+00 4.124873675743679691e+00 4.130865829477857964e+00 4.137959572134979780e+00 4.142702284700310322e+00 4.123427943096694470e+00
2.608848933544861470e+00 2.316358403818481460e+00 2.666778952096228394e+00 2.868838120561172822e+00 2.764251844606518738e+00 3.188996575294982261e+00 3.245035448485062091e+00 3.472366904176562574e+00 3.565311615225977615e+00 3.658073644614693976e+00 3.751015900139621273e+00 3.844490364746023126e+00 3.938803432978150276e+00 4.034361631829721517e+00 4.131747660397887323e+00 4.231673731018168461e+00 4.335409283281148163e+00 4.849156593121124459e+00 4.922317510277937735e+00 4.977838390726218698e+00 5.026440453894458038e+00
0.000000000000000000e+00 0.000000000000000000e+00 2.554749705494130829e+00 2.543774112858778302e+00 2.568534755052029883e+00 2.910753459182007230e+00 2.934335301485059944e+00 3.252392584544907539e+00 3.325757995676514867e+00 3.398411762666019520e+00 3.470583335647055456e+00 3.542453878639697518e+00 3.614147999360573849e+00 3.685956505713232190e+00 3.758064179384930092e+00 3.830697117226296466e+00 3.904243296003287345e+00 3.979334902197552815e+00 4.410812002922162911e+00 4.240940120661585766e+00 4.415011037527594162e+00
2.319008623813319847e+00 2.841797152519252911e+00 2.674417786285866683e+00 2.807037242366612784e+00 2.985841555970641270e+00 2.998939909613345556e+00 3.235745135830953245e+00 3.317116320212295744e+00 3.398058252427184289e+00 3.478841684872604478e+00 3.559637894090303067e+00 3.640760025828788660e+00 3.722380638001994591e+00 3.804780187471895836e+00 3.888213851761847195e+00 3.973039096098754275e+00 4.059726140507810221e+00 4.609024056353917764e+00 4.675178241170445226e+00 4.728002795688609261e+00 4.775185643992609030e+00
3.548862972137945881e+00 2.496362443296910261e+00 2.633039666386757460e+00 2.804931068818983686e+00 2.718906860011154336e+00 3.140089876350238285e+00 3.157761778451432910e+00 3.425375742747290619e+00 3.513969752299582527e+00 3.602255566177591017e+00 3.690525099052300639e+00 3.779077904991182013e+00 3.868231458392335398e+00 3.958287835772002605e+00 4.049685451155904836e+00 4.143074161027482383e+00 4.239349503092640248e+00 4.520827102706236111e+00 4.745888616057611031e+00 4.853804767666823672e+00 4.906269803953636099e+00
0.000000000000000000e+00 2.229778694464574329e+00 2.383723375913176401e+00 2.634041520812393955e+00 2.794408388813983013e+00 2.695119760065235237e+00 3.075525110963548414e+00 3.142370324851260666e+00 3.208615831031500054e+00 3.274394237066142299e+00 3.339897158999979077e+00 3.405308110887951489e+00 3.470727881051214325e+00 3.536362123481444186e+00 3.602280520668084129e+00 3.668759474744398119e+00 3.735912496627301405e+00 3.803990732095306360e+00 3.873368516430691244e+00 3.989389623387621153e+00 4.440922072065917270e+00
1.844310670443815026e+00 2.573818545792521117e+00 2.653742475243376031e+00 2.835532052145434356e+00 2.891457506153162438e+00 3.200846136717879986e+00 3.347210309407752771e+00 3.438644752908812219e+00 3.529631603352457958e+00 3.620615226079569204e+00 3.711901455890238122e+00 3.803780265987979359e+00 3.896546685499975737e+00 3.990670088551593331e+00 4.086580086580085869e+00 4.184818029019312213e+00 4.286474789305937172e+00 4.393311183722782509e+00 4.858554477397457383e+00 4.911183664434728868e+00 4.958599093866959073e+00
2.096626527916581662e+00 2.407573944385041464e+00 2.655949676742966670e+00 2.812543945999156136e+00 2.683521062109388566e+00 3.161273030904880432e+00 3.159335837399515068e+00 3.427427647002371458e+00 3.516416840189196424e+00 3.605152595016569261e+00 3.693946110205048594e+00 3.783084796126120697e+00 3.872859553514619968e+00 3.963643818765802962e+00 4.055874831578079487e+00 4.150152518105040045e+00 4.247389910393772894e+00 4.631490045701908365e+00 4.822059223037218345e+00 4.884501882568433651e+00 4.933804785790641745e+00
1.681483214411041871e+00 2.858896047750536518e+00 2.581041205974063946e+00 2.779843355826899121e+00 2.809797764805877840e+00 3.113648157758173163e+00 3.284255836541887685e+00 3.369437795264536017e+00 3.453992815694943541e+00 3.538275819006785117e+00 3.622582622749818793e+00 3.707136237256719369e+00 3.792188092529389820e+00 3.878089486914910733e+00 3.965161272680038262e+00 4.053812645147104377e+00 4.144734115306503597e+00 4.708945611678184484e+00 4.776276442573927028e+00 4.830417831142392870e+00 4.878709852283506621e+00
2.391536773394856930e+00 2.871382570707795789e+00 2.732221295913577652e+00 2.828454249752510030e+00 3.004030990422031255e+00 3.091906933601298313e+00 3.264274254599501379e+00 3.348050806670990642e+00 3.431444638192678642e+00 3.514647811614877604e+00 3.597993426742777778e+00 3.681654938627505924e+00 3.765885188431200348e+00 3.851020520437915984e+00 3.937334217506631262e+00 4.025243049633293602e+00 4.115282788515617796e+00 4.661301599923225680e+00 4.726156881010437516e+00 4.779037774880011469e+00 4.826421208673767893e+00
2.494612330314390558e+00 2.338518229812564186e+00 2.705759104185601505e+00 2.888146222717332900e+00 2.940311673037341755e+00 3.223862186899905780e+00 3.290325742248482399e+00 3.506986467158102805e+00 3.602829606945146868e+00 3.698579471514088723e+00 3.794568936968759854e+00 3.891156834100186312e+00 3.988776408450704025e+00 4.087861775767155592e+00 4.188985029528910609e+00 4.293093658685204872e+00 4.553011541194406320e+00 4.887720119508198735e+00 4.965688472016275945e+00 5.021979760733620957e+00 5.070507461868413834e+00
2.727886175360008991e+00 2.353411019668810944e+00 2.480056214607531118e+00 2.711609861916482345e+00 2.905287623474723357e+00 3.076213181573482558e+00 3.150488325690481428e+00 3.223704035937291934e+00 3.296318424359792942e+00 3.368531045482043407e+00 3.440516903259545956e+00 3.512493940947951199e+00 3.584582079901037943e+00 3.657013530950064428e+00 3.729951510630361344e+00 3.803648736497046823e+00 3.878331209485289754e+00 3.954433822203104576e+00 4.502632308118592164e+00 4.572758828542328402e+00 4.621825893099885008e+00
3.103224532400485014e+00 1.636160571375726569e+00 2.483520070390054180e+00 2.418328081767939786e+00 2.483555315872756353e+00 2.880791444752040409e+00 2.713043478260869446e+00 3.206855848418064259e+00 3.277362490237643478e+00 3.347256992629060957e+00 3.416800898130521347e+00 3.486118277020902045e+00 3.555394439641951010e+00 3.624804818202096435e+00 3.694538356976055482e+00 3.764802518995140179e+00 3.835852895041474753e+00 3.908071195458409974e+00 3.982203669120070177e+00 4.137674213324689987e+00 4.562136986674475203e+00
1.976814786574603522e+00 2.866511455558585109e+00 2.701050566509815898e+00 2.726109841256526778e+00 2.963966634204175055e+00 2.954940591950191653e+00 3.240532010820558639e+00 3.321523472099202845e+00 3.401974533790632638e+00 3.482088138614964468e+00 3.562107397538035958e+00 3.642236195581211256e+00 3.722746684648235771e+00 3.803859188048965390e+00 3.885812620564275122e+00 3.969068637514541198e+00 4.054007627031297467e+00 4.626305032315085164e+00 4.701262427234136787e+00 4.756390106708578536e+00 4.804755334994405658e+00
0.000000000000000000e+00 2.859753503198041003e+00 2.593851870026989470e+00 2.698307876928756954e+00 2.859215040865854096e+00 3.076858527443479652e+00 3.252423408963961649e+00 3.335348439682307653e+00 3.417730348050498357e+00 3.499905502551431180e+00 3.582155355322255819e+00 3.664681630783325872e+00 3.747735742988611118e+00 3.831627346871750106e+00 3.916583639674304340e+00 4.003036786527710333e+00 4.091454408022024758e+00 4.645583575435263235e+00 4.709924087105890500e+00 4.762693613849084961e+00 4.810103966961456479e+00
0.000000000000000000e+00 3.682268833415547338e+00 3.050429139917638643e+00 2.746962493396724714e+00 2.902577073787655504e+00 2.728207567628067931e+00 3.245997191506777568e+00 3.265498961293415547e+00 3.572606353742992624e+00 3.665942700623901818e+00 3.759424668787725299e+00 3.853378931650691452e+00 3.948133987199733852e+00 4.044170568034601843e+00 4.141958732284496847e+00 4.242268292174057542e+00 4.346296334623423796e+00 4.810203128006377504e+00 4.911959940237820454e+00 4.970693618872066288e+00 5.019493512476534747e+00
2.943250032512645387e+00 0.000000000000000000e+00 0.000000000000000000e+00 2.658253527432476560e+00 2.117507552443603114e+00 2.791346824842986685e+00 2.703751975818751152e+00 3.006089078109379642e+00 3.266406744087456016e+00 3.336438074319157732e+00 3.406231317863945396e+00 3.475939546459407836e+00 3.545729481697778684e+00 3.615806637786570299e+00 3.686366703066639605e+00 3.757574929460069768e+00 3.829736862261772679e+00 3.903093715334364777e+00 4.032706641450662488e+00 4.056404650427297476e+00 4.508905087547907087e+00
1.527639865845444200e+00 2.557108762359359133e+00 2.673533426203441365e+00 2.876244326432684684e+00 2.478946660150578296e+00 3.196242330755494354e+00 2.984577369962658100e+00 3.475287232489765010e+00 3.569075334943993205e+00 3.662801144452584090e+00 3.756887627316747302e+00 3.851603229844422493e+00 3.947341084895533481e+00 4.044503245885231912e+00 4.143617792694802127e+00 4.245427465827789071e+00 4.498768029678025471e+00 4.833453018836657122e+00 4.902705464790288126e+00 4.956765985570303457e+00 5.004250185088706004e+00
0.000000000000000000e+00 0.000000000000000000e+00 2.349440050121387902e+00 2.684241383938346992e+00 2.744179173790977977e+00 2.923366047191480188e+00 2.968281788884491679e+00 3.281504185663317585e+00 3.357159842773013825e+00 3.432045499117474030e+00 3.506385127316843597e+00 3.580428825206218857e+00 3.654391130172169877e+00 3.728432056230278402e+00 3.802833456637327636e+00 3.877901501301867171e+00 3.954024242258974642e+00 4.032061843486482111e+00 4.114480180758179451e+00 4.328587918430165438e+00 4.538484283779044226e+00
2.166165886381105299e+00 2.775792315218975403e+00 2.694748785590185047e+00 2.410646549584872123e+00 2.961396086726599819e+00 3.015406624076969244e+00 3.222394238919517484e+00 3.300492264910149576e+00 3.377819445210390015e+00 3.454517818402906393e+00 3.530828983259716836e+00 3.606953095736858295e+00 3.683138868233969188e+00 3.759529362620531057e+00 3.836457305710840870e+00 3.914216847613357864e+00 3.993330437584945436e+00 4.074726337235401452e+00 4.161464835622138203e+00 4.633793986970861312e+00 4.757767572711100179e+00
0.000000000000000000e+00 3.718035224941130590e+00 2.903785544813909603e+00 2.771945143205615913e+00 2.916605904043665376e+00 2.835290865401654425e+00 3.201113430758524725e+00 3.042203661706952555e+00 3.603503714380751788e+00 3.698680803846627896e+00 3.793914561044084532e+00 3.889564160444521690e+00 3.986013986013985821e+00 4.083779780444923624e+00 4.183400267737616751e+00 4.285889219968161079e+00 4.392889010913584080e+00 4.826920424768997187e+00 4.975090471679467719e+00 5.038538006917776535e+00 5.088883540212495227e+00
0.000000000000000000e+00 0.000000000000000000e+00 0.000000000000000000e+00 3.641762613104742474e+00 2.859573993220716925e+00 2.201067517746106539e+00 3.012174790198523411e+00 3.043613599418946158e+00 3.408268877636191352e+00 3.488801630843742174e+00 3.568854397738325801e+00 3.648906360801107418e+00 3.729204505431517713e+00 3.810016260605112226e+00 3.891618426813250320e+00 3.974368807480180621e+00 4.058748667148212697e+00 4.145655217409033533e+00 4.237170403712038791e+00 4.581071286939160991e+00 4.715378374442648735e+00
0.000000000000000000e+00 0.000000000000000000e+00 2.586757418739440428e+00 2.659239457515150562e+00 2.570194084385723166e+00 2.907450874717231848e+00 2.910703766589278541e+00 3.259271587473301590e+00 3.334074238719715311e+00 3.408221464839674031e+00 3.482039639539256104e+00 3.555667105896132885e+00 3.629341514188670903e+00 3.703271909310985599e+00 3.777676728811780293e+00 3.852822192255827449e+00 3.929056406085212672e+00 4.006908462867012410e+00 4.153858934950569015e+00 4.358896299781362949e+00 4.640244568184299645e+00
1.800607885222050841e+00 2.365414852022429404e+00 2.655127625526540136e+00 2.842011867132479441e+00 2.896332002399817807e+00 3.199399069392183659e+00 3.349639564825992455e+00 3.441298333035087254e+00 3.532516467760591805e+00 3.623743884932194348e+00 3.715272522119631660e+00 3.807387716674972999e+00 3.900454820892507168e+00 3.994848023583378982e+00 4.091057226263200342e+00 4.189646764699821446e+00 4.724053648817959861e+00 4.811928159945781047e+00 4.872759217064265513e+00 4.925131165819588652e+00 4.972856491649745081e+00
1.690998252635138810e+00 2.304977310379601185e+00 2.569605044759741386e+00 2.762215721965280757e+00 2.886490520342717581e+00 3.085618912038822437e+00 3.081556185873866038e+00 3.369059400728559250e+00 3.453873519151728022e+00 3.538472212585860088e+00 3.623137916138292169e+00 3.708129042890692340e+00 3.793679040957937953e+00 3.880131647323748822e+00 3.967784375282791043e+00 4.057078903189703212e+00 4.148660328435609834e+00 4.661333552690206439e+00 4.744159183729595775e+00 4.799616030717541726e+00 4.847410444092044024e+00
0.000000000000000000e+00 1.641705284052325631e+00 2.483396719078163173e+00 2.461495182502285495e+00 2.541367820635906494e+00 2.867193018035343766e+00 2.849200833912439279e+00 3.204882568922392760e+00 3.274818691027679307e+00 3.344184871999617670e+00 3.413040601252377293e+00 3.481651695564376148e+00 3.550122862095129506e+00 3.618649965205288144e+00 3.687469560982397532e+00 3.756704674314575332e+00 3.826699228398283026e+00 4.250534744693687195e+00 4.255289943102655847e+00 4.266270316392111184e+00 4.277632123637367556e+00
1.755938584292076055e+00 2.866130723523243162e+00 2.730958566456826109e+00 2.711477894502651864e+00 3.015998821656273865e+00 3.152121377687183479e+00 3.232662269328912874e+00 3.312195088290699641e+00 3.391027905333804160e+00 3.469355185645196293e+00 3.547431242435624021e+00 3.625468574712014558e+00 3.703652899137185983e+00 3.782254223517215852e+00 3.861562967611139818e+00 3.941908713692945820e+00 4.023754023754023912e+00 4.632606636381865428e+00 4.716594208842588287e+00 4.773765047737651201e+00 4.823494552896508303e+00
1.663496380087224891e+00 2.861809501207543516e+00 2.543378737353755525e+00 2.679358364181208874e+00 2.593579139212112139e+00 3.018412315122245282e+00 3.237772131228312311e+00 3.318400530944084714e+00 3.398341054734097533e+00 3.477897958473898044e+00 3.557279169689191445e+00 3.636737914708203512e+00 3.716474304709598275e+00 3.796769294491232571e+00 3.877874647702013622e+00 3.960120887900787867e+00 4.044059687579252937e+00 4.130410838198039336e+00 4.648301319297286405e+00 4.720595479174647835e+00 4.770695484433012723e+00
0.000000000000000000e+00 2.868296232038168636e+00 2.641585507427721247e+00 2.786912658157293166e+00 2.684349516817087000e+00 3.063192264047172930e+00 3.004055474891102584e+00 3.364645132937815752e+00 3.448394772233525085e+00 3.531733665731795480e+00 3.615008423651703939e+00 3.698405498761383026e+00 3.782226287160372902e+00 3.866709016336844940e+00 3.952267700265565065e+00 4.039222240793358232e+00 4.128307806630061805e+00 4.220635447802502327e+00 4.709126149982255427e+00 4.784423580967700929e+00 4.834832585409700734e+00
0.000000000000000000e+00 0.000000000000000000e+00 2.274873675575439513e+00 2.536622487158348260e+00 2.838308651874348332e+00 2.926931251959998370e+00 3.090755830289406703e+00 3.275900524144083725e+00 3.352261065882191637e+00 3.428059718199498285e+00 3.503633267698603060e+00 3.579073432950877098e+00 3.654718724572122213e+00 3.730647267300876369e+00 3.807229582866082040e+00 3.884653537462627870e+00 3.963370116189323777e+00 4.043925396548718965e+00 4.127711390419581683e+00 4.477385757780319331e+00 4.659897064960355273e+00
1.824894366691466541e+00 2.666385994456723196e+00 2.804439427613912184e+00 2.587539250173085392e+00 3.122614669349801808e+00 3.008570928808815381e+00 3.346230262469936267e+00 3.436284414388410369e+00 3.525849314879083707e+00 3.615228454628883537e+00 3.704669255361479507e+00 3.794490399939288050e+00 3.885003885003884605e+00 3.976579319045072669e+00 4.069695255701021530e+00 4.165018013702908917e+00 4.263659182340197695e+00 4.816726932287673790e+00 4.887080898396900075e+00 4.942509009782048324e+00 4.991521251572670792e+00
2.957871459357437338e+00 3.160400879293755683e+00 2.109597212421889800e+00 2.546779385235753868e+00 2.606698510659283485e+00 2.836977580957652734e+00 2.654175304692151460e+00 3.183457095995072539e+00 3.251537562177007512e+00 3.318905314397134543e+00 3.385708165775326517e+00 3.452180397138833179e+00 3.518454639530872896e+00 3.584698850828271777e+00 3.651068109642264137e+00 3.717728055077452964e+00 3.784959260074873377e+00 4.184990292194649797e+00 4.187719683655536151e+00 4.190711733992855237e+00 4.171939534689676599e+00
0.000000000000000000e+00 3.628548301560275746e+00 2.999400119976004753e+00 2.736131671074878646e+00 2.853702504993979261e+00 3.094516376321323037e+00 3.188709196653241484e+00 3.438427586013318660e+00 3.528166529460190493e+00 3.617441633970559955e+00 3.706682519145364729e+00 3.796166561984497534e+00 3.886222319188393115e+00 3.977225152809176656e+00 4.069639112680719428e+00 4.164064126587549985e+00 4.261549141847725153e+00 4.669271387666256601e+00 4.865446421841056690e+00 4.927749475992837525e+00 4.977736561815987670e+00
0.000000000000000000e+00 2.908296447622290337e+00 2.485954357877989462e+00 2.542588354945334306e+00 2.762030368523901824e+00 2.933621448350374195e+00 3.184285198734776667e+00 3.259701078475569780e+00 3.334282677706846609e+00 3.408339999304420775e+00 3.482063888908232929e+00 3.555617527102868713e+00 3.629206739157744721e+00 3.703043353037181351e+00 3.777342811029841041e+00 3.852349933459409570e+00 3.928433588796383269e+00 4.006161199638063941e+00 4.086749925538030404e+00 4.625315439711052967e+00 4.682711841063250446e+00
0.000000000000000000e+00 3.547702688602135446e+00 2.892273397433636095e+00 2.827371716628393372e+00 2.785049852392357472e+00 2.971999518819125274e+00 3.121762944673846185e+00 3.246416853738559816e+00 3.479882797547379170e+00 3.565380158659416487e+00 3.650690876028048315e+00 3.736145128481879407e+00 3.821992439404046760e+00 3.908580362469399994e+00 3.996224257081240516e+00 4.085504767576325413e+00 4.177109440267335216e+00 4.408654740337123457e+00 4.577346915073134959e+00 4.775190837090953266e+00 4.841657347044542981e+00
0.000000000000000000e+00 3.499142367066895076e+00 2.926951649546321921e+00 2.806978147675119661e+00 2.764761344382926200e+00 3.018743653777546054e+00 3.089779151012955971e+00 3.338665924740904956e+00 3.456261016831990496e+00 3.540093291870279657e+00 3.623758179095701415e+00 3.707564130366349353e+00 3.791717510151461301e+00 3.876559276744797611e+00 3.962405805967244010e+00 4.049750151007632581e+00 4.139187063660695998e+00 4.231967309786944575e+00 4.665427126714373429e+00 4.786652078774617181e+00 4.838885556948911315e+00
0.000000000000000000e+00 3.555716686072048383e+00 2.997452165659189927e+00 2.711100915517924204e+00 2.829935052990534050e+00 2.981091363352450063e+00 3.154176129195054301e+00 3.353706530145715181e+00 3.503589461752481427e+00 3.590887432584541461e+00 3.678052436536246361e+00 3.765369553906399158e+00 3.853140309352122372e+00 3.941717897473842491e+00 4.031459046525770695e+00 4.123019727601170636e+00 4.217192317796551571e+00 4.479947067702338082e+00 4.716142878624252965e+00 4.852888161725964267e+00 4.906737434260085351e+00
0.000000000000000000e+00 3.617617798679569230e+00 2.978685083714904813e+00 2.882694907925352101e+00 2.833081897314946751e+00 2.936159503369592194e+00 3.194156083131383550e+00 3.208929194279734443e+00 3.520130313843774506e+00 3.609857688302672951e+00 3.699694432645007414e+00 3.790019156824101287e+00 3.881099737332713850e+00 3.973255877678521841e+00 4.067030171849258302e+00 4.162884810929960544e+00 4.261812782688791934e+00 4.666131433943361273e+00 4.805448005052585181e+00 4.865513106047627545e+00 4.913736623716968843e+00
2.267396403440187669e+00 2.451316140474833816e+00 2.694347542471425605e+00 2.843029247663385384e+00 2.940352842341081185e+00 3.209154968045009770e+00 3.212716771079961564e+00 3.465964231249133665e+00 3.558222284239167976e+00 3.650326774444904387e+00 3.742618724182861012e+00 3.835353742894322515e+00 3.928920994223796814e+00 4.023733206028779819e+00 4.120228260645638407e+00 4.219208285980659667e+00 4.321852541179586282e+00 4.750593824228028339e+00 4.879389732664421331e+00 4.939897908776551994e+00 4.988792302225136588e+00
0.000000000000000000e+00 0.000000000000000000e+00 3.639748857328844345e+00 2.664964829477316055e+00 2.754194983233838379e+00 2.620364368561144186e+00 3.112047868954493257e+00 3.113088114229579428e+00 3.456497509910977151e+00 3.540830637210658605e+00 3.625057512931695758e+00 3.709510344634507906e+00 3.794411866160744662e+00 3.880058541234130409e+00 3.966817916098321462e+00 4.055094298125033525e+00 4.145542522392724472e+00 4.239290579045394303e+00 4.339440694310511049e+00 4.762909184930155249e+00 4.814735842957072798e+00
