2.145581141033892969e+00 2.792906018712470129e+00 2.605615453412299942e+00 2.803299483492070365e+00 2.650318386932535741e+00 3.169899734693173876e+00 3.261261761358905442e+00 3.353547774082664912e+00 3.447491260609654606e+00 3.544719063638132717e+00 3.644390046001828587e+00 3.744669047536492990e+00 3.846893633391036627e+00 3.950843193113056540e+00 4.056516208876206342e+00 4.552666068841829450e+00 4.609563123495012071e+00 4.663411422614801793e+00 4.717142368825841814e+00 4.767728695507970293e+00 4.815232644525767824e+00
1.647187427467598830e+00 2.833924915159371949e+00 2.410407287937329279e+00 2.480791585154942691e+00 2.646645029182743247e+00 2.868336364908352643e+00 3.067441892890506505e+00 3.351955307262569406e+00 3.420593368237347054e+00 3.514066601897596342e+00 3.610358952995903703e+00 3.710728127319204983e+00 3.810922797633069958e+00 3.913330037897511104e+00 4.018206632812121093e+00 4.459966653172408257e+00 4.517917650682821140e+00 4.569149930424307726e+00 4.619345547426412679e+00 4.668502028738748422e+00 4.714593747616703467e+00
2.183436870501063609e+00 2.737937280175227972e+00 2.546869472939511603e+00 2.394079582021870767e+00 3.042589172628018090e+00 3.105332891685988361e+00 3.190611279504484088e+00 3.276288731658011155e+00 3.363629356075205301e+00 3.454112120479430725e+00 3.546370533137703340e+00 3.639110134578412925e+00 3.733603843498597641e+00 3.829550201921737340e+00 3.926728621718253098e+00 4.409470185197747583e+00 4.468858928436380218e+00 4.523119307551552559e+00 4.577315643488597985e+00 4.628574191899303969e+00 4.676888039367195660e+00
1.597757329711749996e+00 2.822214268013986782e+00 2.360531906522936652e+00 2.332089552238805652e+00 2.664628459634384772e+00 3.007981644316662706e+00 3.155857271095152239e+00 3.237538919350838817e+00 3.320788133717067936e+00 3.405024147875334251e+00 3.494719478867431395e+00 3.583340224372225880e+00 3.673871151100081445e+00 3.766194636938837270e+00 3.860109627113409658e+00 4.309505935996885917e+00 4.375364613717809270e+00 4.425604890293403315e+00 4.472948980855778522e+00 4.520640835085651510e+00 4.566115273655590556e+00
2.277322696626111753e+00 2.542031789519767493e+00 2.467569091934574299e+00 2.621752038943646390e+00 2.907121028411790320e+00 3.050090809521829094e+00 3.129512009502335879e+00 3.210048848569434288e+00 3.292607745334304337e+00 3.376911573158376978e+00 3.461527593319958740e+00 3.547776726584673579e+00 3.635540495119458093e+00 3.724266354012206737e+00 3.813115731528920804e+00 3.901357261657870890e+00 4.432869729040837647e+00 4.488392326920686237e+00 4.544077552256891472e+00 4.596376408926573731e+00 4.645633787421263428e+00
2.693106356439713078e+00 2.474005273165524876e+00 2.242262442804789924e+00 2.838961632472181584e+00 2.951168456813423990e+00 3.028936913583724966e+00 3.106211733197120406e+00 3.184536996012405474e+00 3.265181356509173405e+00 3.346370234036768032e+00 3.428443486657057893e+00 3.512154810274774164e+00 3.597401406513412336e+00 3.684034921870655399e+00 3.771049311612089117e+00 3.857705767270121822e+00 4.375559763993244644e+00 4.428606027056015471e+00 4.482109487591452002e+00 4.533278384504430214e+00 4.581478518336171035e+00
3.085402539847272418e+00 2.791327345936175597e+00 2.485866075740787995e+00 2.564577485859204753e+00 2.812662607056970465e+00 3.000991024943120422e+00 3.075159698634348793e+00 3.149407911312673392e+00 3.224698385547742685e+00 3.303555451554736067e+00 3.382085987810685701e+00 3.461980529821500063e+00 3.543733844742766426e+00 3.627257444597129954e+00 3.712029036316017550e+00 3.797319782655223630e+00 3.882391275712175904e+00 3.966624680756303256e+00 4.380051602482941675e+00 4.426737494466578049e+00 4.472087295144000940e+00
2.696795071961846979e+00 2.820331148149931799e+00 2.483906356730351206e+00 2.181976871045166799e+00 2.966069543984052093e+00 2.970170996987397949e+00 3.162990263490840892e+00 3.245587382261138298e+00 3.329564451350207843e+00 3.414776924470709130e+00 3.505299187595364518e+00 3.594784796825527984e+00 3.686187230491028366e+00 3.779445314862153182e+00 3.874440454693261149e+00 4.310135074071757444e+00 4.376094023505875619e+00 4.426798732828862271e+00 4.474734958006333585e+00 4.522871338016103415e+00 4.568580625064893930e+00
2.245823492762652585e+00 2.825637004542211450e+00 2.551870308280109967e+00 2.611224028906955485e+00 3.045843486144953705e+00 3.070652932473550312e+00 3.152298025260414693e+00 3.234775905737253598e+00 3.319226620197493371e+00 3.406823380542171709e+00 3.493938017539568897e+00 3.582673639100748986e+00 3.672750959766052592e+00 3.763721902770517325e+00 3.854864356960439054e+00 3.945646982272277281e+00 4.459048781993675270e+00 4.516711833785004515e+00 4.573222756902494801e+00 4.626209201322957654e+00 4.676174888940845875e+00
2.396253131467160458e+00 2.365990967481541585e+00 2.252236400363173185e+00 2.664292174693430937e+00 2.957142555393616146e+00 3.007876439233901245e+00 3.082786839302729121e+00 3.158515357403560042e+00 3.235978573690805327e+00 3.315787292245202078e+00 3.395350448671309529e+00 3.476543759256297772e+00 3.559364618519862855e+00 3.643588315768487629e+00 3.728689503739047062e+00 3.813935426606013479e+00 3.898716904418777496e+00 3.982750569945340047e+00 4.067086242908448668e+00 4.447515891316395908e+00 4.494661724843723505e+00
2.998124429136190816e+00 1.908275554990140677e+00 2.412237137100206930e+00 2.325499453859976917e+00 2.693736354098732022e+00 2.870465015332483549e+00 3.051486906347092187e+00 3.123785194646526264e+00 3.196771970703360388e+00 3.273048879851250259e+00 3.349756444791826659e+00 3.427292438973211119e+00 3.506528330686248029e+00 3.587394447817208398e+00 3.669648544603539619e+00 3.752684211623591448e+00 4.190049662391900576e+00 4.242120782219254593e+00 4.287897754386450266e+00 4.333679569108431551e+00 4.188869966489040308e+00
1.904197698036560471e+00 2.221839970184340984e+00 2.698289699452039336e+00 2.586707121833905276e+00 2.545789814088537995e+00 3.112442160449851336e+00 3.319754614804721893e+00 3.418278722261365754e+00 3.518211920529801251e+00 3.620590016919295273e+00 3.727840061854531317e+00 3.837140781954475166e+00 3.947395757588349152e+00 4.060487258471016325e+00 4.535926600460465252e+00 4.606425619976761254e+00 4.665939329065370345e+00 4.723891939260334460e+00 4.779592505598950325e+00 4.831651458468504856e+00 4.880594890288294074e+00
2.978953348205007678e+00 3.146999062741583142e+00 2.305757909830454810e+00 2.534800701294860570e+00 2.420997166009199120e+00 2.853922002311676920e+00 2.976705548440691018e+00 3.204659295950285536e+00 3.284209937879518204e+00 3.365846475327643805e+00 3.451536969412478673e+00 3.537834013152417967e+00 3.625133328220965012e+00 3.714097061736546301e+00 3.804595951909906848e+00 3.896609949344070234e+00 4.304061089899340331e+00 4.355252502568918160e+00 4.402740706089540268e+00 4.450471124091651909e+00 4.496127199525862927e+00
2.393454988540427486e+00 2.524119362800089306e+00 2.487184093075955893e+00 2.386433825593801128e+00 2.956330771179998429e+00 3.093885357484389420e+00 3.177761198154134714e+00 3.262869242250685531e+00 3.349359086183195444e+00 3.439617514532383957e+00 3.529338491242396181e+00 3.620741277146855452e+00 3.713713920237677435e+00 3.807809471060648043e+00 3.902692858072069892e+00 3.998176270473117633e+00 4.094748311783853012e+00 4.193967562067282273e+00 4.299613728250542444e+00 4.634144654479557701e+00 4.683389120762566193e+00
3.461549112458806921e+00 2.211947369923223494e+00 2.568914704895923329e+00 2.481635894381576168e+00 2.401978099611445039e+00 2.280769656087581421e+00 3.123525002082350177e+00 3.388107741826190011e+00 3.484891968348981184e+00 3.627180585687008296e+00 3.685341380820926549e+00 3.793626707132017994e+00 3.901143651059810313e+00 4.012202630067999820e+00 4.128279401949923155e+00 4.500699339435819901e+00 4.387736624367956750e+00 4.537236273141623144e+00 4.661876816760818443e+00 4.710958782524390820e+00 5.001712915381980373e+00
2.984349515910746486e+00 1.563799464043274634e+00 2.336630578705506167e+00 2.173204389872867459e+00 2.674229575571616113e+00 2.775850104094378601e+00 3.052714834806499411e+00 3.125260438369863891e+00 3.212155915254947036e+00 3.273459210608793857e+00 3.351580828957658298e+00 3.429283279794522077e+00 3.508578819191238374e+00 3.589499333871758235e+00 3.671809509293834317e+00 3.755241691527757553e+00 4.157182384450774926e+00 4.211369316377393091e+00 4.257364554006729307e+00 4.302896126699470081e+00 4.347766076382658440e+00
2.197490607499822612e+00 2.870404727066516060e+00 2.647327244480670583e+00 2.406313033016030278e+00 2.769833740729712446e+00 2.958193163134033465e+00 3.280748289822699615e+00 3.375074044991803301e+00 3.471378484396153485e+00 3.570300591845982474e+00 3.673514652471651321e+00 3.776305400116722222e+00 3.881072839420611320e+00 3.987659244023757932e+00 4.504067519436783407e+00 4.575283906609577400e+00 4.634689614144795300e+00 4.692762104565781023e+00 4.748697549259133233e+00 4.801097393689986781e+00 4.850323127160442560e+00
2.037532758608576078e+00 2.834165869557515371e+00 2.620111423685806962e+00 2.544085364967217711e+00 2.897810772956525671e+00 3.156454950373513757e+00 3.247303326368103260e+00 3.338131897936616799e+00 3.430578807256360108e+00 3.526117468109378539e+00 3.624602687782300325e+00 3.723316233658778618e+00 3.823985427139172444e+00 3.926241760058411412e+00 4.030082172692435627e+00 4.528426166069737135e+00 4.585429285152105905e+00 4.638978333242373076e+00 4.692535418291226890e+00 4.743083003952568433e+00 4.790583082398028658e+00
3.232561734901827855e+00 1.990629821056597581e+00 2.628139561313785233e+00 2.495775009448291115e+00 2.690932266402294104e+00 3.167084354603288077e+00 3.239882261299951161e+00 3.330498866213151832e+00 3.422767691867084849e+00 3.517023081325985956e+00 3.616762302208311297e+00 3.715272522119631660e+00 3.815522934761494955e+00 3.917471924784539539e+00 4.402377283733216018e+00 4.483098717833766678e+00 4.543851558473265939e+00 4.602470221330732691e+00 4.659034072612416644e+00 4.712020432413236648e+00 4.761937625518464223e+00
2.294630564479118728e+00 2.388143569572241276e+00 2.564027427767684220e+00 2.512488546008099011e+00 3.000593140504518086e+00 3.083780715156781760e+00 3.166757309357767891e+00 3.250952805848947413e+00 3.337342779867479514e+00 3.424657534246575263e+00 3.513025748412249794e+00 3.603104212860310351e+00 3.694641375800796546e+00 3.787070253595995251e+00 3.879540274477474515e+00 3.971242725094146220e+00 4.514487400476073553e+00 4.571163463440925057e+00 4.627199646399071220e+00 4.679650402587570923e+00 4.729104554333298793e+00
2.080105583290296600e+00 2.155981806295466985e+00 2.797985450475657387e+00 2.433072612905303078e+00 2.587619677410080143e+00 2.755769893213916966e+00 3.256178078300690171e+00 3.465507800858059539e+00 3.569778673722228568e+00 3.676776646224713563e+00 3.786809509711445365e+00 3.904044171471197089e+00 4.020908725371933556e+00 4.142158893215143856e+00 4.573265796822273188e+00 4.642879416798908032e+00 4.556924144216446315e+00 4.720714216292017262e+00 4.894396595675256201e+00 4.866046645511928226e+00 4.914340318067026203e+00
2.676998943289890409e+00 2.381227270103330351e+00 2.376841178074339034e+00 2.678865809429606948e+00 2.861969314104622519e+00 3.006446380378392735e+00 3.081059884600302556e+00 3.156853529011483417e+00 3.234709117062057881e+00 3.313910137803429468e+00 3.393398800537403392e+00 3.474514436607484491e+00 3.557229545930110870e+00 3.641285305009171136e+00 3.725962367780085494e+00 3.810526753361923813e+00 3.893999763578584794e+00 4.365601829395052924e+00 4.417509904885489114e+00 4.140043884465175239e+00 4.515784720226609927e+00
2.699952231614363374e+00 2.408020898702587509e+00 2.367127560326941715e+00 2.663041193042454680e+00 2.828094288663583811e+00 2.970675192032932177e+00 3.041383553027213527e+00 3.112700509791171744e+00 3.185507326666850769e+00 3.260718745663937934e+00 3.335626576604749260e+00 3.412113699984680615e+00 3.490474495102863894e+00 3.570643814546253569e+00 3.652200278394134081e+00 3.734129947722180987e+00 3.815073006624353891e+00 3.893756083993880956e+00 4.350317987529088271e+00 4.045168765812153566e+00 4.443046973259692223e+00
2.210638161319536721e+00 2.447723617036155819e+00 2.480927867022265865e+00 2.771753064519481669e+00 2.980922098569157352e+00 3.071360263578553074e+00 3.152872266634903831e+00 3.235577585019964175e+00 3.320443555918344281e+00 3.407249793131262194e+00 3.494328704512575712e+00 3.583043933631001376e+00 3.673183679975604576e+00 3.764194148769317128e+00 3.855368600776581278e+00 3.945947442749147882e+00 4.473575403469054024e+00 4.530508858517699800e+00 4.586716321864260593e+00 4.639389783790790922e+00 4.689073080583100683e+00
3.165224730955897403e+00 2.062324880171813035e+00 2.471873609571094477e+00 2.411535651717509499e+00 2.746537916678712943e+00 3.007077121038350676e+00 3.216446305877199929e+00 3.304829181641673497e+00 3.394673191982913618e+00 3.486458594817727796e+00 3.583587170757928764e+00 3.679456828863603146e+00 3.777031527912263265e+00 3.876183620355501791e+00 3.976988322739458237e+00 4.438310945290882437e+00 4.498954858179099681e+00 4.556532064868447307e+00 4.612702568868328079e+00 4.665363109327295810e+00 4.714982711730057119e+00
0.000000000000000000e+00 2.176905143113957219e+00 2.560447317066419259e+00 2.750313817858704546e+00 1.975113569030219285e+00 2.447347075769865210e+00 3.199176559772440864e+00 3.428803347631675713e+00 3.529485041211927854e+00 3.632426390974818009e+00 3.738214241211735178e+00 3.851020520437915984e+00 3.962929230426953886e+00 4.078331146894690562e+00 4.198644044464328928e+00 4.599563384729449922e+00 4.657853277621754273e+00 4.713319285793501123e+00 4.767761639557219766e+00 4.818679957044909479e+00 4.866446876906310059e+00
2.818588591762674955e+00 2.995117262323514495e+00 3.147925106755720570e+00 1.909321896984740308e+00 2.172055778392388614e+00 2.611342848700169750e+00 2.823183986900426046e+00 3.166016256805214368e+00 3.242610724582513537e+00 3.390323049353416884e+00 3.399496319524902610e+00 3.483665094372487392e+00 3.566957385350296050e+00 3.651973788474921712e+00 3.738546453139019565e+00 3.826539486408826907e+00 4.227234297870019475e+00 4.279580877176028864e+00 4.324843825084093929e+00 4.369256816723329884e+00 4.413640908934174156e+00
2.031222796123266505e+00 2.874147394690537816e+00 2.760729682091358939e+00 2.403693203910949983e+00 2.812148481439819658e+00 3.040093889411282113e+00 3.295586018301020381e+00 3.391171649805007071e+00 3.488623598445469209e+00 3.588731383455947999e+00 3.693379790940766849e+00 3.797634418996457928e+00 3.903949152774543130e+00 4.012202630067999820e+00 4.539849033079914165e+00 4.608865531188948594e+00 4.666771897797695523e+00 4.723018898920550157e+00 4.778026538524544620e+00 4.829418055124357068e+00 4.877646638545773961e+00
3.025143870214292097e+00 2.179859504539030102e+00 2.484883624616913700e+00 2.491777135453005165e+00 2.565345038907733244e+00 3.006636075337709713e+00 3.107648959973480896e+00 3.184779523252352362e+00 3.263027812105139258e+00 3.343945716614533659e+00 3.427436277664306807e+00 3.510921720213958874e+00 3.596226728263575367e+00 3.683113273106323415e+00 3.771023455765894816e+00 3.859194530970035952e+00 3.947204409789066393e+00 4.034838745582546515e+00 4.449098886356324556e+00 4.497927493408806043e+00 4.544098098261034835e+00
0.000000000000000000e+00 2.831517622657803823e+00 2.494263194652299731e+00 2.350862695370937505e+00 2.800924305020656480e+00 2.851003761934232106e+00 3.189438797442902374e+00 3.274074899687918538e+00 3.414064580445603347e+00 3.449370145011520616e+00 3.543127354987292144e+00 3.635931392771489357e+00 3.730647267300876369e+00 3.827444867396433192e+00 3.926647469723481443e+00 4.328706884705235680e+00 4.392346336508633264e+00 4.445339686464635953e+00 4.497046258253101669e+00 4.547208289698506434e+00 4.594390728930946466e+00
2.054638713796165028e+00 2.184805406665112582e+00 2.675208560667394320e+00 2.546347052956945856e+00 2.985945225265262515e+00 2.956247536460386627e+00 3.304762373522525110e+00 3.401218885788457769e+00 3.499094352050057477e+00 3.599587431902036005e+00 3.705101375690418308e+00 3.810869986973753232e+00 3.918118203439694636e+00 4.027276264325840849e+00 4.564883595468315569e+00 4.632414455898723027e+00 4.689913926285588452e+00 4.745823331567978087e+00 4.800537660217944591e+00 4.851648877287450645e+00 4.899592850734938665e+00
3.104691612393363886e+00 2.094255961407917255e+00 2.503182617899901263e+00 2.424121434224316474e+00 2.654483982284812082e+00 2.914784201869625946e+00 3.133922975137544586e+00 3.226213687562244470e+00 3.307356801785972689e+00 3.390229221008351335e+00 3.477970534633630706e+00 3.565306822077477289e+00 3.654416327656347274e+00 3.745370306149343520e+00 3.837614100490666758e+00 4.349332989011137407e+00 4.410068525680168605e+00 4.458008984602722435e+00 4.503069014728499297e+00 4.548663914838149580e+00 4.593130869952697815e+00
2.995346763632310338e+00 3.163889474794347123e+00 2.098268928134289446e+00 2.462915529034255702e+00 2.410749104832133671e+00 2.874328739081055684e+00 2.901013282496529122e+00 3.206558108409546914e+00 3.286644336132808153e+00 3.368255594462026270e+00 3.454231433506044890e+00 3.540314463225851416e+00 3.627738244732803707e+00 3.716883599595272702e+00 3.807440430863803904e+00 4.246787061919548023e+00 4.324012683770539489e+00 4.374574694126960317e+00 4.421678469146888446e+00 4.469135462933678582e+00 4.514672686230247756e+00
2.263227503872240920e+00 2.869119180411613623e+00 2.661847322041496433e+00 2.511733383089575167e+00 2.637771499573097422e+00 3.127606338615512627e+00 3.271955167252601715e+00 3.365662005110311217e+00 3.461237600116297664e+00 3.560159718537960316e+00 3.661409435383032207e+00 3.763092425731189739e+00 3.866432337434094091e+00 3.971161153827719836e+00 4.077345164545064904e+00 4.185708208105177519e+00 4.298123383870945169e+00 4.419431688706279893e+00 4.763745823092430776e+00 4.816789953552381931e+00 4.866747093660889867e+00
1.779118838021904292e+00 2.828834796047910771e+00 2.537766906109673926e+00 2.448280083241522131e+00 2.870022960183681082e+00 3.147821707378493539e+00 3.235517542132065660e+00 3.325481502009144830e+00 3.417134488650231283e+00 3.510462555066079293e+00 3.609281405953926658e+00 3.707212588046298940e+00 3.807045110023603129e+00 3.908767983761468834e+00 4.012507955834739626e+00 4.466340967340740598e+00 4.525507405375754466e+00 4.580601494506695737e+00 4.635266769980074919e+00 4.686672191053211201e+00 4.735075932775647090e+00
2.972483297474804331e+00 0.000000000000000000e+00 2.066642326212602576e+00 2.339911083378831247e+00 2.424796663479790393e+00 2.764741254777818291e+00 2.947989050326384142e+00 3.094668729779152638e+00 3.301396903564820740e+00 3.277865342502057633e+00 3.408664825987660851e+00 3.491327542384716764e+00 3.575136302071516337e+00 3.660676050890304012e+00 3.747839786789558314e+00 3.836509872162010559e+00 4.227666668939606076e+00 4.280230856322314814e+00 4.325853497761542599e+00 4.370718914969028646e+00 4.415315626077958022e+00
2.233928326931807540e+00 2.834667989511728159e+00 2.557944549446489635e+00 2.411998596655361649e+00 2.899165605996322448e+00 3.100600388984412703e+00 3.185816192257080903e+00 3.271476897804630468e+00 3.358921786106659813e+00 3.450465122698540110e+00 3.541765049029139245e+00 3.634254244040172388e+00 3.728200383866557832e+00 3.823320866990142619e+00 3.919492253845572094e+00 4.016898677193711187e+00 4.116440376791508982e+00 4.518629075324176902e+00 4.575658860729236999e+00 4.629149825543233732e+00 4.679585994274388483e+00
2.126317950522780720e+00 2.826655360045226217e+00 2.502276376425776050e+00 2.356718858169712938e+00 3.016718231501553937e+00 3.105239385727190271e+00 3.170795593972731030e+00 3.254419432346158825e+00 3.339362738277444898e+00 3.427268467031775678e+00 3.517678056586334367e+00 3.608179465295558774e+00 3.700445449848491108e+00 3.794097763551827374e+00 3.888834877293370518e+00 3.984583782744004044e+00 4.440096849612532814e+00 4.492890864224837522e+00 4.545642381916607633e+00 4.596281813816285755e+00 4.643888847154593158e+00
1.896647311137696690e+00 2.824619382538203105e+00 2.516584994162920808e+00 2.446286537036777453e+00 2.594015536049805171e+00 3.147558931198466858e+00 3.208056406000460381e+00 3.294960769373339371e+00 3.383533928559098403e+00 3.473886792977190385e+00 3.569173324547675108e+00 3.663700478394735338e+00 3.760079100923307660e+00 3.858105880454835823e+00 3.957612604313797799e+00 4.439080555439954168e+00 4.497273960091883183e+00 4.549747351150879027e+00 4.602122471408455873e+00 4.652372025560678637e+00 4.699637851436153646e+00
3.072947585291755157e+00 0.000000000000000000e+00 2.411064594612366552e+00 2.398344457083338988e+00 2.448802535560111071e+00 2.740707945944806045e+00 3.021105584127251831e+00 3.228342035820559897e+00 3.310618809832537757e+00 3.394529150519080662e+00 3.481215361907148420e+00 3.570276078463682889e+00 3.659892412973973386e+00 3.751328595544254796e+00 3.844384795458133386e+00 4.276953429495802261e+00 4.348426283821093641e+00 4.398927761358168986e+00 4.446111736345573995e+00 4.493525238633423236e+00 4.538952464788732044e+00
2.238983501490323214e+00 2.768352759124916407e+00 2.591635321888111410e+00 2.478784520719722551e+00 2.714648661817422148e+00 3.179518372086593381e+00 3.272410791993037638e+00 3.366309425666392130e+00 3.462124359506993265e+00 3.561974870616500866e+00 3.662725205769137737e+00 3.764614022490082590e+00 3.868284899182825143e+00 3.973664197970691259e+00 4.080898627711376569e+00 4.190999656475437263e+00 4.627838868320716337e+00 4.687133817670494196e+00 4.743735175827575645e+00 4.796721783284109364e+00 4.846614878425055117e+00
2.863668429103252144e+00 3.037834852250758999e+00 2.402164774373141132e+00 2.404730245848304193e+00 2.675830211531419867e+00 2.767272391845770674e+00 3.041383553027213527e+00 3.112614388578780478e+00 3.184272462965526795e+00 3.259022986513192333e+00 3.335255737682135901e+00 3.411757333537574599e+00 3.489962866795097263e+00 3.569928601427971415e+00 3.651193871505531874e+00 3.733071557451280054e+00 3.814781933192763486e+00 3.895543776173184813e+00 4.304240370997749920e+00 4.350588365283686088e+00 4.395906312246720127e+00
0.000000000000000000e+00 1.942306308898640310e+00 2.932244214053827847e+00 2.635534123043827837e+00 2.418982414730869390e+00 2.982734821001227221e+00 3.180886407012087247e+00 3.396009342491006944e+00 3.493742706812098753e+00 3.593716524876120921e+00 3.696006917809174563e+00 3.805464647233426589e+00 3.913625596484602731e+00 4.024787137335452236e+00 4.140101018464850569e+00 4.546550477043363792e+00 4.605570678324947487e+00 4.661493323096329355e+00 4.716392237373245422e+00 4.767761639557219766e+00 5.037714783650573125e+00
2.446430370274431887e+00 2.537105163009006681e+00 2.462776886487095140e+00 2.665413454726549336e+00 2.766653525062422680e+00 3.024505528514756403e+00 3.101309441764300345e+00 3.178156392930674645e+00 3.256606754340987564e+00 3.338665924740904956e+00 3.419996510207643059e+00 3.503011903371820779e+00 3.587716211647658415e+00 3.673871151100081445e+00 3.760812335464459810e+00 3.847765890929579324e+00 3.934076124373005801e+00 4.019487584634468647e+00 4.105062225901574102e+00 4.193189160949723160e+00 4.546456519343105462e+00
1.611931093449952890e+00 2.828503032017274155e+00 2.530951426823866868e+00 2.426820650816197134e+00 2.635960044395116331e+00 3.128977890926674998e+00 3.221153172835875544e+00 3.346276918357814711e+00 3.398011123285391122e+00 3.489159182420219718e+00 3.584130572633784428e+00 3.681194651849279520e+00 3.778951924860693978e+00 3.878680417512242240e+00 3.980363539869975043e+00 4.447668053426757417e+00 4.505066467057567081e+00 4.554662751016300248e+00 4.602659925258298479e+00 4.650622020695267977e+00 4.695840728131537745e+00
2.195731780738474193e+00 2.821431594390993780e+00 2.592416131834870185e+00 2.472083118497538479e+00 3.033562229392460008e+00 3.108991344285462421e+00 3.178244227341191497e+00 3.262041186815680227e+00 3.347327019902648804e+00 3.435599683924829062e+00 3.525971197654883316e+00 3.616913242771389925e+00 3.709682959502627053e+00 3.803911804575759614e+00 3.898879768295144821e+00 3.994105251559766590e+00 4.089582654624347668e+00 4.186024169142825713e+00 4.286208088489457779e+00 4.650844675466794698e+00 4.697560032053938350e+00
1.444846593412944191e+00 2.400449912897960392e+00 2.672198586547589461e+00 2.357833365485606514e+00 2.546547245727257103e+00 3.163600317766075420e+00 3.116753589461217278e+00 3.326726085690919099e+00 3.417658833950604436e+00 3.510607541611024285e+00 3.608179465295558774e+00 3.706550985668002784e+00 3.806096674855540929e+00 3.907508586235971748e+00 4.010704431828397531e+00 4.493574188909858158e+00 4.550217858915670099e+00 4.601679956593108578e+00 4.652881365210132181e+00 4.702335262673829952e+00 4.748756843297807784e+00
2.014475444983236940e+00 2.559253835326233961e+00 2.590274569104324964e+00 2.522086269762347399e+00 2.618486514794448716e+00 3.180796471436447170e+00 3.246147789511489190e+00 3.336461265769992579e+00 3.428347536487413638e+00 3.522683317676962744e+00 3.621598657222651951e+00 3.720084321911296676e+00 3.820532234872429100e+00 3.922639936677383421e+00 4.451018256022569730e+00 4.529544986617254132e+00 4.585743129940795804e+00 4.637833647137003190e+00 4.690075661955899200e+00 4.739914139841008733e+00 4.786652078774617181e+00
2.814522938361947446e+00 2.256285871419908773e+00 2.614859468971511891e+00 2.496324855074473881e+00 2.613474225493381375e+00 2.766594104242353414e+00 3.272296873912135418e+00 3.440407231876426053e+00 3.542330853701735283e+00 3.646897728602000122e+00 3.753830613512424641e+00 3.868712478670268240e+00 3.983078782551367603e+00 4.102036417740263730e+00 4.227810812285199837e+00 4.363685950976715411e+00 4.512478739282862250e+00 4.673507398574580307e+00 4.840139068784511167e+00 4.993688532549138692e+00 4.840371463935774443e+00
0.000000000000000000e+00 0.000000000000000000e+00 3.534601711562905368e+00 2.566607016818405640e+00 2.213318069070787875e+00 2.620916329017085378e+00 3.117271763752363700e+00 3.107454359264097743e+00 3.432085884517174446e+00 3.525751814725198052e+00 3.549974593319086935e+00 3.723752715236354760e+00 3.826992598869670026e+00 3.931603887459563129e+00 4.039878392813124108e+00 4.153686396677050752e+00 4.276304445287443023e+00 4.411359250068927373e+00 4.561350159647255431e+00 4.640782927378571898e+00 4.873026767330130404e+00
