2.259535947804719225e+00 2.531894841967563092e+00 2.617171474245617802e+00 2.396678485581159368e+00 2.615247600333620692e+00 3.185344583498499027e+00 3.292561612934863380e+00 3.355704697986577223e+00 3.521685989904500325e+00 3.630093474906978201e+00 3.767923804207514493e+00 3.883656740224973980e+00 3.997270828882348859e+00 4.112884983171445796e+00 4.450561113051099582e+00 4.516279133421834402e+00 4.576440212565402454e+00 4.631998119547031223e+00 4.683614924201202179e+00 4.731861198738169350e+00 4.777080930575364981e+00
0.000000000000000000e+00 1.882366569169731552e+00 2.398149193093330300e+00 2.621901154326481631e+00 2.423873072155238173e+00 2.647124386981720701e+00 2.526227149924563875e+00 3.101103005955526903e+00 3.457025713357255725e+00 3.607553662360726943e+00 3.748790163174612111e+00 3.854041926470385349e+00 4.209015573357620887e+00 4.290851631885795214e+00 4.361277309091899923e+00 4.425351134591948288e+00 4.483939344529594528e+00 4.537953795379537247e+00 4.588161174569260758e+00 4.635010238530078652e+00 4.678974203714279412e+00
2.159285624730089115e+00 2.447346069130328150e+00 2.457416482945529612e+00 2.469519078798825706e+00 2.629446963344087340e+00 3.118870553010402613e+00 3.217943802377170481e+00 3.310344827586206407e+00 3.445051429696342815e+00 3.535430559984471532e+00 3.659917686379581259e+00 3.766110584165597075e+00 3.865561300209154449e+00 3.970236913619966224e+00 4.312882511603707947e+00 4.379482126238571915e+00 4.440497335701598658e+00 4.496838376710527996e+00 4.549276940680186065e+00 4.598395365915595612e+00 4.644618389956695736e+00
3.053053747623474923e+00 2.778298708785674975e+00 2.490625562120352132e+00 2.426179908376028926e+00 2.329126789192851987e+00 2.743504032228952561e+00 2.934007402726369840e+00 3.338340844600233392e+00 3.379030700907510898e+00 3.488964405585134099e+00 3.608379768092207840e+00 3.717984026438997169e+00 3.825075806047792515e+00 4.153785392294387258e+00 4.221650256703571635e+00 4.284927258258687921e+00 4.342790966994789059e+00 4.396178072688056382e+00 4.445721164368571010e+00 4.492057226086601851e+00 4.535552547125077716e+00
2.595471253402171552e+00 2.452233985160481300e+00 2.530346587195040797e+00 2.574536404659910627e+00 2.617634366001881929e+00 3.059379780280906402e+00 3.152209698998997833e+00 3.244758334541488320e+00 3.344877807432597550e+00 3.470848344752424985e+00 3.579221244054707096e+00 3.674890099984744918e+00 3.750963789306974938e+00 3.819948465422520645e+00 3.893837307133370729e+00 4.344857550741729746e+00 4.407015417668000090e+00 4.464469689685014231e+00 4.517948577530734866e+00 4.568137930079803510e+00 4.615405811278122883e+00
2.378503921033669588e+00 2.445673675200149333e+00 2.448888204755040654e+00 2.468004089835348580e+00 2.541565180557026515e+00 3.037079985642894719e+00 3.131676560444837332e+00 3.223365193261764627e+00 3.311007028992005274e+00 3.442364491321799225e+00 3.547184509236589900e+00 3.644615596204098029e+00 3.722520560032537063e+00 3.790489317711922990e+00 3.864494268816981659e+00 4.287512274732722339e+00 4.348546343079598309e+00 4.404892183381167392e+00 4.457305867186000192e+00 4.506442163911591692e+00 4.552697473252902860e+00
2.937350509840123802e+00 2.480654341489632486e+00 2.384709801858670541e+00 2.383055076608211920e+00 2.517098289092333907e+00 3.007392590623928719e+00 3.081728849884785237e+00 3.178459930215145945e+00 3.270884948361774125e+00 3.381619174470845479e+00 3.503363228699551524e+00 3.605627552541620595e+00 3.693791642273702713e+00 3.769054665252107750e+00 3.848003848003848315e+00 3.923782250736569388e+00 3.982969372338963865e+00 4.305705059203444485e+00 4.355129720649535408e+00 4.401378181543094570e+00 4.444869936267403787e+00
0.000000000000000000e+00 2.804242819385730279e+00 2.496077592354871033e+00 2.447090409503100528e+00 2.697407649280217701e+00 2.798063739891994306e+00 3.187582288129719998e+00 3.216063538229207097e+00 3.361252306573649040e+00 3.516780559788717397e+00 3.614725836948058824e+00 3.727351164797238603e+00 3.838297989006018263e+00 4.154181421955870590e+00 4.222771636596445610e+00 4.286326618088298623e+00 4.344468044023941822e+00 4.398051113600285333e+00 4.447820225949267403e+00 4.494382022471910432e+00 4.538078605022140444e+00
2.678923918560712991e+00 2.717940498010328110e+00 2.429138558063351994e+00 2.487915837361387439e+00 2.359806066846870110e+00 3.081815189146407175e+00 3.176927220741190272e+00 3.273527609071153588e+00 3.382109331860850165e+00 3.499097232913908062e+00 3.606527815345775156e+00 3.701850239591973235e+00 3.780562410211642632e+00 3.857386895905658530e+00 3.935322627414699959e+00 4.371357202331389580e+00 4.434251823932488179e+00 4.492425080172508522e+00 4.546581797139786829e+00 4.597417212181095891e+00 4.645348162013348770e+00
2.178082865513922162e+00 2.370461263874169777e+00 2.415802188432570663e+00 2.544799066907008633e+00 2.901414093964367780e+00 3.015554651668372887e+00 3.112576222747272414e+00 3.194555366505781535e+00 3.282810644688133550e+00 3.400770378595967092e+00 3.509761955556778723e+00 3.607828988905926071e+00 3.690011209279333571e+00 3.762069974501525138e+00 3.840904258602596766e+00 3.909357767962470032e+00 4.268120581290486548e+00 4.323389537397319238e+00 4.374722307666017329e+00 4.422821760283060399e+00 4.468121670390101663e+00
2.849280035581252868e+00 2.990805013423845526e+00 2.248786006929071490e+00 2.442002442002442208e+00 2.636398956541043948e+00 2.572946510528219211e+00 2.969352044964473247e+00 3.171403804275052085e+00 3.219486800104119251e+00 3.329791002479631334e+00 3.458101640523417508e+00 3.557204734569752613e+00 3.647500086025944555e+00 3.728071689437820968e+00 3.813363113883366129e+00 4.105518791446604254e+00 4.163024020648598444e+00 4.216055568994712566e+00 4.265272427077600348e+00 4.311318236876141796e+00 4.354648068402535266e+00
1.639496175696963931e+00 2.314346052593514003e+00 2.610033518325181934e+00 2.605413627017434841e+00 2.604336219805976960e+00 3.033787931168290264e+00 3.356463246727448446e+00 3.338376412594912690e+00 3.531929333711918417e+00 3.741751139533301629e+00 3.834145807087692148e+00 3.982832618025750726e+00 4.349037435698801524e+00 4.431549865322429227e+00 4.505597338231726035e+00 4.572948928474920294e+00 4.634721674587197526e+00 4.691823118268441561e+00 4.744942166719387622e+00 4.794684749477720942e+00 4.841342296732785933e+00
2.813552884243400332e+00 2.966017909098612293e+00 3.095321843123461036e+00 2.172785511025133953e+00 1.972275442353206065e+00 2.514512328294729482e+00 2.369866451055287371e+00 2.922369345737168000e+00 3.326610807326860542e+00 3.458962864574686158e+00 3.461165720614702845e+00 3.665866631621903959e+00 3.769212513785545227e+00 4.084244346725116159e+00 4.152823920265779734e+00 4.216463562151363753e+00 4.274594430617126406e+00 4.328171587958064670e+00 4.377949035113929632e+00 4.424534041258779027e+00 4.468305962095016071e+00
2.456345680082648641e+00 2.478683323418599649e+00 2.466386673055782630e+00 2.781819738080971938e+00 2.627285046599739715e+00 3.106511939360887098e+00 3.205083541199258423e+00 3.310048064656272437e+00 3.408766791654782136e+00 3.533250659886519873e+00 3.641335339502992152e+00 3.741762924672769053e+00 3.831310865597615134e+00 3.925160277377993445e+00 4.008680867533831460e+00 4.381430947963661282e+00 4.443532950505878709e+00 4.500917494720076739e+00 4.554393955077114420e+00 4.604494536457975684e+00 4.651735507791657120e+00
0.000000000000000000e+00 1.892041512792302926e+00 2.698959480095173724e+00 2.664477474363405651e+00 2.193230699569844067e+00 2.759459994905612223e+00 2.701130319148935754e+00 2.985468406107018691e+00 3.377609892950445669e+00 3.508651233187712659e+00 3.840614498319730785e+00 3.944882380217452411e+00 4.116525103942259456e+00 4.269207993059094264e+00 4.402316719173464676e+00 4.466340967340740598e+00 4.524918377433882810e+00 4.578913409972317439e+00 4.629093854877907255e+00 4.675885495815769843e+00 4.719723656759806651e+00
2.834286362122597325e+00 2.974019812636751858e+00 2.047921359819782960e+00 2.168499398416296131e+00 2.478139271427053814e+00 2.569212501649156710e+00 2.780886963897134745e+00 3.122831367106176259e+00 3.249649107037909879e+00 3.355165206936804090e+00 3.452990980787558506e+00 3.550147574761931324e+00 3.643863870745961187e+00 3.733174788626260288e+00 4.013535301810935430e+00 4.076162051622174154e+00 4.133569406074968811e+00 4.186455101984791760e+00 4.235522369706450796e+00 4.281442708081567794e+00 4.324665696477112853e+00
1.941175201846273568e+00 2.856227272093962544e+00 2.637487970916348790e+00 2.605138459588669519e+00 2.626867322461789112e+00 2.901299215941577359e+00 3.314200290521386982e+00 3.282764786410750535e+00 3.565810173046670251e+00 3.663155566614137992e+00 3.791874357966728670e+00 3.907267517582702965e+00 4.025653127516033436e+00 4.139615429726577922e+00 4.474818973232446595e+00 4.542496067689970829e+00 4.604621115280468580e+00 4.662004662004662237e+00 4.715433819911432067e+00 4.765456655063815106e+00 4.812518046942675376e+00
2.038521017854631801e+00 2.808002808002807882e+00 2.546761368459775188e+00 2.451667133650882846e+00 2.694765935394713541e+00 2.928176025210200706e+00 3.277431051915903115e+00 3.343479865982182275e+00 3.502308020985829273e+00 3.619657524711123564e+00 3.747215610622661508e+00 3.861243458295123165e+00 3.971269916260980803e+00 4.085193596632138657e+00 4.185306144852759758e+00 4.492580330792145027e+00 4.552728878097235032e+00 4.608263701113436639e+00 4.659864178664674839e+00 4.708097928436910884e+00 4.753375585560760008e+00
3.069945927088784110e+00 2.143745265895871110e+00 2.442360296991011648e+00 2.484630783865517056e+00 2.446691776149945152e+00 2.927714026606493825e+00 3.271180896303565788e+00 3.241044029927938386e+00 3.500511349206893996e+00 3.602604960509907084e+00 3.726682355539299163e+00 3.837700170952098588e+00 3.948763067288307838e+00 4.060480513134622882e+00 4.385874742158535788e+00 4.454373509498093853e+00 4.517175533334701676e+00 4.575283906609577400e+00 4.629405708679099618e+00 4.680133521456347090e+00 5.118091429585297725e+00
2.701108165165656327e+00 2.472886565160560934e+00 2.604716649067229550e+00 2.595343812910782866e+00 2.681555026884307580e+00 3.094298754544750896e+00 3.191518885466100297e+00 3.297805906580876911e+00 3.401053632533507010e+00 3.524168192654527854e+00 3.633920245735286159e+00 3.731211939878207762e+00 3.809286347517730764e+00 3.883791412659773012e+00 3.960891409035001587e+00 4.424778761061946675e+00 4.487090984398728999e+00 4.544672060595627450e+00 4.598332246662778289e+00 4.648587307989417994e+00 4.695970443009565010e+00
0.000000000000000000e+00 1.847115657857345550e+00 2.742268911108298290e+00 2.672085844273649702e+00 2.217437643507557343e+00 2.940635912516081252e+00 3.044624507843368022e+00 3.526166227624400573e+00 3.510607541611024285e+00 3.775760987464472862e+00 3.925430592189081302e+00 4.075514447353333125e+00 4.386453517517963085e+00 4.384792989812207331e+00 4.544652910612781760e+00 4.608009683697961378e+00 4.669143143569284504e+00 4.725638988576280397e+00 4.778128635532656432e+00 5.299635908130467143e+00 4.873227449311569259e+00
2.582356225572305597e+00 2.350912937857534413e+00 2.438565566060741041e+00 2.417141800912826266e+00 2.758796315945842181e+00 3.013568064588472595e+00 3.096017833062718161e+00 3.199866440357272079e+00 3.284439444021272081e+00 3.406160284171086516e+00 3.509906884235012292e+00 3.606928076466874966e+00 3.685392633386876060e+00 3.751980211778438434e+00 3.823932253825670369e+00 3.890482906190730894e+00 4.286771162475540464e+00 4.342581423401688845e+00 4.394487664535797755e+00 4.443107714602102298e+00 4.488981277495009969e+00
2.896032435563278273e+00 2.363388956527966656e+00 2.448699740437827455e+00 2.475335054280561664e+00 2.775811577910090922e+00 2.974462118100309915e+00 3.086246563043600233e+00 3.143489832556774388e+00 3.236290522488776134e+00 3.345810418017189036e+00 3.461213639950712739e+00 3.563219193874057389e+00 3.646571534724992958e+00 3.709326207763482319e+00 3.768397105312741857e+00 3.836977299047034329e+00 3.890185617428031595e+00 4.277014779462181338e+00 4.326774492634180902e+00 4.373299272505136948e+00 4.417144040306439479e+00
2.143010215015358266e+00 2.357328075777382459e+00 2.563810391978122105e+00 2.448494176081709384e+00 2.641215815885842755e+00 3.081879946767528189e+00 3.177827057124895216e+00 3.352949226768851432e+00 3.383393751078888290e+00 3.501929494486177852e+00 3.610684849705243060e+00 3.706754530477759602e+00 3.784646720431587230e+00 3.858981780093166947e+00 3.936029168047729954e+00 4.385123468632663446e+00 4.447698487098253217e+00 4.505519261094840466e+00 4.559396501699410464e+00 4.609943717403568897e+00 4.657566147713340321e+00
2.999441964285713969e+00 3.148636640334735226e+00 2.297596140038484336e+00 2.579313902501934042e+00 2.556714138629186728e+00 2.918419497889484404e+00 2.999965116684689459e+00 3.259927171839778204e+00 3.507196767767458478e+00 3.589003844375271868e+00 3.691553308119327248e+00 3.800573541098020147e+00 3.906731915943578937e+00 4.014813276572179568e+00 4.342191857033332880e+00 4.410337831877922277e+00 4.472856641503979880e+00 4.530602158214119157e+00 4.584425270446877754e+00 4.634881983452778798e+00 5.054610282716647696e+00
0.000000000000000000e+00 0.000000000000000000e+00 2.214412252128692860e+00 2.359603586597451841e+00 2.371575588581940952e+00 2.526900966539619375e+00 2.976973456473878787e+00 3.486416647297684523e+00 3.398199647696853010e+00 3.700212936782211415e+00 3.880185417431733175e+00 4.008625456153930955e+00 4.164220471580901695e+00 4.425666097323163406e+00 4.498302912991916536e+00 4.564343620137610635e+00 4.624812117007746082e+00 4.680681176778314523e+00 4.732607666824420356e+00 4.781108385648360048e+00 4.826582915256079964e+00
2.685322592042965084e+00 2.805580299215138851e+00 2.944701249785995678e+00 3.066116623926858686e+00 2.163384370594721329e+00 1.955770609838250573e+00 2.200594870484343435e+00 3.199577099374691258e+00 3.227024614645198852e+00 3.352587429194052060e+00 3.524046434494195523e+00 3.609346163537431540e+00 3.711620809820673106e+00 4.011703106303215804e+00 4.080362391507312836e+00 4.142244682393388722e+00 4.198990865473969158e+00 4.251256211364095705e+00 4.299783645807027987e+00 4.345127250155182530e+00 4.387769093651446184e+00
1.999900004999749958e+00 2.825417455429039215e+00 2.574163744642956608e+00 2.684165542378028846e+00 2.579871424786289058e+00 2.699247052138087355e+00 3.042876901798063027e+00 2.705377293341211686e+00 3.587419196832032586e+00 3.678614064799134109e+00 3.820240327846079254e+00 3.936192251916303508e+00 4.058385725488037998e+00 4.177624369932061654e+00 4.506534474988733940e+00 4.573097898422622265e+00 4.634112602019643035e+00 4.690496226909652400e+00 4.742919989001923575e+00 4.791894852135816230e+00 4.837830471518124398e+00
2.866311057668779583e+00 3.019344872380016032e+00 2.320332440356909220e+00 2.434731796901629775e+00 2.687848801431632850e+00 2.789759436897787825e+00 3.126821017922369439e+00 3.275832026485450132e+00 3.319938304479841840e+00 3.411116061483626893e+00 3.549480453498325971e+00 3.652779213618663423e+00 3.740326156440841654e+00 3.818330764638091068e+00 3.903037399461938062e+00 3.973337535023600431e+00 4.319180589739547216e+00 4.373329631043698207e+00 4.423677735076998907e+00 4.470733888162871317e+00 4.514981529621015177e+00
0.000000000000000000e+00 1.602540755525123428e+00 2.491120933245076330e+00 2.524260952487799692e+00 2.397844760709197942e+00 2.614739869698796237e+00 2.884743926206843057e+00 3.126259187728390287e+00 3.406065577189092419e+00 3.547974176313445582e+00 3.584896555052291323e+00 3.763695670356017153e+00 3.885030837432272399e+00 4.167150557100208985e+00 4.239261117636020870e+00 4.304572412473693710e+00 4.364400133659754211e+00 4.419634054300303205e+00 4.470979901225735631e+00 4.519031284021115091e+00 4.901360127435363090e+00
1.948881558527800317e+00 1.864414072023749425e+00 2.463695684309073819e+00 2.645907894553607864e+00 2.757352941176470118e+00 2.922618066275984638e+00 3.339153663677659978e+00 3.283498672628196058e+00 3.526117468109378539e+00 3.704669255361479507e+00 3.821195825864632578e+00 3.952158086323453556e+00 4.074754478776744904e+00 4.194054068919995437e+00 4.310197379673656570e+00 4.595462152596779148e+00 4.656162910923494991e+00 4.712245692392796670e+00 4.764370792335577143e+00 4.813047484151321775e+00 5.333223933868023181e+00
2.941216706110890033e+00 3.091602785253054098e+00 2.464164014756822230e+00 2.589928057553956275e+00 2.547788244367322097e+00 2.669382880826103754e+00 3.166473924775593307e+00 3.228681925698202448e+00 3.359297906737491513e+00 3.486106838921357198e+00 3.600833731502447677e+00 3.715323645970937783e+00 3.814702557237877656e+00 3.908982430152655674e+00 4.011508880650693776e+00 4.315482306522542721e+00 4.372206645754101118e+00 4.424472865537504518e+00 4.472948980855778522e+00 4.518196007557708782e+00 4.560625220257468193e+00
2.831076729257054669e+00 2.983334952197260304e+00 3.112786635769376531e+00 2.279088649426310287e+00 2.264188323863836949e+00 2.745048355082562175e+00 3.148967138778480557e+00 3.244348838029410320e+00 3.353913126805295075e+00 3.448038066340252783e+00 3.534744458768245057e+00 3.672496466088305933e+00 3.774006877079197686e+00 4.103919590999199229e+00 4.171649470200517129e+00 4.235052348024106017e+00 4.293004479957899910e+00 4.346438297554449548e+00 4.396027090516945179e+00 4.442439651165970282e+00 4.486042291144145544e+00
2.242347086395462874e+00 2.859414447714560659e+00 2.591363056967965317e+00 2.635137477896050573e+00 2.523110995857892558e+00 3.136718137359738812e+00 3.305079494047413746e+00 3.306172210245001075e+00 3.546341130737229896e+00 3.638410632396956945e+00 3.778251013258226099e+00 3.886999375303671123e+00 3.993830220900126626e+00 4.101077899974709950e+00 4.486967086370664326e+00 4.555399874381397929e+00 4.618237211963301725e+00 4.676367837592494858e+00 4.730466259435223364e+00 4.781192156112753722e+00 5.256726220140770955e+00
3.117358142885841676e+00 2.188662727073757530e+00 2.520506117628419585e+00 2.628046225202252728e+00 2.565453738628799218e+00 2.617991418805905024e+00 2.649228237984355694e+00 3.251267648503378904e+00 3.488307194284757884e+00 3.616058079455922503e+00 3.721161002232696191e+00 3.838718964642656051e+00 4.209741756497494158e+00 4.294937515586465970e+00 4.175045751543026817e+00 4.435225241208017977e+00 4.496340670438980780e+00 4.726610130016029032e+00 4.605317423221797490e+00 4.654505629898353369e+00 4.700774936574102725e+00
2.806854201039220786e+00 2.957975617829549986e+00 3.079513026340101600e+00 2.062436837871839845e+00 2.075431188721104991e+00 2.412312442707579496e+00 2.747717281028069003e+00 2.874852751444437970e+00 3.160445271622712493e+00 3.428532245345767393e+00 3.505443747937974752e+00 3.614575078895052584e+00 3.718598501542529799e+00 4.011592117913142630e+00 4.080955081826607156e+00 4.143159988122941506e+00 4.200060591038035085e+00 4.252500958555543775e+00 4.301222093261419133e+00 4.346716159434788729e+00 4.389544653328852242e+00
3.057636447026448323e+00 2.819323644257742512e+00 2.510814436465633737e+00 2.366880881340371889e+00 2.588227064460844051e+00 3.021272505046898260e+00 3.213636998742489759e+00 3.271294736695574912e+00 3.427244495425677773e+00 3.532198412588477776e+00 3.645442852524641175e+00 3.745214448205071545e+00 3.838982121311835360e+00 3.936817531960742578e+00 4.303224642207692519e+00 4.372419058194815022e+00 4.435911475841609608e+00 4.494599565752533721e+00 4.549308298351909308e+00 4.600605631965281717e+00 4.649064034020208958e+00
3.078666937216184785e+00 2.789439183252206966e+00 2.532158411830244038e+00 2.498958767180341489e+00 2.630117770829071056e+00 2.955997860420596091e+00 3.196397798654732725e+00 3.283957518166573220e+00 3.391171649805007071e+00 3.500469062854421942e+00 3.633467026286736790e+00 3.738698932771395977e+00 3.834382559833796833e+00 3.933258808429594300e+00 4.025820781564516615e+00 4.350408109713149507e+00 4.410756818012173675e+00 4.466433037861608391e+00 4.518226938216668209e+00 4.566715562813095985e+00 4.612327122518330214e+00
3.114876650884624620e+00 2.219657284915209416e+00 2.628811777076760947e+00 2.502763467995911650e+00 2.636548259521858117e+00 2.785049852392357472e+00 3.215434083601286019e+00 3.291731450743090814e+00 3.351417021009194919e+00 3.574841366414366117e+00 3.689214962899026062e+00 3.798972205337900920e+00 3.905214856553089309e+00 4.017455149961903338e+00 4.120171673819742253e+00 4.405983876852750392e+00 4.465849988663610937e+00 4.521074371673413417e+00 4.572473708276176829e+00 4.620498462132601070e+00 5.056786343943472595e+00
2.907922704645060197e+00 3.055704096726923780e+00 1.586977714298669184e+00 2.456026293928557980e+00 2.287969570004718900e+00 2.771113331242844424e+00 2.574862384044204422e+00 3.326818314134818877e+00 3.379869771548394297e+00 3.443501971229188996e+00 3.632649983892966894e+00 3.702229021284324073e+00 3.810632357118607594e+00 4.128052178579537212e+00 4.195756095883344194e+00 4.259002294365751951e+00 4.316812958661376598e+00 4.370113969797656317e+00 4.419573953070924155e+00 4.465849988663610937e+00 4.509316942544364437e+00
2.133061769340333313e+00 2.564047776756906316e+00 2.533819451287321112e+00 2.652205169008284180e+00 2.744216748622328339e+00 3.196953164636137767e+00 3.306377174976235178e+00 3.409336014416620486e+00 3.544141602088317189e+00 3.655121998317264254e+00 3.777783883287084254e+00 3.889510130090222173e+00 4.002640338187998026e+00 4.111363122443245643e+00 4.467783841744222606e+00 4.536176003628940023e+00 4.598963517177471871e+00 4.657023887793117822e+00 4.711119607816360855e+00 4.761806173785221752e+00 5.232466075030809627e+00
2.721278303038760615e+00 2.862588757706297837e+00 2.161788231224869072e+00 2.239970880378554963e+00 2.625528653742442931e+00 2.647528138930828057e+00 3.056680583825991171e+00 3.131197161047907240e+00 3.179320593012406437e+00 3.329587547342572673e+00 3.450965234976222984e+00 3.550814946842210773e+00 3.637024913620658495e+00 3.707772589947816666e+00 3.779419343755368033e+00 3.853988878489236214e+00 3.915023387113391706e+00 4.232114114447465880e+00 4.281578339291296942e+00 4.327844527337551206e+00 4.371417865915430134e+00
0.000000000000000000e+00 0.000000000000000000e+00 1.681901279707495478e+00 2.586318375792059587e+00 2.240441366949288859e+00 2.232765838682668313e+00 2.741326946522482544e+00 3.450869964318004079e+00 3.373958548509260691e+00 3.656307129798903155e+00 3.824248466886105202e+00 3.954105111021726682e+00 4.291696950818537637e+00 4.373795497724259462e+00 4.447059467447523673e+00 4.513638131214932514e+00 4.574660539394064251e+00 4.631048455749651183e+00 4.683485890998753121e+00 4.732542747206770706e+00 4.778591908251035747e+00
2.972692706533010210e+00 2.783328575506708535e+00 2.463088854171064490e+00 2.530969220602089287e+00 2.765859366689124688e+00 3.032268983414193819e+00 3.119778703697284161e+00 3.202517457201138562e+00 3.300261958292939557e+00 3.430123484445439797e+00 3.539405379896177095e+00 3.639385012600512503e+00 3.721776527996030648e+00 3.794359512114354960e+00 3.873663240319300982e+00 3.941172810056213560e+00 4.318085237631769324e+00 4.373329631043698207e+00 4.424717578573304166e+00 4.472795084054141057e+00 4.518103218121700237e+00
0.000000000000000000e+00 2.527379949452400965e+00 2.548528224950091126e+00 2.595689751936244072e+00 2.689580000849340458e+00 2.851896163156283581e+00 2.922801505242774933e+00 3.169616758115979316e+00 3.411258545550743815e+00 3.593368852402373914e+00 3.706093091567951969e+00 3.826353137609572297e+00 4.198355070718193360e+00 4.279433182172708960e+00 4.348091934968850047e+00 4.411116012351124382e+00 4.468705312946871011e+00 4.521817770743838949e+00 4.571080298643913409e+00 4.617055947854425746e+00 4.660087719298244835e+00
1.930971350106561069e+00 2.795873291022450857e+00 2.516084971783903779e+00 2.538948170194159193e+00 3.045741499612359959e+00 2.621467572446128713e+00 3.201982444783204595e+00 3.273960865718843039e+00 3.415252937814516887e+00 3.521758945958263887e+00 3.654617920039718193e+00 3.760864720303097819e+00 3.851629720825623604e+00 3.941881453101983457e+00 4.032258064516129004e+00 4.112856790326561374e+00 4.465604539802276562e+00 4.520300257520135645e+00 4.571111957613325671e+00 4.618587401596514042e+00 4.663187563004464131e+00
3.142548743663664990e+00 1.909085123984472609e+00 2.501615626758948441e+00 2.614738870157572226e+00 2.718793134698771485e+00 2.719783562487027240e+00 3.265975484337215295e+00 3.341803877884916396e+00 3.416140581017189870e+00 3.628371070718348079e+00 3.712003519529262885e+00 3.849564518013899761e+00 3.964141902370834192e+00 4.321372961923901634e+00 4.191546818203680580e+00 4.456847431827374528e+00 4.515815617879892940e+00 4.570196859524426003e+00 4.620753389701927283e+00 5.033267831902643152e+00 5.138746145940389809e+00
1.803452529522517667e+00 2.551761778861488583e+00 2.567447540801598649e+00 2.543042716244543922e+00 2.767331299226566177e+00 2.511844042394345333e+00 3.275329797835494716e+00 3.354368016100965910e+00 3.523875987203493043e+00 3.626802067277177688e+00 3.746513660898885156e+00 3.862841533824005413e+00 3.973283096420619831e+00 4.088534087286737950e+00 4.193419768193255237e+00 4.491928350287483163e+00 4.551284703545865007e+00 4.606045606726200781e+00 4.656928207972934608e+00 4.704384763327936980e+00 4.748926329699372673e+00
0.000000000000000000e+00 2.726014566703479414e+00 2.728913892270876218e+00 2.617927290514146854e+00 2.444829545045983821e+00 2.278473569706590762e+00 2.604184995671421810e+00 3.497990370238274416e+00 3.485097722140128251e+00 3.705050053129019361e+00 3.902955792056091333e+00 4.043865661411925494e+00 4.217950490941777986e+00 4.363999085638286424e+00 4.475443585312282480e+00 4.540982365851812474e+00 4.601047940172642292e+00 4.656449867838996504e+00 4.707934947416520188e+00 4.756029473597144452e+00 4.801064464578431945e+00
0.000000000000000000e+00 0.000000000000000000e+00 0.000000000000000000e+00 0.000000000000000000e+00 2.577355493946697162e+00 2.636322828418134812e+00 2.722475078881970045e+00 3.388992833692236584e+00 3.331921894197596323e+00 3.543610730887083893e+00 3.748023769285285578e+00 3.862894825790341713e+00 4.177395496630690097e+00 4.265243084458692380e+00 4.335409283281148163e+00 4.399230134726423103e+00 4.457642113059519851e+00 4.511476502148156875e+00 4.561476259589466231e+00 4.608168149992433626e+00 5.043735404258847588e+00
