3.933720264180371018e+00 3.982004135695522251e+00 4.041445722687143416e+00 2.984618801710256175e+00 3.063878299903808333e+00 3.141185832553853974e+00 3.216783216783216659e+00 3.290901707067736659e+00 3.363747214396837659e+00 3.435528865313526303e+00 3.506383680877833253e+00 3.576488713426963617e+00 3.646019647230400729e+00 3.715144718646586686e+00 3.784021795965545110e+00 3.852742671189052004e+00 3.921460709715590909e+00 3.990339178830199618e+00 4.059502676519561426e+00 4.129273798381325022e+00 4.200089510104313639e+00
3.829203595274065730e+00 4.051223950286675368e+00 3.956053108277866937e+00 4.042149866190901442e+00 3.020214364982370281e+00 3.093559069401184747e+00 3.165313788106860482e+00 3.235711236867830909e+00 3.304897444901162995e+00 3.373099189767806649e+00 3.440493229109324869e+00 3.507251758783602735e+00 3.573465643189455587e+00 3.639360021973494064e+00 3.705025111836869556e+00 3.770609810441161613e+00 3.836220774505572972e+00 3.901944811440228644e+00 3.967819614711033172e+00 4.033968799337872113e+00 4.100468426393116594e+00
3.993995234750512768e+00 3.795564020813493311e+00 4.007960639062413399e+00 2.901073397156947564e+00 2.971850356967606466e+00 3.040963155966853293e+00 3.108657957818965478e+00 3.175085244136445883e+00 3.240440699935190683e+00 3.304851935748170266e+00 3.368531045482043407e+00 3.431636890796909700e+00 3.494279863862856050e+00 3.556584563028256873e+00 3.618700329858453024e+00 3.680734480148340371e+00 3.742748424926704676e+00 3.804753867013475066e+00 3.866842515933462732e+00 3.928920994223796814e+00 4.008957947413531286e+00
4.053647933687910765e+00 3.792057363485934918e+00 3.891688173364466152e+00 3.987706862293481258e+00 2.951282753968420991e+00 3.017734453404074646e+00 3.082700445590336624e+00 3.146391089420434550e+00 3.208884424354037534e+00 3.270429748385659696e+00 3.331112591605596140e+00 3.391120800027682236e+00 3.450584183902334789e+00 3.509592887225081892e+00 3.568365071195744864e+00 3.626928549507574484e+00 3.685418260204436525e+00 3.743916136278547135e+00 3.802439091839274532e+00 3.861003861003861282e+00 3.919600063263720457e+00
3.994682939260156829e+00 3.800731122459556577e+00 3.812194939311218000e+00 2.889497365053593114e+00 2.958142286643987706e+00 3.025016180319103576e+00 3.090343379290485082e+00 3.154242456103458991e+00 3.216895695653693821e+00 3.278436952867236798e+00 3.339060750036521252e+00 3.398859647905886128e+00 3.457934230090943917e+00 3.516489578090201462e+00 3.574571051473823147e+00 3.632276546458872879e+00 3.689728630901824680e+00 3.746981598157039794e+00 3.804043352261329947e+00 3.861030481456712238e+00 3.917956613785708253e+00
3.867456732827800892e+00 3.744175726647437141e+00 3.894703898181311796e+00 2.880649762170744754e+00 2.947575268439889928e+00 3.012660178938002531e+00 3.076084144883562743e+00 3.138009665069767973e+00 3.198575938364832449e+00 3.257916042810403034e+00 3.316199635218040065e+00 3.373493975903614217e+00 3.429955410579662800e+00 3.485705123289390084e+00 3.540781471298841687e+00 3.595372544043312857e+00 3.649484252131161011e+00 3.703246512776200206e+00 3.756730809366782609e+00 3.809919645331117266e+00 3.862948119227133770e+00
4.000579394257099075e+00 3.769475624057631258e+00 3.716167392695666649e+00 2.853494460653878129e+00 2.917497342993490950e+00 2.979779080564910920e+00 3.040437823046518329e+00 3.099726660467213346e+00 3.157717461475846754e+00 3.214580217752868396e+00 3.270429748385659696e+00 3.325412385775548429e+00 3.379613344644692319e+00 3.433175687510947593e+00 3.486166889781347145e+00 3.538717735220648919e+00 3.590937027394705439e+00 3.642837013973373228e+00 3.694564111143642471e+00 3.746123802454404128e+00 3.797601884735750222e+00
3.968723672392305613e+00 3.746565648155856465e+00 3.833174758544214189e+00 2.880143866698511967e+00 2.948154595611461204e+00 3.014434232756384446e+00 3.079313313131171626e+00 3.142897052660985846e+00 3.205351543446449458e+00 3.266906239790917432e+00 3.327602462425822250e+00 3.387674396095186502e+00 3.447229806127795726e+00 3.506383680877833253e+00 3.565311615225977615e+00 3.624072202669268439e+00 3.682780568815881672e+00 3.741503668752208522e+00 3.800337193554627735e+00 3.859194530970035952e+00 3.918056643904623826e+00
3.864227603005816913e+00 3.788818164283155543e+00 3.943572323040839933e+00 2.895193977996525891e+00 2.964699393270821659e+00 3.032370555681904278e+00 3.098533360875852072e+00 3.163288976992344459e+00 3.226802098824321341e+00 3.289243474000979717e+00 3.350808731649086880e+00 3.411543549397757502e+00 3.471643614953063395e+00 3.531173196982965390e+00 3.590317190714887641e+00 3.649132470393830818e+00 3.707696216090027974e+00 3.766091481785811990e+00 3.824384274131864547e+00 3.882552778451832332e+00 3.940682360261329453e+00
3.819974996527295108e+00 3.672929126327971527e+00 3.867590284060693495e+00 2.848745509751741789e+00 2.912156868183298997e+00 2.973905706440926444e+00 3.033980582524271608e+00 3.092667566351776642e+00 3.150047250708760682e+00 3.206245208057433072e+00 3.261420175006418454e+00 3.315672770728135710e+00 3.369110073639119740e+00 3.421811604829641862e+00 3.473935065205760786e+00 3.525532459093454030e+00 3.576685513048023957e+00 3.627510481412496546e+00 3.678026912053518949e+00 3.728298488983933456e+00 3.778354835607215634e+00
3.510994230954577411e+00 3.622321703174657070e+00 3.764905603548594382e+00 2.819303772933274388e+00 2.879092173082594464e+00 2.937268340443387693e+00 2.993845211240147908e+00 3.048991753863210974e+00 3.102891895246369103e+00 3.155591708507475612e+00 3.207251176573121754e+00 3.257938625981714242e+00 3.307812639979049951e+00 3.356948533782791344e+00 3.405379109041628549e+00 3.453301010435875451e+00 3.500727602207517108e+00 3.547727367586293035e+00 3.594436917632095607e+00 3.640835056432943695e+00 3.687007819239224382e+00
3.973636974006933276e+00 4.137645679608302096e+00 3.995838816129410276e+00 4.267738649191883837e+00 3.078042365055824181e+00 3.157119304030588935e+00 3.234531027410929571e+00 3.310504645051829620e+00 3.385240352064996294e+00 3.458962864574686158e+00 3.531821713639895055e+00 3.604028194589798950e+00 3.675756651038921241e+00 3.747163605326523150e+00 3.818410291657119870e+00 3.889618192299945321e+00 3.960918933192500546e+00 4.032478539012521068e+00 4.104490590977078135e+00 4.262310859955589670e+00 4.251700680272108457e+00
4.144562334217505750e+00 3.860897382863131444e+00 3.798867246857300817e+00 3.939130074221503630e+00 2.932592271921127036e+00 2.995993729315450160e+00 3.057742690952556242e+00 3.117962930885155082e+00 3.176883339318765653e+00 3.234553287544905231e+00 3.291132149459413903e+00 3.346766883741684850e+00 3.401525827299674898e+00 3.455544421023531765e+00 3.508940919067309760e+00 3.561775859540321498e+00 3.614173118892395120e+00 3.666206040779491637e+00 3.717932829346883405e+00 3.769446919333835577e+00 3.820744558912407385e+00
3.973205261360230001e+00 3.857483518024968028e+00 3.869969040247677405e+00 2.889419790411354327e+00 2.959476313619932686e+00 3.027934455781594369e+00 3.095082336224421304e+00 3.161044690147375213e+00 3.226010056735698406e+00 3.290141476083471073e+00 3.353618064822642797e+00 3.416586481473734338e+00 3.479204792952522940e+00 3.541568289769728484e+00 3.603828374604098883e+00 3.666044130870858009e+00 3.728298488983933456e+00 3.790619938660876986e+00 3.852928225451343280e+00 3.915235158811725569e+00 4.719626807480265640e+00
3.880050994955932975e+00 3.934131399988759714e+00 4.086608392092758280e+00 4.200928336294643017e+00 3.049498911883342434e+00 3.125282143526845857e+00 3.199362971283939316e+00 3.272000724017181561e+00 3.343363423604145623e+00 3.413611252377336314e+00 3.482961353060826326e+00 3.551556765715639052e+00 3.619556743512640562e+00 3.687110418521815980e+00 3.754406212847021251e+00 3.821540984289992338e+00 3.888672851508249817e+00 3.955860920258171820e+00 4.023294191454250601e+00 4.091170698896769764e+00 4.159877976912677688e+00
3.626560105101817477e+00 3.578796682244957950e+00 3.754954453793199143e+00 2.783770617301134287e+00 2.841361913276089890e+00 2.897444595205788787e+00 2.952465308532624455e+00 3.006257209773830930e+00 3.059103265592736154e+00 3.111151056754308808e+00 3.162421993590824432e+00 3.213120708562966943e+00 3.263322339871550071e+00 3.313155297252151854e+00 3.362686786742607126e+00 3.412066180157093953e+00 3.461405330564208516e+00 3.510728372880655535e+00 3.560110014380051702e+00 3.609632164599226201e+00 3.659235426922306633e+00
3.939865215137376531e+00 3.969110571064486948e+00 4.053449625405344925e+00 4.226484119505570014e+00 3.047386865762608199e+00 3.124284018245818473e+00 3.199710634864325165e+00 3.273892449150180628e+00 3.347000251025018525e+00 3.419280555458637405e+00 3.490888780283460502e+00 3.562024626860459176e+00 3.632824280974968012e+00 3.703475094129992318e+00 3.774102792836066644e+00 3.844833504977686278e+00 3.915722656920867628e+00 3.986857119289514806e+00 4.058274064189514974e+00 4.838899219554682496e+00 4.202896553624825948e+00
3.890239666550885378e+00 4.001738686463773398e+00 4.109926843302189603e+00 2.969900404735263955e+00 3.047703486157192110e+00 3.123590046159719691e+00 3.197839681637293374e+00 3.270680092692464846e+00 3.342269261567384575e+00 3.412802886256155244e+00 3.482500435312553932e+00 3.551482569880642703e+00 3.619934701947107758e+00 3.687982743024146082e+00 3.755790176522137980e+00 3.823506920547525834e+00 3.891212807649012007e+00 3.959048161473599059e+00 4.027083845250770899e+00 4.095544186756815641e+00 4.164757819332805866e+00
3.854997039912987589e+00 3.900128843542152612e+00 4.008874819427836300e+00 4.173537038430750634e+00 3.001095748912974592e+00 3.072947585291755157e+00 3.143292214414439734e+00 3.212290502793295754e+00 3.280175873259587593e+00 3.347070267556429446e+00 3.413183246146237249e+00 3.478623856402407455e+00 3.543586109142452312e+00 3.608179465295558774e+00 3.672572810488313078e+00 3.736791480115425390e+00 3.800941251269859489e+00 3.865134416951375496e+00 3.929381432638682892e+00 3.993720219241468694e+00 4.816073475644913060e+00
4.003092043509469455e+00 3.793757544404206872e+00 3.875244797829863419e+00 3.175051153601919030e+00 2.982176295166099944e+00 3.052736014653132379e+00 3.121943097383811594e+00 3.189903262716272003e+00 3.256854986799342822e+00 3.322949117341640779e+00 3.388377174784940937e+00 3.453277160024863068e+00 3.517775110706452324e+00 3.582056651603659603e+00 3.646220314262913043e+00 3.710345680539237190e+00 3.774517204935695869e+00 3.838745278686051865e+00 3.903040262941659844e+00 3.967331080618903272e+00 4.768783130948020421e+00
4.006188871083604219e+00 4.183756052729043162e+00 4.032478539012521068e+00 4.179599443633646771e+00 3.104004856043152127e+00 3.185551446655863206e+00 3.265422020302406469e+00 3.343805947794829869e+00 3.420927699740288208e+00 3.497065961658168742e+00 3.572311835343903397e+00 3.646947917455118038e+00 3.721109717609117684e+00 3.794986401298728218e+00 3.868739205526770419e+00 3.942508542101840874e+00 4.016509237971247259e+00 4.090943759924005718e+00 4.166116970677480325e+00 4.242622357924314080e+00 4.321847281009254083e+00
3.842445751652251662e+00 3.713075526706639540e+00 3.788896466681821895e+00 2.834643491727680154e+00 2.897936104042974303e+00 2.959684864030668106e+00 3.020023457856626070e+00 3.079227113994386755e+00 3.137331455582358153e+00 3.194555366505781535e+00 3.250997779637686769e+00 3.306764399925597786e+00 3.362050851019121822e+00 3.416896203061259740e+00 3.471426686939798945e+00 3.525776189258134519e+00 3.579985129292539536e+00 3.634169420864245659e+00 3.688265054036562685e+00 3.742333414186215457e+00 3.796347070485510233e+00
4.060686255977260295e+00 3.731188590854442211e+00 3.663155566614137992e+00 3.822072119026274084e+00 2.893314326845723095e+00 2.953711127051774188e+00 3.012554646340095843e+00 3.070138714449189177e+00 3.126541558685184352e+00 3.181915651566400882e+00 3.236335091512538398e+00 3.289980260118439581e+00 3.342967580178987763e+00 3.395373976190805720e+00 3.447324875896303986e+00 3.498925829770260343e+00 3.550246428869768156e+00 3.601382376773853533e+00 3.652401626352422603e+00 3.703322703425573792e+00 3.754197401261131883e+00
4.010815371104149207e+00 3.809998822364000670e+00 3.934097090803030827e+00 2.897342218516136381e+00 2.967502398156008248e+00 3.035969336709698929e+00 3.102977479279005024e+00 3.168633285803833743e+00 3.233173738374332640e+00 3.296718712736557588e+00 3.359462486002239512e+00 3.421524882865143002e+00 3.483034140700647097e+00 3.544127866574009467e+00 3.604927658807461910e+00 3.665511684683001814e+00 3.726013786251008764e+00 3.786418461199537067e+00 3.846787932076716210e+00 3.907133603405375410e+00 3.967425349759865938e+00
3.881853030271521732e+00 3.834145807087692148e+00 3.937959860444230298e+00 2.901674680815785390e+00 2.973001002523593783e+00 3.042708563841557634e+00 3.111043513128603610e+00 3.178156392930674645e+00 3.244265588005880829e+00 3.309523152872389851e+00 3.374097945243210273e+00 3.438151099864537041e+00 3.501809268121863106e+00 3.565211920390915168e+00 3.628497662410159474e+00 3.691759018688659300e+00 3.755006675567423180e+00 3.818330764638091068e+00 3.881664679624033276e+00 3.945018894564179313e+00 4.756630403022498399e+00
3.958017715541360726e+00 4.065853036640916685e+00 4.083440610162922368e+00 4.176165732164006883e+00 3.085099669754103768e+00 3.164735006188815092e+00 3.242676380897186128e+00 3.319111860984531592e+00 3.394339073691793995e+00 3.468464718776880673e+00 3.541765049029139245e+00 3.614399210392787776e+00 3.686520550613144653e+00 3.758299578235269500e+00 3.829896871322428620e+00 3.901464075729471404e+00 3.973147006439238016e+00 4.045141031442400781e+00 4.117598616486864316e+00 4.277484563110145466e+00 4.266094184350315288e+00
3.562074384494499757e+00 3.571354985817599470e+00 3.695668539594981539e+00 3.788609373708428762e+00 2.881646655231560494e+00 2.941567855667070130e+00 3.000090700416524037e+00 3.057466472100618393e+00 3.113820519385262386e+00 3.169288219204508650e+00 3.223975161373973553e+00 3.278048236131065440e+00 3.331621250190874406e+00 3.384796048768693666e+00 3.437725600742548071e+00 3.490498862097370925e+00 3.543216824027178191e+00 3.595978036872605532e+00 3.648881239242684593e+00 3.701841142122761497e+00 3.754928343450779415e+00
3.979061901854380245e+00 4.112960006692273573e+00 4.087797577806723481e+00 4.237403974958309227e+00 3.076750950995748912e+00 3.156189287192183723e+00 3.234063635362765421e+00 3.310573142975377525e+00 3.385965518432781707e+00 3.460471039317872144e+00 3.534230057587160356e+00 3.607503607503607324e+00 3.680402205463660703e+00 3.753075436816279531e+00 3.825767588096992800e+00 3.898528818335396551e+00 3.971541848410355957e+00 4.044863708660122015e+00 4.118729234740108325e+00 4.193458205199887878e+00 4.269766609047772832e+00
3.729590850070448216e+00 3.927567388787828850e+00 3.802202512218896491e+00 3.964996730616731302e+00 2.954791687186052673e+00 3.020214364982370281e+00 3.083932013316978971e+00 3.146105121859138265e+00 3.206848713426238451e+00 3.266315943096606222e+00 3.324698352889024378e+00 3.382039300677098126e+00 3.438482116454511850e+00 3.494133350105173008e+00 3.549134637466335729e+00 3.603528686167300599e+00 3.657467790130357610e+00 3.710983135643305175e+00 3.764167909771500842e+00 3.817111765032479731e+00 3.869862067059181676e+00
3.812375664566394207e+00 3.769886149438286704e+00 3.884653537462627870e+00 2.896032435563278273e+00 2.964636126208795019e+00 3.031328426811042309e+00 3.096367398066177223e+00 3.159890457130819286e+00 3.222055671518428532e+00 3.282971158749118157e+00 3.342827893113077931e+00 3.401714741920927487e+00 3.459776636820326878e+00 3.517144354638492842e+00 3.573907724451713896e+00 3.630169500991315523e+00 3.686033410763217333e+00 3.741555517062185920e+00 3.796827539655754258e+00 3.851921145671404201e+00 3.906919359813564530e+00
4.006908462867012410e+00 4.088109145585188564e+00 4.134594844160228710e+00 4.224113455532549466e+00 3.110720926856581858e+00 3.192360542423695158e+00 3.272205745157831913e+00 3.350434509475447520e+00 3.427316411249991646e+00 3.503035964502569044e+00 3.577768298220748378e+00 3.651722165953546817e+00 3.725037077915358985e+00 3.797949107481959796e+00 3.870584250869153475e+00 3.943108553086692503e+00 4.015758389819359842e+00 4.088753202856675983e+00 4.162475285302993377e+00 4.237523618984105234e+00 4.315304948216340364e+00
3.730905020830886709e+00 4.072982320495384556e+00 3.879486522248162483e+00 3.852981244237728031e+00 2.981204545296976427e+00 3.050281111134219181e+00 3.117703707296119120e+00 3.183743528695218483e+00 3.248503614824234553e+00 3.312240799906153388e+00 3.375050797958438764e+00 3.437134804427029788e+00 3.498583073855088266e+00 3.559588204501832109e+00 3.620237125531721833e+00 3.680632235393792584e+00 3.740959348241748472e+00 3.801256488053687654e+00 3.861642853202405412e+00 3.922081317819322788e+00 3.982727539512849635e+00
4.101922341571939690e+00 3.894974786993566251e+00 3.778046749830337614e+00 3.935458480913025525e+00 2.932059981569908658e+00 2.996118980762128903e+00 3.058592908235261643e+00 3.119713818252405346e+00 3.179584303912962095e+00 3.238408907691566085e+00 3.296256294446860302e+00 3.353313492895166448e+00 3.409668148828534751e+00 3.465459762546696965e+00 3.520786447043229295e+00 3.575775496310762414e+00 3.630524331494798140e+00 3.685110761914032640e+00 3.739586290953663461e+00 3.793966902812363706e+00 3.848347615742489847e+00
3.946034575427090019e+00 3.969584767745070408e+00 4.056880259080767104e+00 4.225400893568385108e+00 3.048653742222468654e+00 3.125759733268502760e+00 3.201358489515550687e+00 3.275695039761361560e+00 3.348985187717596901e+00 3.421429319554516013e+00 3.493254525511237496e+00 3.564539126058877461e+00 3.635540495119458093e+00 3.706372902295891336e+00 3.777187163057736274e+00 3.848056731350667725e+00 3.919088021341840200e+00 3.990395049109861869e+00 4.061990099759722916e+00 4.869183554503994316e+00 4.207070637405685432e+00
3.806597178965436257e+00 3.874842584520004074e+00 3.898635477582845787e+00 4.105033188149673329e+00 3.000488451608401164e+00 3.072475507482176127e+00 3.142919003485148188e+00 3.212111055248310088e+00 3.280221659233824028e+00 3.347420394158751478e+00 3.413872864587687239e+00 3.479737488603859230e+00 3.545162590888237375e+00 3.610333886454999419e+00 3.675323324433965144e+00 3.740259740259739729e+00 3.805254018002310890e+00 3.870316743957813443e+00 3.935431309462986249e+00 4.000689774098981744e+00 4.750070562642416228e+00
3.782304317328454513e+00 3.710731014009759576e+00 3.652728864139162201e+00 3.793129607790397984e+00 2.895746078382901878e+00 2.955935448000168275e+00 3.014561030839660205e+00 3.071831998715415679e+00 3.127845470532220062e+00 3.182774272113361391e+00 3.236713977783745921e+00 3.289796032645976087e+00 3.342152903495334559e+00 3.393845365323211904e+00 3.444997175102316511e+00 3.495745677510469829e+00 3.546148604486225597e+00 3.596251599294580714e+00 3.646220314262913043e+00 3.696032692455211155e+00 3.745785990760394757e+00
3.811530225434687669e+00 3.782408362561033410e+00 3.892698117846313810e+00 2.896411897356678811e+00 2.965762683808315092e+00 3.033332184343869198e+00 3.099280278246495879e+00 3.163756011136420465e+00 3.227005829656183433e+00 3.289082346025458570e+00 3.350224046233091890e+00 3.410475030450669909e+00 3.470029356448355529e+00 3.528979983625532668e+00 3.587394447817208398e+00 3.645467926760485700e+00 3.703221116589744621e+00 3.760707570165053415e+00 3.818039193907797557e+00 3.875257500662873333e+00 3.932390479475681211e+00
3.893972686563012431e+00 3.820621806198958748e+00 3.951555318308179299e+00 4.087917478572498986e+00 2.968957136544410069e+00 3.037163841183941670e+00 3.103854987894965056e+00 3.169179044836993864e+00 3.233329434992879392e+00 3.296487487375154402e+00 3.358733757373470574e+00 3.420306850386006126e+00 3.481239599796695394e+00 3.541765049029139245e+00 3.601956139257165734e+00 3.661890088023546763e+00 3.721699576139770205e+00 3.781420163907376342e+00 3.841141367720693811e+00 3.900849974678692877e+00 3.960561148979633739e+00
3.849330216542321104e+00 3.998979570730227362e+00 3.900726510312545248e+00 4.086107914110010952e+00 3.003296641895289554e+00 3.074794373126296776e+00 3.144654088050314655e+00 3.213143152512538236e+00 3.280404815913453120e+00 3.346603546005340934e+00 3.411923628615594950e+00 3.476543759256297772e+00 3.540535662219013613e+00 3.604128112892381886e+00 3.667363235029546420e+00 3.730450328701944152e+00 3.793391222782418026e+00 3.856324371970030196e+00 3.919330550837841987e+00 3.982421451976887905e+00 4.045695791104955141e+00
3.657464392474063519e+00 3.895543776173184813e+00 3.778510579829623239e+00 3.966873129654116426e+00 2.942330325617889208e+00 3.007602940456456153e+00 3.071338824514867838e+00 3.133748380896669516e+00 3.194932559140979844e+00 3.255095609776367915e+00 3.314344899016053780e+00 3.372867005788940720e+00 3.430723882739257657e+00 3.488088178869162004e+00 3.545064019685531420e+00 3.601781496540211958e+00 3.658326143226919847e+00 3.714786915694974656e+00 3.771204454135296924e+00 3.827631322551011905e+00 3.884033846580662974e+00
3.929841978985687767e+00 3.992812936713914684e+00 4.063808684152523831e+00 2.974019812636751858e+00 3.052333647816193984e+00 3.128733147505546430e+00 3.203498777795574792e+00 3.276791254453298663e+00 3.348868361566153862e+00 3.419829427283259449e+00 3.489938507283501412e+00 3.559339777366786528e+00 3.628168542383288120e+00 3.696574043075549820e+00 3.764750978835254447e+00 3.832728765998220766e+00 3.900716500030795064e+00 3.968797043930477830e+00 4.037141703673799320e+00 4.105918786318243363e+00 4.175565412628004403e+00
3.627130939426913336e+00 3.587839982336787692e+00 3.684060529809610962e+00 2.921596861370228559e+00 2.881054606525237372e+00 2.939673696219719190e+00 2.996703626011387289e+00 3.052375997225112769e+00 3.106790754190714932e+00 3.160090167906123959e+00 3.212357800791915796e+00 3.263730235335782215e+00 3.314299129305999791e+00 3.364171572750210171e+00 3.413468571707221955e+00 3.462268201143933410e+00 3.510607541611024285e+00 3.558619534727940348e+00 3.606352729038074578e+00 3.653887253448786510e+00 3.701241286661137497e+00
3.934208982420297485e+00 4.118814056139434854e+00 4.051212919178301952e+00 4.143531946631307861e+00 3.058252764590993600e+00 3.134883591322642271e+00 3.209802457592229263e+00 3.283177557036478067e+00 3.355259019006143539e+00 3.426214033492990030e+00 3.496185661443365067e+00 3.565411315636775935e+00 3.633994994686139179e+00 3.702104029123217899e+00 3.769886149438286704e+00 3.837456314671417790e+00 3.904938719865175933e+00 3.972521112579878277e+00 4.040319603212750188e+00 4.185937993220152364e+00 4.177624369932061654e+00
4.047565877623939379e+00 3.760838051475615895e+00 3.766189383530592849e+00 3.258436517156376944e+00 2.930668750697778435e+00 2.994679221104827427e+00 3.057084097604357620e+00 3.118114164553277501e+00 3.177914873332457368e+00 3.236624820091864585e+00 3.294384826203677008e+00 3.351300025134750449e+00 3.407510431154381347e+00 3.463107515635930778e+00 3.518236190922950257e+00 3.572999120492523772e+00 3.627459871225174659e+00 3.681706088708277314e+00 3.735757424817881756e+00 3.789705781023909648e+00 3.843514070006863292e+00
3.811662300580758611e+00 4.035315972198064927e+00 3.959680724691041043e+00 4.037816237590677204e+00 3.029555782576530909e+00 3.103170060615255021e+00 3.175085244136445883e+00 3.245475324029637232e+00 3.314619543825485071e+00 3.382599631365672543e+00 3.449631924273679484e+00 3.515883520847121080e+00 3.581464543501019282e+00 3.646546445305243189e+00 3.711289191901141926e+00 3.775786908317028345e+00 3.840193106853373450e+00 3.904590976969763094e+00 3.969150122838352779e+00 4.033967372724911016e+00 4.099271858151297465e+00
3.841935776804486835e+00 4.041671021915612450e+00 3.939266190729593831e+00 4.030520771080317921e+00 3.010529853254172217e+00 3.082527672691606657e+00 3.152916447714135373e+00 3.221807433970457435e+00 3.289496707003828124e+00 3.356080098445016535e+00 3.421739919833521437e+00 3.486628778633938719e+00 3.550938561800256021e+00 3.614750964512877474e+00 3.678205590872498210e+00 3.741451821879178574e+00 3.804569634000400491e+00 3.867670419227847045e+00 3.930790018601058922e+00 4.061207211051989674e+00 4.057548415492957972e+00
3.950952734128606814e+00 3.928832014368300207e+00 3.994380320101374782e+00 4.066946068159258409e+00 3.044540239826737604e+00 3.119670562788569246e+00 3.193025322079075856e+00 3.264886493095112474e+00 3.335441146835847803e+00 3.404834865509022812e+00 3.473259376063685622e+00 3.540879804487891303e+00 3.607854020675778983e+00 3.674304135325313858e+00 3.740415186085654931e+00 3.806254714565498798e+00 3.872029427423648418e+00 3.937796630075093951e+00 4.003699971007689484e+00 4.069947918463077130e+00 4.136846895296405258e+00
3.932004409462087846e+00 4.114690129544160691e+00 4.031893669231785715e+00 4.083723248151941654e+00 3.047239132090890479e+00 3.123525002082350177e+00 3.198264593820396406e+00 3.271636305417690238e+00 3.343852536103157469e+00 3.415110119877335038e+00 3.485656523406182927e+00 3.555592738224713223e+00 3.625108056105518450e+00 3.694358087856017381e+00 3.763512053692771531e+00 3.832672487683183693e+00 3.901971522453449914e+00 3.971487459001239007e+00 4.041289650873672201e+00 4.111532162460340700e+00 4.182579897561075732e+00
3.958498270761281024e+00 4.012979914343635102e+00 4.054787742170479881e+00 3.051931387033453014e+00 3.075245670193879288e+00 3.153888744822365808e+00 3.230858916819429716e+00 3.306399950404000698e+00 3.380685934276705495e+00 3.453968955727026113e+00 3.526385662130766097e+00 3.598137434739663743e+00 3.669369076219027193e+00 3.740259740259739729e+00 3.811002016366520806e+00 3.881691585740328243e+00 3.952459539295768653e+00 4.023502806046352909e+00 4.094948198905283832e+00 4.250651309474839046e+00 4.240882103477523479e+00
4.062633412749782735e+00 4.043477664925914539e+00 3.955119798497054084e+00 3.971959360584226495e+00 3.008760390719023459e+00 3.080865723268238376e+00 3.151437055297215295e+00 3.220589367854316709e+00 3.288553036663867779e+00 3.355493572132625779e+00 3.421620451514241434e+00 3.487090789895805898e+00 3.551977267345488798e+00 3.616510762596932604e+00 3.680811167442183507e+00 3.744980685608870541e+00 3.809128055959553727e+00 3.873341725573738348e+00 3.937687817346551267e+00 4.002208114821971030e+00 4.067030171849258302e+00
