2.244766435672959304e+00 2.639124666543031683e+00 3.026719599065236466e+00 2.984629159826891254e+00 3.063853492096650477e+00 3.141185832553853974e+00 3.216783216783216659e+00 3.290901707067736659e+00 3.363744327971936787e+00 3.435528865313526303e+00 3.506359573736679280e+00 3.576488713426963617e+00 3.646019647230400729e+00 3.715152917096012697e+00 3.784029991941417315e+00 3.852754719624531088e+00 3.921486243286204765e+00 3.990340623731519099e+00 4.059530608172728705e+00 4.129273798381325022e+00 4.200060591038035085e+00
2.271976206212822369e+00 2.703939431756728684e+00 2.778588199335917164e+00 3.034189802363909116e+00 3.020214364982370281e+00 3.093559069401184747e+00 3.165319112334422869e+00 3.235688960793087876e+00 3.304920199947672277e+00 3.373099189767806649e+00 3.440493229109324869e+00 3.507251758783602735e+00 3.573465643189455587e+00 3.639360021973494064e+00 3.705050532772544258e+00 3.770635660615368145e+00 3.836220774505572972e+00 3.901944811440228644e+00 3.967819614711033172e+00 4.033939791739311609e+00 4.100468426393116594e+00
2.662891900604055895e+00 2.078569943878611159e+00 2.872697462917679356e+00 2.901073397156947564e+00 2.971829817819920727e+00 3.040984173059644302e+00 3.108657957818965478e+00 3.175085244136445883e+00 3.240418358693627709e+00 3.304851935748170266e+00 3.368531045482043407e+00 3.431638332772832367e+00 3.494275554459312261e+00 3.556584563028256873e+00 3.618700329858453024e+00 3.680734480148340371e+00 3.742722484058774945e+00 3.804753867013475066e+00 3.866842515933462732e+00 3.928920994223796814e+00 4.033719157431273850e+00
2.697752346334606255e+00 2.429813112660020646e+00 2.776929271611451977e+00 2.997267607204594952e+00 2.951303492375799031e+00 3.017755631974173625e+00 3.082722043564467551e+00 3.146391089420434550e+00 3.208884424354037534e+00 3.270429748385659696e+00 3.331112591605596140e+00 3.391123733627230852e+00 3.450584183902334789e+00 3.509617038846643222e+00 3.568340584384391612e+00 3.626907548073632803e+00 3.685418260204436525e+00 3.743890179221408765e+00 3.802439091839274532e+00 3.861003861003861282e+00 3.919592362394311191e+00
2.660002660002660058e+00 2.451169207712078357e+00 2.849084019487734931e+00 2.889497365053593114e+00 2.958163121566417697e+00 3.025037461219723500e+00 3.090343379290485082e+00 3.154242456103458991e+00 3.216873199250328774e+00 3.278436952867236798e+00 3.339060750036521252e+00 3.398836072055324564e+00 3.457958144874613726e+00 3.516495882183322319e+00 3.574571051473823147e+00 3.632276546458872879e+00 3.689709127930414390e+00 3.746981598157039794e+00 3.804069662890261938e+00 3.861030481456712238e+00 3.917946995774214347e+00
2.581653514188627874e+00 2.609235282502609277e+00 2.926940704464655152e+00 2.880649762170744754e+00 2.947575268439889928e+00 3.012660178938002531e+00 3.076084144883562743e+00 3.138009665069767973e+00 3.198575938364832449e+00 3.257905733205849863e+00 3.316187936131631098e+00 3.373493975903614217e+00 3.429943405933802314e+00 3.485705123289390084e+00 3.540806054084076671e+00 3.595356458850453851e+00 3.649506965645505918e+00 3.703271909310985599e+00 3.756702298418769903e+00 3.809919645331117266e+00 3.862948119227133770e+00
2.668726736428120194e+00 2.506391297809413832e+00 2.644311514189947143e+00 2.853494460653878129e+00 2.917497342993490950e+00 2.979758431676911012e+00 3.040458832878416118e+00 3.099707249870844894e+00 3.157717461475846754e+00 3.214602682096759256e+00 3.270429748385659696e+00 3.325408954548027207e+00 3.379613344644692319e+00 3.433169914445405535e+00 3.486166889781347145e+00 3.538717735220648919e+00 3.590917092061256533e+00 3.642862052374733484e+00 3.694581280788177047e+00 3.746149790493103815e+00 3.797608197309912281e+00
2.645815781594869520e+00 1.976312483236635220e+00 2.803613858263301672e+00 2.880144830140029644e+00 2.948113207547169434e+00 3.014455365029513167e+00 3.079313313131171626e+00 3.142897052660985846e+00 3.205373878990167569e+00 3.266883532126671597e+00 3.327602462425822250e+00 3.387653414825217979e+00 3.447206039504981057e+00 3.506383680877833253e+00 3.565282377220588383e+00 3.624072202669268439e+00 3.682780568815881672e+00 3.741529592727574460e+00 3.800310934531006435e+00 3.859167935827550799e+00 3.918037406946611068e+00
2.476017997113670432e+00 2.239720034995625664e+00 2.825014469586307531e+00 2.895214422404722487e+00 2.964678952847815019e+00 3.032391454169538481e+00 3.098533360875852072e+00 3.163294777812925229e+00 3.226803062030139557e+00 3.289266493571933569e+00 3.350808731649086880e+00 3.411543549397757502e+00 3.471643614953063395e+00 3.531195690556474975e+00 3.590341980073601835e+00 3.649148415076596486e+00 3.707696216090027974e+00 3.766091481785811990e+00 3.824352933142116218e+00 3.882569307267897063e+00 3.940682360261329453e+00
2.548997394358219371e+00 2.300100368016058994e+00 2.895214422404722487e+00 2.848739076866102060e+00 2.912197252827257721e+00 2.973885138873519907e+00 3.033980582524271608e+00 3.092655972949568621e+00 3.150047250708760682e+00 3.206245208057433072e+00 3.261420175006418454e+00 3.315649867374005133e+00 3.369110073639119740e+00 3.421811604829641862e+00 3.473935065205760786e+00 3.525532459093454030e+00 3.576710114523506068e+00 3.627503319507754398e+00 3.678026912053518949e+00 3.728303345807039371e+00 3.778363968401681650e+00
2.111501347841693743e+00 2.522333158171308209e+00 2.820595991933095181e+00 2.819303772933274388e+00 2.879112390716617398e+00 2.937247798812512301e+00 2.993841240875912302e+00 3.049012882079426667e+00 3.102891895246369103e+00 3.155591708507475612e+00 3.207228814859230503e+00 3.257951881467211042e+00 3.307812639979049951e+00 3.356948533782791344e+00 3.405402775750752564e+00 3.453306364655056804e+00 3.500727602207517108e+00 3.547752046913803525e+00 3.594436917632095607e+00 3.640835056432943695e+00 3.687033468524560043e+00
1.986798825581138406e+00 2.760981805129903766e+00 2.782163549484256482e+00 3.207743213182429276e+00 3.078042365055824181e+00 3.157141453968877354e+00 3.234531027410929571e+00 3.310481813040539123e+00 3.385240352064996294e+00 3.458938935892025501e+00 3.531831497011792997e+00 3.604028194589798950e+00 3.675782144021304987e+00 3.747163605326523150e+00 3.818383782282698480e+00 3.889590228257531646e+00 3.960909916616016879e+00 4.032482340508370733e+00 4.104490590977078135e+00 4.262281558070148968e+00 4.251700680272108457e+00
2.761785388030846722e+00 2.577391401265011428e+00 2.715423606082548957e+00 2.957600681656538111e+00 2.932592271921127036e+00 2.995993729315450160e+00 3.057734290001208333e+00 3.117962930885155082e+00 3.176861399062135050e+00 3.234553287544905231e+00 3.291132149459413903e+00 3.346766883741684850e+00 3.401525827299674898e+00 3.455546857920607451e+00 3.508916776750330424e+00 3.561765813897735722e+00 3.614173118892395120e+00 3.666221647309477305e+00 3.717941523093327483e+00 3.769421085456202469e+00 3.820744558912407385e+00
2.648821971281193122e+00 2.353897840833707900e+00 2.878223083349127798e+00 2.889460516579160476e+00 2.959475828653232110e+00 3.027967408059898613e+00 3.095080884780454955e+00 3.161012348563457586e+00 3.225983581802706723e+00 3.290141476083471073e+00 3.353618064822642797e+00 3.416586481473734338e+00 3.479204792952522940e+00 3.541543696399430452e+00 3.603803398663820712e+00 3.666044130870858009e+00 3.728303345807039371e+00 3.790593813750895880e+00 3.852943648947795729e+00 3.915238520451969517e+00 4.719626807480265640e+00
2.246906992093695710e+00 2.307903125766295638e+00 2.900621865029112456e+00 3.138206619523828955e+00 3.049477776930700212e+00 3.125266357928232264e+00 3.199376817037376419e+00 3.272000724017181561e+00 3.343340136101804028e+00 3.413611252377336314e+00 3.482961353060826326e+00 3.551556765715639052e+00 3.619556743512640562e+00 3.687136069234675961e+00 3.754406212847021251e+00 3.821540984289992338e+00 3.888645848523355930e+00 3.955858080181150260e+00 4.023321627058543015e+00 4.091170698896769764e+00 4.159875612899706532e+00
2.298802532862427306e+00 2.501633010437368743e+00 2.814443725197714574e+00 2.783789990883087651e+00 2.841322531687676012e+00 2.897510900160052749e+00 2.952444553794242310e+00 3.006278227554287863e+00 3.059104749437978832e+00 3.111151056754308808e+00 3.162424892408805199e+00 3.213143152512538236e+00 3.263322339871550071e+00 3.313155297252151854e+00 3.362682459836532800e+00 3.412066180157093953e+00 3.461405330564208516e+00 3.510728372880655535e+00 3.560131998740261317e+00 3.609632164599226201e+00 3.659235426922306633e+00
1.969825196252954935e+00 2.505341248355869688e+00 2.770255763863398446e+00 3.172545070830516956e+00 3.047386865762608199e+00 3.124289934105885180e+00 3.199732891862939521e+00 3.273892449150180628e+00 3.347023589543340449e+00 3.419280555458637405e+00 3.490888780283460502e+00 3.562034195528277269e+00 3.632849181923490711e+00 3.703500493800065740e+00 3.774128690926308760e+00 3.844836384735299983e+00 3.915727940816568609e+00 3.986829714254291002e+00 4.058274064189514974e+00 4.839166833733140827e+00 4.202896553624825948e+00
2.228788761152930231e+00 2.470599861646407991e+00 2.944682044450676717e+00 2.969879892531788190e+00 3.047703486157192110e+00 3.123580190822353053e+00 3.197864382742655831e+00 3.270680092692464846e+00 3.342269261567384575e+00 3.412802886256155244e+00 3.482500435312553932e+00 3.551482569880642703e+00 3.619934701947107758e+00 3.687982743024146082e+00 3.755790176522137980e+00 3.823506920547525834e+00 3.891209961497501091e+00 3.959017344591504006e+00 4.027078632181912532e+00 4.095544186756815641e+00 4.164757819332805866e+00
2.356452753122299626e+00 2.412476762172364619e+00 2.873865348894262706e+00 3.115264797507788064e+00 3.001074803534288904e+00 3.072947585291755157e+00 3.143292214414439734e+00 3.212290502793295754e+00 3.280152980751783076e+00 3.347070267556429446e+00 3.413159471169250558e+00 3.478623856402407455e+00 3.543586109142452312e+00 3.608204501929001218e+00 3.672572810488313078e+00 3.736791480115425390e+00 3.800941251269859489e+00 3.865161094392755015e+00 3.929354345038673202e+00 3.993720219241468694e+00 4.824259131633356290e+00
2.669495395120443426e+00 2.086481041801568459e+00 2.731685449922601983e+00 3.174931842495772205e+00 2.982192053168223556e+00 3.052763105583006897e+00 3.121940143893059627e+00 3.189905720564258917e+00 3.256844683909062788e+00 3.322940307265926485e+00 3.388370828950804547e+00 3.453257690545826097e+00 3.517782389981356062e+00 3.582064392875203396e+00 3.646205842343668735e+00 3.710345680539237190e+00 3.774517204935695869e+00 3.838745278686051865e+00 3.903040262941659844e+00 3.967342506942848512e+00 4.771870505068407375e+00
2.097269933104320749e+00 2.790704164428289502e+00 3.024335349556899644e+00 3.162294450860693829e+00 3.104004856043152127e+00 3.185570075462615947e+00 3.265430897924018971e+00 3.343805947794829869e+00 3.420951583062799006e+00 3.497054931190301641e+00 3.572311835343903397e+00 3.646973012399708391e+00 3.721126167240047078e+00 3.794987856038860574e+00 3.868712478670268240e+00 3.942508542101840874e+00 4.016509237971247259e+00 4.090915394322641951e+00 4.166116970677480325e+00 4.242623309793617459e+00 4.321817633015942128e+00
2.558287468539977905e+00 2.217156635187661262e+00 2.836408415139502814e+00 2.834663089921043877e+00 2.897930739455326421e+00 2.959659157391920647e+00 3.020044668567655410e+00 3.079205564964239361e+00 3.137353328731881774e+00 3.194555366505781535e+00 3.250998268490052912e+00 3.306764399925597786e+00 3.362036433496860877e+00 3.416896203061259740e+00 3.471426686939798945e+00 3.525751814725198052e+00 3.580002527060606621e+00 3.634144501813644013e+00 3.688265054036562685e+00 3.742333414186215457e+00 3.796323778101423407e+00
2.701167735590308983e+00 2.496985781449535313e+00 2.618634771223326663e+00 2.834185950940240950e+00 2.893334744716135720e+00 2.953690354794471951e+00 3.012575752268189078e+00 3.070138714449189177e+00 3.126532178411294716e+00 3.181893641746444956e+00 3.236335091512538398e+00 3.290003290003289838e+00 3.342967580178987763e+00 3.395373976190805720e+00 3.447324875896303986e+00 3.498926309867658180e+00 3.550246428869768156e+00 3.601382376773853533e+00 3.652403562498244050e+00 3.703348101005390358e+00 3.754197401261131883e+00
2.674248395450962601e+00 2.254171979233440481e+00 2.839517565965542278e+00 2.897342218516136381e+00 2.967502398156008248e+00 3.035990284831088015e+00 3.102956082828241424e+00 3.168633285803833743e+00 3.233173738374332640e+00 3.296725939051778909e+00 3.359454808476795673e+00 3.421524882865143002e+00 3.483034140700647097e+00 3.544152495847781914e+00 3.604927658807461910e+00 3.665537035756276207e+00 3.726013786251008764e+00 3.786417978473511692e+00 3.846772557823985750e+00 3.907133603405375410e+00 3.967412494613211660e+00
2.540453188621591973e+00 2.395935366120064636e+00 2.793237571838578681e+00 2.901674680815785390e+00 2.973001002523593783e+00 3.042708563841557634e+00 3.111043513128603610e+00 3.178178351078162489e+00 3.244265588005880829e+00 3.309523152872389851e+00 3.374097945243210273e+00 3.438127458261132752e+00 3.501833312734313974e+00 3.565233488512406179e+00 3.628521548625611715e+00 3.691752351782979336e+00 3.755006675567423180e+00 3.818330764638091068e+00 3.881664679624033276e+00 3.945018894564179313e+00 4.753604816986214843e+00
2.120276201313157305e+00 2.568588248361656667e+00 2.768127776778175786e+00 3.115970766528807889e+00 3.085099669754103768e+00 3.164731135450492339e+00 3.242654008817259292e+00 3.319115279229400528e+00 3.394339073691793995e+00 3.468488779438798630e+00 3.541765049029139245e+00 3.614399210392787776e+00 3.686520550613144653e+00 3.758293871247684326e+00 3.829897823797343559e+00 3.901464075729471404e+00 3.973174223689709628e+00 4.045109950273045207e+00 4.117610111175473264e+00 4.277484563110145466e+00 4.266064830423923482e+00
2.319451765946231259e+00 2.399367696042454590e+00 2.586327415070599045e+00 2.842267991209765921e+00 2.881641833005341713e+00 2.941526652332560055e+00 3.000090700416524037e+00 3.057473389315907841e+00 3.113820519385262386e+00 3.169266383729262060e+00 3.223975161373973553e+00 3.278048236131065440e+00 3.331621250190874406e+00 3.384796048768693666e+00 3.437725600742548071e+00 3.490474495102863894e+00 3.543216824027178191e+00 3.596002904463883709e+00 3.648856118030168183e+00 3.701850239591973235e+00 3.754928343450779415e+00
1.989526563732351816e+00 2.748549963705045229e+00 2.916990776752972359e+00 3.191341751075343680e+00 3.076772465683497604e+00 3.156211424082594696e+00 3.234063635362765421e+00 3.310573142975377525e+00 3.385980629369149675e+00 3.460471039317872144e+00 3.534254549486493868e+00 3.607503607503607324e+00 3.680402205463660703e+00 3.753075436816279531e+00 3.825763786413073131e+00 3.898555482600130517e+00 3.971541848410355957e+00 4.044884267492380836e+00 4.118757508151707825e+00 4.193448595882171226e+00 4.269766609047772832e+00
2.333177788147456688e+00 2.614194368884021014e+00 2.715896350253135250e+00 2.972816017256159515e+00 2.954791687186052673e+00 3.020235578375113139e+00 3.083932013316978971e+00 3.146105121859138265e+00 3.206848713426238451e+00 3.266338642871041920e+00 3.324679734308572332e+00 3.382015957593660804e+00 3.438482116454511850e+00 3.494131913756603147e+00 3.549109938899636774e+00 3.603528686167300599e+00 3.657438667566958568e+00 3.710983135643305175e+00 3.764184130199706768e+00 3.817111765032479731e+00 3.869863943730820655e+00
2.512317333593870217e+00 2.675453418947842721e+00 2.913712485951743147e+00 2.896032435563278273e+00 2.964597193974283673e+00 3.031325998443000547e+00 3.096358682189744194e+00 3.159883221707023626e+00 3.222033102887922329e+00 3.282971158749118157e+00 3.342827893113077931e+00 3.401714741920927487e+00 3.459776636820326878e+00 3.517163759144625867e+00 3.573907724451713896e+00 3.630161850423632597e+00 3.686033410763217333e+00 3.741555517062185920e+00 3.796821715058884550e+00 3.851945232342332659e+00 3.906919359813564530e+00
2.003448793995378008e+00 2.483379098462433543e+00 2.781740370898715842e+00 3.166495721788932016e+00 3.110720926856581858e+00 3.192372358311873271e+00 3.272182963762313879e+00 3.350434509475447520e+00 3.427310178425767795e+00 3.503011903371820779e+00 3.577768298220748378e+00 3.651736681694967235e+00 3.725062774206009397e+00 3.797949107481959796e+00 3.870557498513982786e+00 3.943108553086692503e+00 4.015758389819359842e+00 4.088760758984878230e+00 4.162458716597974728e+00 4.237519820657225544e+00 4.315294936488602850e+00
2.297346217036562166e+00 2.716993750914372896e+00 2.634445733977941462e+00 2.888960730769495555e+00 2.981225214232230414e+00 3.050281111134219181e+00 3.117703707296119120e+00 3.183721493580648598e+00 3.248526067693753294e+00 3.312240799906153388e+00 3.375074044991803301e+00 3.437134804427029788e+00 3.498590273919037763e+00 3.559588204501832109e+00 3.620237125531721833e+00 3.680657796049890518e+00 3.740959348241748472e+00 3.801256488053687654e+00 3.861616224304736278e+00 3.922108305236358561e+00 3.982750569945340047e+00
2.726496523716932074e+00 2.594197411411664156e+00 2.621882086167800274e+00 2.954625395708758262e+00 2.932080450702651664e+00 2.996098104793756711e+00 3.058604280623386185e+00 3.119713818252405346e+00 3.179606281796062195e+00 3.238386594457535406e+00 3.296273151168460203e+00 3.353313492895166448e+00 3.409668148828534751e+00 3.465459762546696965e+00 3.520804433396942379e+00 3.575775496310762414e+00 3.630534853134590456e+00 3.685110761914032640e+00 3.739586290953663461e+00 3.793993074238097396e+00 3.848360598385087261e+00
1.973020767870452774e+00 2.459704256735248951e+00 2.912324816559052731e+00 3.172960855319882700e+00 3.048653742222468654e+00 3.125738021477292961e+00 3.201358489515550687e+00 3.275695039761361560e+00 3.348985187717596901e+00 3.421453209881715640e+00 3.493246390312063632e+00 3.564549187351333970e+00 3.635540495119458093e+00 3.706372902295891336e+00 3.777174673344338984e+00 3.848037500874553984e+00 3.919098607320316674e+00 3.990368077055383988e+00 4.061990099759722916e+00 4.865913249676176555e+00 4.207070637405685432e+00
2.210843115719807628e+00 2.315675721192643532e+00 2.832058906825261513e+00 3.074063982449888321e+00 3.000488451608401164e+00 3.072454052846209649e+00 3.142940954615932814e+00 3.212133485095002072e+00 3.280221659233824028e+00 3.347420394158751478e+00 3.413872864587687239e+00 3.479713271626417193e+00 3.545162590888237375e+00 3.610333886454999419e+00 3.675323324433965144e+00 3.740285647000152647e+00 3.805227690987836642e+00 3.870289995300361774e+00 3.935431309462986249e+00 4.000689774098981744e+00 4.763449842253871580e+00
2.501000400160063641e+00 2.468857130764781083e+00 2.603268861386486943e+00 2.851281338015925204e+00 2.895772861092533734e+00 2.955914644445694961e+00 3.014539897085009468e+00 3.071810553065527305e+00 3.127845470532220062e+00 3.182774272113361391e+00 3.236713977783745921e+00 3.289819059951702318e+00 3.342152903495334559e+00 3.393845365323211904e+00 3.445020911276931663e+00 3.495736572258931307e+00 3.546123947461740311e+00 3.596276470669598879e+00 3.646220314262913043e+00 3.696047966489165226e+00 3.745785990760394757e+00
2.401587873393938199e+00 2.286838895664707660e+00 2.910925674364447602e+00 2.896431871784615364e+00 2.965762683808315092e+00 3.033311272887712295e+00 3.099258932752968487e+00 3.163773418801067550e+00 3.227002458014637920e+00 3.289105363341171095e+00 3.350224046233091890e+00 3.410475030450669909e+00 3.470029356448355529e+00 3.528947750814771744e+00 3.587406094369882670e+00 3.645464551362492589e+00 3.703195720751610853e+00 3.760709474936580143e+00 3.818039193907797557e+00 3.875271615019445726e+00 3.932390479475681211e+00
2.519138454648509828e+00 2.223040424600720932e+00 2.830494784295586097e+00 3.068682698209005189e+00 2.968936637368555065e+00 3.037163841183941670e+00 3.103854987894965056e+00 3.169200879108764912e+00 3.233329434992879392e+00 3.296476890323466247e+00 3.358733757373470574e+00 3.420282976064999314e+00 3.481239599796695394e+00 3.541765049029139245e+00 3.601931189260703547e+00 3.661890088023546763e+00 3.721701028032132985e+00 3.781433163168840927e+00 3.841141367720693811e+00 3.900876670704415794e+00 3.960561148979633739e+00
2.424432575816998003e+00 2.666909963715987875e+00 2.828444493501475865e+00 3.066330299524718583e+00 3.003296641895289554e+00 3.074772886093640523e+00 3.144654088050314655e+00 3.213143152512538236e+00 3.280381920209944013e+00 3.346603546005340934e+00 3.411947386378670011e+00 3.476519586711351195e+00 3.540535662219013613e+00 3.604128112892381886e+00 3.667388611720419966e+00 3.730441090117784686e+00 3.793417386266449753e+00 3.856347548064113617e+00 3.919345469306625862e+00 3.982422411425432962e+00 4.045702487409493564e+00
2.194859638726103235e+00 2.596491228070175517e+00 2.671841601979974890e+00 2.974810961140666787e+00 2.942350938399780791e+00 3.007623977058124343e+00 3.071360263578553074e+00 3.133748380896669516e+00 3.194932559140979844e+00 3.255093159350962218e+00 3.314344899016053780e+00 3.372843789149079896e+00 3.430720039521894194e+00 3.488088178869162004e+00 3.545064019685531420e+00 3.601781496540211958e+00 3.658339254683729447e+00 3.714786915694974656e+00 3.771230312463573320e+00 3.827620382078534167e+00 3.884033846580662974e+00
1.965065502183406254e+00 2.398534713338760227e+00 3.055216087101433331e+00 2.974019812636751858e+00 3.052329708396036345e+00 3.128737102650387847e+00 3.203498777795574792e+00 3.276791254453298663e+00 3.348844997313947136e+00 3.419829427283259449e+00 3.489938507283501412e+00 3.559327834628152942e+00 3.628173796370457005e+00 3.696579295048636915e+00 3.764725209284496721e+00 3.832728765998220766e+00 3.900716500030795064e+00 3.968806572900709373e+00 4.037169804754115354e+00 4.105918786318243363e+00 4.175568747259783109e+00
2.175255417087683885e+00 2.389100082213149623e+00 2.637262379095774989e+00 2.792087224804902679e+00 2.881074851730049957e+00 2.939653120931730257e+00 2.996703626011387289e+00 3.052397172370255873e+00 3.106790754190714932e+00 3.160090167906123959e+00 3.212357800791915796e+00 3.263730235335782215e+00 3.314299129305999791e+00 3.364183121412682276e+00 3.413468571707221955e+00 3.462268201143933410e+00 3.510607541611024285e+00 3.558619534727940348e+00 3.606352729038074578e+00 3.653892097755666590e+00 3.701241286661137497e+00
2.373704934513669595e+00 2.742095382733236164e+00 2.892661107113124075e+00 3.107648959973480896e+00 3.058256224973862736e+00 3.134905430352850964e+00 3.209780060288042414e+00 3.283177557036478067e+00 3.355259019006143539e+00 3.426206367261912966e+00 3.496191892947974722e+00 3.565404604857178139e+00 3.633994994686139179e+00 3.702104029123217899e+00 3.769886149438286704e+00 3.837430018296318135e+00 3.904965471884247918e+00 3.972540683695159558e+00 4.040321034322184701e+00 4.185937993220152364e+00 4.177632953168734176e+00
2.692839173723558410e+00 2.321752712229304461e+00 2.733504352580007790e+00 2.877092031858531573e+00 2.930689200410296014e+00 2.994679221104827427e+00 3.057082121757181969e+00 3.118134788462900708e+00 3.177914873332457368e+00 3.236624820091864585e+00 3.294372799461919410e+00 3.351276626940074888e+00 3.407486735140923706e+00 3.463131502029394682e+00 3.518252694981563788e+00 3.572999120492523772e+00 3.627453664412626733e+00 3.681706088708277314e+00 3.735757424817881756e+00 3.789705781023909648e+00 3.843546685115690309e+00
2.258897940167440499e+00 2.688514383551952047e+00 2.709679259544488961e+00 3.025080023919237693e+00 3.029551901732352448e+00 3.103170060615255021e+00 3.175063328708784383e+00 3.245497735056899646e+00 3.314619543825485071e+00 3.382599631365672543e+00 3.449631924273679484e+00 3.515883520847121080e+00 3.581489210763752151e+00 3.646546445305243189e+00 3.711289191901141926e+00 3.775786908317028345e+00 3.840193106853373450e+00 3.904590976969763094e+00 3.969150122838352779e+00 4.033940742801501500e+00 4.099300339755569844e+00
2.296507872716051057e+00 2.692152375824471644e+00 2.758464596167855998e+00 3.019217671551245541e+00 3.010529853254172217e+00 3.082549268244838103e+00 3.152894357019744298e+00 3.221829999439681735e+00 3.289496707003828124e+00 3.356080098445016535e+00 3.421739919833521437e+00 3.486653091963962225e+00 3.550913838120104415e+00 3.614725836948058824e+00 3.678180064264051641e+00 3.741451821879178574e+00 3.804569634000400491e+00 3.867670419227847045e+00 3.930790502658454866e+00 4.061207211051989674e+00 4.057548415492957972e+00
2.458245969199623904e+00 2.455554464198015818e+00 2.764055933152369970e+00 3.054049739364618876e+00 3.044540239826737604e+00 3.119670562788569246e+00 3.193029262339284635e+00 3.264886493095112474e+00 3.335441146835847803e+00 3.404834865509022812e+00 3.473283503292672769e+00 3.540879804487891303e+00 3.607854020675778983e+00 3.674329608163944272e+00 3.740389277550737024e+00 3.806254714565498798e+00 3.872029427423648418e+00 3.937796630075093951e+00 4.003727608463051979e+00 4.069975994039898737e+00 4.136846895296405258e+00
2.402012038319156773e+00 2.739668289393268896e+00 2.750955957195125645e+00 3.060976033949006858e+00 3.047239132090890479e+00 3.123558016540659565e+00 3.198242357243670675e+00 3.271636305417690238e+00 3.343829241786719475e+00 3.415133922037370873e+00 3.485632223972784161e+00 3.555592738224713223e+00 3.625108056105518450e+00 3.694379070658420083e+00 3.763540191187842332e+00 3.832702534374550662e+00 3.901971522453449914e+00 3.971487459001239007e+00 4.041289650873672201e+00 4.111532162460340700e+00 4.182551219110830942e+00
2.192486137829580350e+00 2.541672844343719095e+00 2.886955087227285777e+00 2.962962962962962798e+00 3.075224176853346592e+00 3.153888744822365808e+00 3.230884506190236483e+00 3.306422726145537450e+00 3.380709259003725986e+00 3.453963599453004907e+00 3.526361279170267427e+00 3.598117907556047879e+00 3.669369076219027193e+00 3.740285647000152647e+00 3.810975609756097171e+00 3.881691585740328243e+00 3.952459539295768653e+00 4.023513686766049702e+00 4.094947251526929399e+00 4.250651309474839046e+00 4.240882103477523479e+00
2.532518237648697657e+00 2.699410282676707240e+00 2.737379976416418614e+00 2.976087483129735922e+00 3.008739338217286896e+00 3.080865723268238376e+00 3.151414985328412133e+00 3.220566819760277699e+00 3.288553036663867779e+00 3.355517029248923588e+00 3.421620451514241434e+00 3.487066470461059886e+00 3.551977267345488798e+00 3.616535914983586508e+00 3.680811167442183507e+00 3.744980685608870541e+00 3.809128055959553727e+00 3.873341725573738348e+00 3.937687817346551267e+00 4.002235731684596232e+00 4.067002136899427356e+00
