2.217231464660191609e+00 2.322504363493046231e+00 2.556237218813905532e+00 2.856903952282735748e+00 2.948416426107884902e+00 3.352962132483916058e+00 3.037205770690964535e+00 3.232175605505940741e+00 3.477728625879864754e+00 3.671300818076653982e+00 4.102321635922431042e+00 4.194777502009998216e+00 4.278251989042153980e+00 4.353384237985005178e+00 4.421202428898084236e+00 4.482913203903581945e+00 4.539514409519223470e+00 4.591815436848622589e+00 4.640466230371851353e+00 4.685906447255988816e+00 4.728521206389671327e+00
2.917862179643047948e+00 0.000000000000000000e+00 1.531449407474931634e+00 2.589893814353611212e+00 2.505149473918610425e+00 2.452216803990807659e+00 3.137659584852773964e+00 3.123785194646526264e+00 3.272319656893802886e+00 3.585094281085180246e+00 4.023502806046352909e+00 4.113336121261148115e+00 4.194717406701919948e+00 4.268091199471307107e+00 4.334335505087683948e+00 4.394531250000000000e+00 4.449697559618994269e+00 4.500605850787605000e+00 4.547897630958778414e+00 4.592092006332974208e+00 4.633503689513759127e+00
2.920357674282773708e+00 2.473338861973142233e+00 2.468387014873794971e+00 2.515542458763071920e+00 2.638907214633435139e+00 3.276293965476052339e+00 3.120319520718921602e+00 3.162120545534536031e+00 3.230087563460687150e+00 3.384842812044513760e+00 3.969476097594359931e+00 4.060856840793407585e+00 4.144613022238226918e+00 4.220635447802502327e+00 4.289529397113560627e+00 4.352301538504051770e+00 4.409869839935504743e+00 4.463120888779027240e+00 4.512727944042172368e+00 4.559207526837153246e+00 4.602944510473416351e+00
2.805403206575864505e+00 2.917456811219705237e+00 2.647603918453798943e+00 2.318865020975187985e+00 2.326599879564241746e+00 2.828444493501475865e+00 2.966744859942044954e+00 3.010719561975311986e+00 3.112657448589274178e+00 3.340571237681642991e+00 3.894839337877312513e+00 3.981875600713991936e+00 4.061654539071050785e+00 4.134053577334362295e+00 4.199626852827174517e+00 4.259265620169682798e+00 4.313857067535828094e+00 4.364281086978758495e+00 4.411116012351124382e+00 4.454923032637450042e+00 4.496029659961818581e+00
2.250699826977450524e+00 2.376774716709425306e+00 2.462395699953566108e+00 2.676376749329144822e+00 2.620635435128928048e+00 2.919180405349050211e+00 3.161555485298766843e+00 3.276745564192840021e+00 3.381992614832453281e+00 3.286529424927276732e+00 3.932146331031533215e+00 4.023788089587255534e+00 4.108435302415074375e+00 4.185679486739629418e+00 4.255912928207632895e+00 4.319895207703348561e+00 4.378648874061717322e+00 4.432992547031279429e+00 4.483717208506647012e+00 4.531255363701897743e+00 4.576151318070251328e+00
2.273322219313594239e+00 2.427908460914142363e+00 2.587068850991826263e+00 2.583423035522066868e+00 2.855133320798601826e+00 3.154485678635018608e+00 3.088196072376085954e+00 3.234675723758693167e+00 3.386948497646415923e+00 3.319869418469540090e+00 3.883710608078118742e+00 3.973283096420619831e+00 4.056237324258360921e+00 4.132057764766854824e+00 4.201072995365045415e+00 4.263981733652444817e+00 4.321669399150757762e+00 4.375021362408995529e+00 4.424688399828458962e+00 4.471287455631069996e+00 4.515228634759051118e+00
2.691275310381948227e+00 2.803731766981852669e+00 2.510425238141727355e+00 2.554278416347381953e+00 2.711930407693537770e+00 2.941856311332450957e+00 2.810943001103294758e+00 3.105847275136657260e+00 3.135629613976727459e+00 3.669851821077413145e+00 3.808758760145148248e+00 3.896503400895511948e+00 3.975298318722970237e+00 4.047311677889815051e+00 4.112800405796306791e+00 4.172461752433935800e+00 4.227069878315824702e+00 4.277455052226345700e+00 4.324324324324324564e+00 4.368153431389277586e+00 4.409383719728547035e+00
2.889338341519791520e+00 2.989432703003336744e+00 2.375911057070781318e+00 2.302655249334388810e+00 2.353864260494311633e+00 2.826974995406165370e+00 3.102827710320005039e+00 2.919890712661897592e+00 3.247440875397105575e+00 3.507589460725314190e+00 3.895083153069812010e+00 3.982313037268957245e+00 4.062353686413836762e+00 4.135050757748051531e+00 4.200870475455897868e+00 4.260758414997869004e+00 4.315625348034301645e+00 4.366246188062409495e+00 4.413306117945605678e+00 4.457305867186000192e+00 4.498674621246202321e+00
2.768608241933765868e+00 2.521079021821339250e+00 2.504794893081040197e+00 2.483477972930089983e+00 2.709061096456832907e+00 3.004657218688968179e+00 2.896482539861957584e+00 3.325158984163930409e+00 3.420641125879593236e+00 3.477752815240903406e+00 3.953673849174159205e+00 4.046417206188960947e+00 4.132032202304296575e+00 4.210148528518579347e+00 4.281147071212047628e+00 4.345876590901252001e+00 4.405346989909001643e+00 4.460364514712340522e+00 4.511695703477475838e+00 4.559901451682059736e+00 4.605412390621455465e+00
2.804262478968031047e+00 2.350092579404643445e+00 2.479649165066701855e+00 2.564851559216009935e+00 2.606844414835840507e+00 2.570301211514949280e+00 2.839236868529483093e+00 3.212649458040004014e+00 3.343456576857708029e+00 3.610985729662164356e+00 3.813670970336573873e+00 3.902158509786202600e+00 3.983051429434749657e+00 4.057391097524290835e+00 4.125185633353500414e+00 4.186972338527009008e+00 4.243639673924203493e+00 4.296001309257540868e+00 4.344737695082169893e+00 4.390396877939997999e+00 4.433470657244972912e+00
2.605684506462783379e+00 2.720367179816270298e+00 2.066527948009007076e+00 2.442871700378296040e+00 2.400909521018550485e+00 2.687259560986648754e+00 2.898837636810995377e+00 2.892681515765114231e+00 2.816762553958607196e+00 3.452919443389385723e+00 3.737231126982808682e+00 3.813115731528920804e+00 3.890455878061996664e+00 3.961827445038331952e+00 4.026994751020635199e+00 4.086495172394686293e+00 4.141015376970432982e+00 4.191316416905434217e+00 4.238070174239368271e+00 4.281797526226009509e+00 4.323003870117750225e+00
3.059975520195838072e+00 1.572169737161804637e+00 2.222923359339146199e+00 2.677734636497522747e+00 2.240519800593737454e+00 3.091233542694150405e+00 3.090510758411340042e+00 3.365338388208952480e+00 3.555604179202450421e+00 3.889834334734136423e+00 4.148803761582076532e+00 4.243407319193204685e+00 4.328825857519789544e+00 4.405710902757699721e+00 4.941966216169839221e+00 4.538453075145779891e+00 4.596565610828685422e+00 4.650399387241491489e+00 4.700482490702722060e+00 4.747325329388695003e+00 4.791337262229888871e+00
2.569446427041996550e+00 2.656655271013793396e+00 2.767625873753681187e+00 1.432233855143867807e+00 2.076843198338525376e+00 2.589462326919618196e+00 3.300098300800449636e+00 3.036851844004689216e+00 3.253518299309837936e+00 3.393751341916984909e+00 3.828850387671101974e+00 3.915964770057296818e+00 3.995315836605358939e+00 4.067787261620771311e+00 4.133683318520967376e+00 4.193650400802980904e+00 4.248583234542351761e+00 4.299285763816655503e+00 4.346446262746126443e+00 4.390568510019414283e+00 4.432040885577168687e+00
2.243630193653331162e+00 2.343600196010198200e+00 2.486599988948444473e+00 2.716539546546860251e+00 3.142128966937820067e+00 2.857899652869749119e+00 3.332553374033027538e+00 3.327881272525154088e+00 3.505057798403095504e+00 3.427273960572069011e+00 3.966486667037799840e+00 4.058804510088536155e+00 4.143732259646263572e+00 4.220956704055578435e+00 4.291073183561036508e+00 4.354949088571369309e+00 4.413640908934174156e+00 4.467906682613656422e+00 4.518532936629313213e+00 4.566020505582997657e+00 4.610768553182118090e+00
0.000000000000000000e+00 0.000000000000000000e+00 0.000000000000000000e+00 1.659044678794523664e+00 1.054287707005336028e+00 2.315610724786156371e+00 3.164267682982567997e+00 3.115027585299838364e+00 3.479713271626417193e+00 3.608054287339892863e+00 4.062381657314007910e+00 4.152680209018236646e+00 4.234220698509827407e+00 4.307529840065585702e+00 4.373693966385038046e+00 4.433852463559274426e+00 4.488940882008868982e+00 4.539795434066349777e+00 4.586998938828603656e+00 4.631048455749651183e+00 4.672319256826395595e+00
2.588879015386337912e+00 2.700014210601108466e+00 2.806485788657587133e+00 2.369007803790412314e+00 2.171081198436821236e+00 2.636116217101981629e+00 2.773378485881313527e+00 2.586308820052021673e+00 2.625901322886504019e+00 3.415514801725880734e+00 3.723624327678940471e+00 3.786001431796904626e+00 3.862788243328067583e+00 3.933747412008281152e+00 3.998786575108242758e+00 4.058162409035257490e+00 4.112603072114493941e+00 4.162792956554318025e+00 4.209451253174340657e+00 4.253100647568873072e+00 4.294253319388553258e+00
1.523361841962089791e+00 2.849043433667146186e+00 2.490465076564011948e+00 2.608664998061127172e+00 2.662891900604055895e+00 3.361062095622215917e+00 3.172879635048333480e+00 3.182510031825099617e+00 3.467767104761243946e+00 3.660625483478836983e+00 4.118389984075559340e+00 4.213027232731768379e+00 4.298749202651356960e+00 4.375978612404531454e+00 4.445873203696230291e+00 4.509521239161775163e+00 4.567984564302904893e+00 4.622124107481631938e+00 4.672543994063119932e+00 4.719731252949832090e+00 4.764173415912339671e+00
1.869817548956857589e+00 2.760377959443677920e+00 2.606274262355797067e+00 2.524774348292620818e+00 2.771714651976578736e+00 3.340199298558146790e+00 3.002478790629472538e+00 3.318669990043990214e+00 3.386761219510509235e+00 3.736765621756279021e+00 4.079939146670354511e+00 4.172113592746084620e+00 4.255494392356582445e+00 4.330611234842860036e+00 4.398444050417165130e+00 4.460180877489124285e+00 4.516804566078797656e+00 4.569106023718433995e+00 4.617759766217296225e+00 4.663251520700036679e+00 4.705946543175354435e+00
2.802690582959641130e+00 2.922674386238378830e+00 2.406176797378682952e+00 2.557290408740250154e+00 2.541116679607537954e+00 2.548525299279524425e+00 2.951289988263474218e+00 3.157403753004915270e+00 3.366957095346727602e+00 3.638985203748840824e+00 4.031865641553241453e+00 4.126008293276669292e+00 4.212128211747761419e+00 4.290212088710513960e+00 4.361008431282966669e+00 4.425513082923051122e+00 4.484769034394727960e+00 4.539639305022491911e+00 4.590833407563225776e+00 4.638883393479638961e+00 4.684163394640766143e+00
2.581218765460424613e+00 2.422169979340314416e+00 2.605285208317197121e+00 2.737495262027431320e+00 2.889195817008202827e+00 3.213681901381883144e+00 3.300237336216945039e+00 3.350972480138506793e+00 3.320305744820668536e+00 3.536116927599739057e+00 4.006271887713869440e+00 4.099528206838568778e+00 4.184932869560443969e+00 4.262428071526293216e+00 4.332696037302448566e+00 4.396751899534218744e+00 4.455533772945997839e+00 4.509973980919339986e+00 4.560688249317625065e+00 4.608294930875575623e+00 4.653167917775784979e+00
0.000000000000000000e+00 0.000000000000000000e+00 1.653128545772875047e+00 1.672411035004290003e+00 5.616137033743623386e-01 3.065475775774380907e+00 3.559165899003433609e+00 3.389525673927630045e+00 3.488355868112241076e+00 4.078106099879038382e+00 4.185076429100688777e+00 4.279315033509797139e+00 4.364102529133793595e+00 4.440220068407140452e+00 4.508997499555930766e+00 4.571568935165600145e+00 4.629053876659895650e+00 4.682195949900503251e+00 4.731634059536300008e+00 4.777830864787386389e+00 4.821169064624326595e+00
2.793900914304074057e+00 2.293657688966116659e+00 2.436594787120446082e+00 2.553481246098847635e+00 2.520425951985885149e+00 2.653149567815899168e+00 3.108047016274864127e+00 3.215060162668363031e+00 3.370616478875177346e+00 3.472198109735348925e+00 3.828697129173280089e+00 3.917121946191114201e+00 3.998841714813639925e+00 4.073910401590896235e+00 4.142301877153133027e+00 4.204750678963838695e+00 4.261988561372634265e+00 4.314861616223879537e+00 4.364162046791999927e+00 4.410356067340623909e+00 4.453878005497755588e+00
2.650790580379850603e+00 2.391906912610977098e+00 2.490358753966785521e+00 2.365642271876814196e+00 2.679675690531812648e+00 2.805855821098632408e+00 2.948734150553940392e+00 3.187405590432239588e+00 3.162533601919520265e+00 3.472897507848748067e+00 3.780427188272274197e+00 3.867590284060693495e+00 3.946357235334436275e+00 4.018624244775788057e+00 4.084458290065766661e+00 4.144476449012578279e+00 4.199482293330396132e+00 4.250243360708555684e+00 4.297437226720509429e+00 4.341593847341290058e+00 4.383201380708435124e+00
2.092397382338722966e+00 2.399316900364837579e+00 2.480949849370901905e+00 2.685607265274390976e+00 2.680095354971576249e+00 3.174844191070405053e+00 2.928951993082093974e+00 3.302301071491305251e+00 3.428251591688238786e+00 3.603129179110164948e+00 3.968009632685453258e+00 4.060732032981402284e+00 4.146137527381783094e+00 4.223908708176379534e+00 4.294507801689173121e+00 4.358866141296450891e+00 4.417951837528121040e+00 4.472641197842122551e+00 4.523708344185664032e+00 4.571568935165600145e+00 4.616741545161379356e+00
2.730824709062136257e+00 2.850250613499064833e+00 1.468008426368367259e+00 2.469389854923345951e+00 2.596840510711966754e+00 2.793624654472739444e+00 3.164156435894190711e+00 3.128043621990146406e+00 3.381385816121619481e+00 3.499718650069307824e+00 3.991933541189182311e+00 4.085080455313373271e+00 4.170605571929044686e+00 4.248292118047704236e+00 4.318795672978049005e+00 4.383021271350107106e+00 4.442014624478917817e+00 4.496651723947091561e+00 4.547552934205177699e+00 4.595364252243721026e+00 4.640402896157336698e+00
0.000000000000000000e+00 0.000000000000000000e+00 0.000000000000000000e+00 1.608939854902878608e+00 5.424317214070678572e-01 2.447557481607325780e+00 3.523145685528160431e+00 3.562024626860459176e+00 3.619130862309142049e+00 3.697373469601311857e+00 4.146481365021664978e+00 4.239703081777617122e+00 4.323656578134650985e+00 4.399109180390970764e+00 4.467231141411919459e+00 4.529203066133226763e+00 4.586088408832669217e+00 4.638693525611727431e+00 4.687553855168372863e+00 4.733224492035835063e+00 4.776037935387029698e+00
2.481020195504391346e+00 2.523800844071171223e+00 2.585857456354919481e+00 2.671708660446380446e+00 1.933792668777126966e+00 2.328042328042328357e+00 2.283609576427255927e+00 2.681776298598599784e+00 2.836172965045897332e+00 3.292515481828116375e+00 3.768413840356286126e+00 3.850490937594543528e+00 3.927621515097225569e+00 3.998345512201847196e+00 4.062717338162687319e+00 4.121332014507088637e+00 4.175016700066800368e+00 4.224493753289564779e+00 4.270501852846772195e+00 4.313502632605971776e+00 4.353955879913749882e+00
1.934437450709045825e+00 2.864693370383367466e+00 2.562989014744305738e+00 2.433351225621756875e+00 2.777681330509357061e+00 3.382786449523992989e+00 3.313172327256834748e+00 3.237315920706423711e+00 3.422552525704068316e+00 4.053478434120669327e+00 4.152335342602268220e+00 4.246225384074566733e+00 4.330789853578057347e+00 4.406833345957074322e+00 4.475547237366749975e+00 4.538047401967861383e+00 4.595428245173059700e+00 4.648491974515326142e+00 4.697872340425531590e+00 4.743996094797418017e+00 4.787311542971324663e+00
2.612145771853776388e+00 2.725119311313437542e+00 2.366337769619091258e+00 2.570497634447447055e+00 2.590002590002590033e+00 2.778298708785674975e+00 3.080606879555272570e+00 3.108722384182820431e+00 3.108442246555986888e+00 3.272570290632093482e+00 3.868311620131798634e+00 3.955669224211423973e+00 4.036074152424427908e+00 4.109335725879911472e+00 4.175851257547336992e+00 4.236346463692426845e+00 4.291815784190889715e+00 4.343030470150282873e+00 4.390641660917016686e+00 4.435225241208017977e+00 4.477169877601062886e+00
2.870585599462290194e+00 0.000000000000000000e+00 1.519664458087654380e+00 2.354435256597769754e+00 2.093437074770594375e+00 2.394501098653444959e+00 3.126107162953545515e+00 3.006866844747772660e+00 3.198687147535967945e+00 3.472101663136696548e+00 3.904671219832989149e+00 3.993692719773598299e+00 4.075588582917848868e+00 4.150181224580139272e+00 4.217892160252243450e+00 4.279513358195267791e+00 4.336006056643380013e+00 4.388220370941753323e+00 4.436834041609183821e+00 4.482325844401229276e+00 4.525197120329105260e+00
3.001389014916205245e+00 1.498688647433495724e+00 2.610468684958761276e+00 2.580213251138431918e+00 2.774309890414758950e+00 2.937679233405609214e+00 3.275877691272921943e+00 3.288504621034097575e+00 3.632350270330683362e+00 4.068628803133534255e+00 4.174987648994871847e+00 4.268737692953828322e+00 4.353001190273763754e+00 4.428728608894823893e+00 4.497056157853589475e+00 4.559270516717323751e+00 4.616328021111088198e+00 4.669079024162484437e+00 4.718142282760318551e+00 4.763978875156530179e+00 4.806899961544800703e+00
2.679622878338070002e+00 2.795150414031654762e+00 1.451336681083277735e+00 2.517024876595863159e+00 2.406364125357415507e+00 2.709123494352519312e+00 2.914925808197882162e+00 2.790003417754186810e+00 3.257622490071182320e+00 3.902612696499972778e+00 3.928650198500220458e+00 4.015174590867554016e+00 4.093952746070846693e+00 4.165133666081233699e+00 4.229414538092465037e+00 4.287808791391186425e+00 4.341249330158794884e+00 4.390488668357817481e+00 4.436254436254436051e+00 4.478928364708800736e+00 4.518907519872922052e+00
2.583095386033133600e+00 2.677074380398179354e+00 2.789769913726364958e+00 2.142324200137403878e+00 2.168529736838423982e+00 2.822367260539777600e+00 3.178705437659366861e+00 2.747856671795998906e+00 3.141975394841574065e+00 3.504528400423291501e+00 3.847391468584299812e+00 3.934236136994242905e+00 4.013632745800991941e+00 4.085985761378432279e+00 4.151645781581914996e+00 4.211384322782230072e+00 4.266123538680666627e+00 4.316635490965897937e+00 4.363626446303531026e+00 4.407531369227167595e+00 4.448824825811397154e+00
1.791780743373994733e+00 2.336597489219788493e+00 2.468439241131250128e+00 2.475807820723218367e+00 2.738699261992619594e+00 3.355222163638977850e+00 3.268428372739916821e+00 3.235778066932413655e+00 3.491787452843752249e+00 3.641609591439415539e+00 4.127342266736372167e+00 4.222797568776218924e+00 4.309371857749686896e+00 4.387438215957935483e+00 4.458100711924391391e+00 4.522437456745626250e+00 4.581615227622974906e+00 4.636421512995820393e+00 4.687521541918850509e+00 4.735400896294719608e+00 4.780512138343865125e+00
2.859414447714560659e+00 2.974609582492298010e+00 2.006316180568456176e+00 2.505296913474202913e+00 2.326595899374727328e+00 2.658476692854994106e+00 3.112091891586034720e+00 3.082276226745938708e+00 3.517750846674346121e+00 3.549512283360295672e+00 4.021410544415785715e+00 4.113787358331447486e+00 4.197950574293401793e+00 4.274122943078332959e+00 4.343090350066870720e+00 4.405832220401756594e+00 4.463488662738796187e+00 4.516743219673543308e+00 4.566365650025558054e+00 4.612863693320297998e+00 4.656593597531310635e+00
2.562168163637140061e+00 2.650947015940562590e+00 2.761452949090136499e+00 1.426065627540179293e+00 2.321515369157217457e+00 2.374898717554692062e+00 3.260877106561301364e+00 2.860591514508780353e+00 2.932592271921127036e+00 3.396480137522787324e+00 3.767976387347972356e+00 3.850676275020800343e+00 3.928027509975121845e+00 3.998951998786524520e+00 4.063500809256516355e+00 4.122323066458718266e+00 4.176165732164006883e+00 4.225839972289573865e+00 4.272002535640214482e+00 4.315186717444312592e+00 4.355792166488056338e+00
2.803495959461448805e+00 2.923476227146972306e+00 2.350645002742418832e+00 2.476235022217330606e+00 2.638962193394260858e+00 3.258932595566465196e+00 3.081405120735055014e+00 3.315581159210062800e+00 3.500101502943584908e+00 3.482112388659456048e+00 3.952380627883363307e+00 4.045504955743571607e+00 4.131690756719162749e+00 4.210383348612951160e+00 4.281974957352910671e+00 4.347316049876825517e+00 4.407318903954879907e+00 4.462875739807477871e+00 4.514766760203372087e+00 4.563473143619991568e+00 4.609499697286587150e+00
2.829474637296720108e+00 2.910236935875413433e+00 2.482096057117410215e+00 2.468700405572209267e+00 2.612643783673094688e+00 3.263322339871550071e+00 3.211909200723377378e+00 2.926768081503522190e+00 3.379100607548497059e+00 3.515980475967239283e+00 3.945336680067206281e+00 4.035652906017992869e+00 4.118446521971912411e+00 4.193650400802980904e+00 4.261842078129189026e+00 4.323893975374394572e+00 4.380831125805148218e+00 4.433440417971120873e+00 4.482418575142575357e+00 4.528301886792451825e+00 4.571506550218339626e+00
2.861829476843610998e+00 2.974441052952132569e+00 2.364016881861732422e+00 2.566259391796524181e+00 2.427773731488225284e+00 2.804360781014477055e+00 3.141777967060202847e+00 3.323856805420008165e+00 3.300863140595700074e+00 3.551209118412336441e+00 3.999531089458476796e+00 4.090291450597598022e+00 4.172984100930574591e+00 4.247739106604549342e+00 4.315364066031919243e+00 4.376906347881988069e+00 4.433330331599254492e+00 4.485449890624029656e+00 4.533932361972672354e+00 4.579286588158101523e+00 4.621932795717468956e+00
2.644214042168255396e+00 2.754762560657752601e+00 2.867654258816288326e+00 1.477432222796779104e+00 1.923871684884068678e+00 2.541277066469344259e+00 3.326956666389420558e+00 2.820855063090831560e+00 3.223085521488379346e+00 3.295147019644684594e+00 3.870798283024476039e+00 3.957481375537210244e+00 4.036945007064653979e+00 4.109223151363234905e+00 4.174697160510148386e+00 4.234317407209445605e+00 4.288876591034864738e+00 4.339231473892289692e+00 4.386025027755314554e+00 4.429801489520750479e+00 4.470918395421778158e+00
2.028544519307396765e+00 2.222493063670841540e+00 2.586448447053244504e+00 2.628248134289646210e+00 2.899739730677831862e+00 3.317592416124910848e+00 3.088347322402871242e+00 3.247717959880317640e+00 3.478986919009184664e+00 3.561726110245899246e+00 4.109321892238256169e+00 4.204547804329994420e+00 4.290954391307356453e+00 4.368992635126700996e+00 4.439604042814431217e+00 4.503981929478560353e+00 4.563131261535527727e+00 4.617918903830115163e+00 4.668982848354182202e+00 4.716882972746127223e+00 4.761937156035074281e+00
2.489862701856726090e+00 2.572141620727290245e+00 2.689275452576750602e+00 2.551761778861488583e+00 2.064468363802038908e+00 2.567522269689685999e+00 3.092232873246563152e+00 2.778945568294368229e+00 2.804144525608850191e+00 3.428971308607417612e+00 3.746409690713066620e+00 3.826757233254519885e+00 3.904615813694046089e+00 3.976333957206419356e+00 4.041843354592972837e+00 4.101608664822101957e+00 4.156391144115935354e+00 4.206925565003896139e+00 4.253888534398176269e+00 4.297847665177200405e+00 4.339291249095981406e+00
2.848428848331585161e+00 2.977818713166806130e+00 0.000000000000000000e+00 1.568571530426722482e+00 1.591492747856910306e+00 2.415201562777481659e+00 3.077783995523223126e+00 3.244937552212425746e+00 3.247983543550045482e+00 3.472222222222221877e+00 4.095942240272137269e+00 4.189186405059987628e+00 4.273591241172999489e+00 4.349687236774879118e+00 4.418432340205693976e+00 4.481028016765939093e+00 4.538453075145779891e+00 4.591588484021956518e+00 4.641036316109173221e+00 4.687327671776771787e+00 4.730758155415690780e+00
2.721981043844833081e+00 2.766710934041610948e+00 2.459938150126510958e+00 2.615598866102545550e+00 2.670629241335862325e+00 2.829154436467800071e+00 3.301605142074391264e+00 3.120406068843091685e+00 3.237886082720950576e+00 3.358030336588955667e+00 3.861403206343733796e+00 3.949501808456091556e+00 4.031018344549584853e+00 4.105511649389304907e+00 4.173274351055837883e+00 4.235030533204005465e+00 4.291607830107706079e+00 4.343898890582011951e+00 4.392587508579272715e+00 4.438187832430670277e+00 4.481168906119511242e+00
2.916930000625056252e+00 3.024505528514756403e+00 2.050339366515836925e+00 2.492867628728914653e+00 2.510994569077459992e+00 2.805875503303918883e+00 2.848804891606448120e+00 3.076397197060330768e+00 3.373724310495093803e+00 3.676139082907339706e+00 4.014590961632968913e+00 4.103291674490739283e+00 4.183526507098278557e+00 4.255786496801296614e+00 4.320958018120588662e+00 4.380171511090731329e+00 4.434374718521135073e+00 4.484397745382795009e+00 4.530788769135718042e+00 4.574096957201471803e+00 4.614579315664774306e+00
2.853106754904212394e+00 2.391318108608041726e+00 2.458883947703051298e+00 2.547734639283237179e+00 2.708220490812882630e+00 3.291270430386128876e+00 3.340036601234421809e+00 3.332407664537627934e+00 3.322235652536561723e+00 3.652300949598246582e+00 4.002539542330305622e+00 4.092769440654842050e+00 4.174822398948765390e+00 4.248903508771928905e+00 4.315925766076823322e+00 4.376846482109639780e+00 4.432654341614440163e+00 4.484212123929825822e+00 4.532157719088623971e+00 4.577002951142201681e+00 4.619063145310292384e+00
2.884277172001406875e+00 2.998605299860530149e+00 2.132342825698170241e+00 2.484913028044018368e+00 2.496134458442828219e+00 2.858876113044145129e+00 3.140462415643689553e+00 3.224811418636605254e+00 3.384796048768693666e+00 3.634533661373294589e+00 4.051529967587759629e+00 4.142136391723875377e+00 4.224084204694965372e+00 4.297885024643518292e+00 4.364482808787157886e+00 4.425023507937385858e+00 4.480533803904267920e+00 4.531753170510646633e+00 4.579380485004237222e+00 4.623846626317278385e+00 4.665491145858347011e+00
2.967170379161986116e+00 2.262235512855860442e+00 2.473218575991407153e+00 2.600816797058968177e+00 2.616505197652216896e+00 3.345997002544351506e+00 3.213597086338641606e+00 3.251267648503378904e+00 3.414420001533004623e+00 4.011231448054552118e+00 4.082988470747809906e+00 4.174348627682888058e+00 4.256867632014391667e+00 4.331057809309712070e+00 4.398051113600285333e+00 4.458967052413763454e+00 4.514798119065645210e+00 4.566365650025558054e+00 4.614261511549427652e+00 4.658989764129949585e+00 4.700912930917018784e+00
0.000000000000000000e+00 0.000000000000000000e+00 0.000000000000000000e+00 0.000000000000000000e+00 0.000000000000000000e+00 2.551653747482828027e+00 3.536484734174230926e+00 3.342990862491642012e+00 2.282331297678247051e+00 3.447348644157777642e+00 4.126462315082907395e+00 4.219007308409434387e+00 4.302388519561988645e+00 4.377325454147515060e+00 4.903619700119482339e+00 4.506534474988733940e+00 4.562958456337327107e+00 4.615119683141037044e+00 4.663594726657664502e+00 4.708869052493652951e+00 4.751280780036357676e+00
2.731666316453036369e+00 2.871128353442903069e+00 0.000000000000000000e+00 0.000000000000000000e+00 0.000000000000000000e+00 2.114164904862579242e+00 2.077001363897561959e+00 3.567082126820260601e+00 3.300214162833970732e+00 3.492391575496240463e+00 3.999834489607326571e+00 4.089129154104723440e+00 4.170199752568147566e+00 4.670875033486052708e+00 4.731926099658478435e+00 4.369346304830175498e+00 4.424319933635200819e+00 4.475073838718339303e+00 4.522220547325722428e+00 4.566273229185403792e+00 4.607534350200118034e+00
