1.944180419942970639e+00 2.710837092592464082e+00 2.773885644786161730e+00 2.834125707645762660e+00 2.891722620323872839e+00 2.946840370342450388e+00 2.999651203348447925e+00 3.050323403606313821e+00 3.099028032117198794e+00 3.145929167657051551e+00 3.191172507694270966e+00 3.234864961594581700e+00 3.277179673118759240e+00 3.318217011392544880e+00 3.358099315787264061e+00 3.396951063107031654e+00 3.669318268358706447e+00 3.471932894481015275e+00 3.508279539713724304e+00 3.544004725339633843e+00 3.579198540248437865e+00
1.906995140693863222e+00 2.680643636645809291e+00 2.739801090440834308e+00 2.796420581655480575e+00 2.850686598296540808e+00 2.902677374320980608e+00 2.952631356945010221e+00 3.000655957348815850e+00 3.046922608165752333e+00 3.091602785253054098e+00 3.134818076057652725e+00 3.176707825750669567e+00 3.685315755072524624e+00 3.257035543266598498e+00 3.295707341188102379e+00 3.333541679688313941e+00 3.370644495316208467e+00 3.407131334482950358e+00 3.443139018494575598e+00 3.478769072351438840e+00 3.514123261387516628e+00
1.875550041117827638e+00 2.643000222568439916e+00 2.697848111151341932e+00 2.750539793434461089e+00 2.801179296483819137e+00 2.849874188480947090e+00 2.896769042723810639e+00 2.942000560381059060e+00 2.985737893874376603e+00 3.028105040034364759e+00 3.069239247199319287e+00 3.109237891245767660e+00 3.148240133765225046e+00 3.186359548811487752e+00 3.223704035937291934e+00 3.260353393957005963e+00 3.296476890323466247e+00 3.493547417919102838e+00 3.474828343479831716e+00 3.402446984320969037e+00 3.437366275929316206e+00
1.845254148273268058e+00 2.637281176940183602e+00 2.690189304373681090e+00 2.740881298756061124e+00 2.789497541755291188e+00 2.836115089550333757e+00 2.880912898057843119e+00 2.924037678314082900e+00 2.965578111209179024e+00 3.005668831214220127e+00 3.044477041875397472e+00 3.082095825161109026e+00 3.539405379896177095e+00 3.154249665718106055e+00 3.188974467406600510e+00 3.222975011657569500e+00 3.256290876842922177e+00 3.289090497954596959e+00 3.321454520292010937e+00 3.353477008151002359e+00 3.385264226925545294e+00
1.857487819166416143e+00 2.640630971821687822e+00 2.694022814119515719e+00 2.745159939880996713e+00 2.794115592562064432e+00 2.841030157535122225e+00 2.886002886002886125e+00 2.929197121017686811e+00 2.970738228449769647e+00 3.010749745112663689e+00 3.049372106561693663e+00 3.086722882437949789e+00 3.122874710266623666e+00 3.157974228184233123e+00 3.192094708062120922e+00 3.225319443872578962e+00 3.257767296265607460e+00 3.443597319503846510e+00 3.422887240314626212e+00 3.402139876550924313e+00 3.381353245746891112e+00
1.837573227293107569e+00 2.641603870644829044e+00 2.693927320676600790e+00 2.743947485066593917e+00 2.791678007858573896e+00 2.837241633683732722e+00 2.880776986707271892e+00 2.922450683644713276e+00 2.962294226347490955e+00 3.000530326290228089e+00 3.037237949935017056e+00 3.072539873187899673e+00 3.106511939360887098e+00 3.495161599824556653e+00 3.472656304260254956e+00 3.201536737634063989e+00 3.429049536049597613e+00 3.407439344102695333e+00 3.385765676800451374e+00 3.315439366257292075e+00 3.342152903495334559e+00
2.446641624570038864e+00 2.623387857259339651e+00 2.673025654012000096e+00 2.720537968944012341e+00 2.765937830228153871e+00 2.809324146843373171e+00 2.850825348704612683e+00 2.890580936266215151e+00 2.928666062338749043e+00 2.965264049703473681e+00 3.000446578095344652e+00 3.034344546294923894e+00 3.457193035830348649e+00 3.098635192044958409e+00 3.129237509126942651e+00 3.158928436536441176e+00 3.187803187803187832e+00 3.215928634348913739e+00 3.243388071382740989e+00 3.270270458324925578e+00 3.296658012939382321e+00
1.844691191599560298e+00 2.633621645597693295e+00 2.686233758889313261e+00 2.736726874657908759e+00 2.785185597805273527e+00 2.831706828557417843e+00 2.876446115745384891e+00 2.919505074377866993e+00 2.961062034249617447e+00 3.001243372254219555e+00 3.040122710407583639e+00 3.077913174867439317e+00 3.114639497781684696e+00 3.515301902398676681e+00 3.185463207899948301e+00 3.219751462589228286e+00 3.253450734449197412e+00 3.286635717513660015e+00 3.319433206779942136e+00 3.351962950548284859e+00 3.384309495103327681e+00
1.866394843007479709e+00 2.642779647814838206e+00 2.696814210791514732e+00 2.748574177145605368e+00 2.798142033689629660e+00 2.845700562893452190e+00 2.891314772502891373e+00 2.935174573001984921e+00 2.977365101126551838e+00 3.018094529528194236e+00 3.057402736375448793e+00 3.095474275905249595e+00 3.132374130766178322e+00 3.168218634635517006e+00 3.203097255781242492e+00 3.237134151061568321e+00 3.270406991712649702e+00 3.459585126551623535e+00 3.438884150870725520e+00 3.418231030561776240e+00 3.397516346213849570e+00
2.567572256340862946e+00 2.618671837953755244e+00 2.667789946644200771e+00 2.714762040665742671e+00 2.759635728083893014e+00 2.802533490275208816e+00 2.843554727765179369e+00 2.882813626099072657e+00 2.920418593331710611e+00 2.956518066437184622e+00 2.991221113847266189e+00 3.024611900089331229e+00 3.056786761334425950e+00 3.425806812461546169e+00 3.117919723960173695e+00 3.147042122474669856e+00 3.175304415053703977e+00 3.343642898938393504e+00 3.229619042383595762e+00 3.255817175474690739e+00 3.281458363878823281e+00
2.233509852660398476e+00 2.602316765249927943e+00 2.648378913328314876e+00 2.692440455643769770e+00 2.734520161827501017e+00 2.774675536379464180e+00 2.813018650313651392e+00 2.849656303648254951e+00 2.884703332887728511e+00 2.918274089996725440e+00 3.420641125879593236e+00 2.981390576032393103e+00 3.011120136690848881e+00 3.355657778834188587e+00 3.067399124396977150e+00 3.094101954097278284e+00 3.119951744746347178e+00 3.145027711188610464e+00 3.169415841444690241e+00 3.193158311235752223e+00 3.216333379946860305e+00
1.963603211893824918e+00 1.981122730553157574e+00 2.780113845661980054e+00 2.841635645477536887e+00 2.900519263692573180e+00 2.956934363097459162e+00 3.011038192282161852e+00 3.063064317389155189e+00 3.113152724354538936e+00 3.161466639501471221e+00 3.208145900896187896e+00 3.253343517713040534e+00 3.297227522729824223e+00 3.339850680842476827e+00 3.381385816121619481e+00 3.421931086498037899e+00 3.461600955119283896e+00 3.680630342025982049e+00 3.657972654928945744e+00 3.576337269641804983e+00 3.613444794207369526e+00
1.816319265335183397e+00 2.636435539151067875e+00 2.687411598302686944e+00 2.736131671074878646e+00 2.782647410746584171e+00 2.826974995406165370e+00 2.869340051788088708e+00 2.909796314258001448e+00 2.948485741965376494e+00 2.985551320238565953e+00 3.021084358511378021e+00 3.055173658848199469e+00 3.482670232920984876e+00 3.119584055459271532e+00 3.150069301524633048e+00 3.179492976853290909e+00 3.208011660424991529e+00 3.235654094509235357e+00 3.262506854735147233e+00 3.288684868623890534e+00 3.314223660736321797e+00
1.871634656914969996e+00 1.886149136361328305e+00 2.684089705103301693e+00 2.736035694742601887e+00 2.786039157780362707e+00 2.834266279316941528e+00 2.880831928049465862e+00 2.925891351901132698e+00 2.969561989606532837e+00 3.011984898047813441e+00 3.053286793840687352e+00 3.093591453438010674e+00 3.133006572351565211e+00 3.171648222842761822e+00 3.209623287910186473e+00 3.247044843761874411e+00 3.284026356058329821e+00 3.482767267560111790e+00 3.357084132639079677e+00 3.447419950908739761e+00 3.429715333627309182e+00
1.927373703484263290e+00 2.703620772126363203e+00 2.765349462174982786e+00 2.824399991526799880e+00 2.880811686258528237e+00 2.934805394451819982e+00 2.986525906375885331e+00 3.036136929775532511e+00 3.083823941687692916e+00 3.129694541812719333e+00 3.173946042917270116e+00 3.216670745778118956e+00 3.742748424926704676e+00 3.298153034300791653e+00 3.337110757315572496e+00 3.375076466576195422e+00 3.412113699984680615e+00 3.448372930976241424e+00 3.483932105131134715e+00 3.518891618138161537e+00 3.553344585591187599e+00
2.475790307634629706e+00 2.563153248084754754e+00 2.606147691094018448e+00 2.647603918453798943e+00 2.687582660848285787e+00 2.726109841256526778e+00 2.763272564954618371e+00 2.799179840306790013e+00 3.455831023686266157e+00 3.397375007800095492e+00 2.900312128829102498e+00 2.932162330091664604e+00 2.963234723466702469e+00 2.993574258046100667e+00 3.294985312778233588e+00 3.052503052503052317e+00 3.081254070406655110e+00 3.109606564096765169e+00 3.137659584852773964e+00 3.165515153183407371e+00 3.193224809968414846e+00
1.946174377224198837e+00 2.688495362345499906e+00 2.750218298577449705e+00 2.809462268921727901e+00 2.866351135005138051e+00 2.921088870651402658e+00 2.973809237217930779e+00 3.024718279146325628e+00 3.073978076947259996e+00 3.121748178980228161e+00 3.168174993457030020e+00 3.213367609254498269e+00 3.257509599257010002e+00 3.300724052446398549e+00 3.343107278919619230e+00 3.384762925563421732e+00 3.665106115194976422e+00 3.644941440233276264e+00 3.625310242895785962e+00 3.606006381950917383e+00 3.586775833408057501e+00
1.932533121470442650e+00 1.949303665412855047e+00 2.760065392318525213e+00 2.818954374192129020e+00 2.875336624775583161e+00 2.929319700372442270e+00 2.981121872421848895e+00 3.030858367283645549e+00 3.078774647690219357e+00 3.124934897189641791e+00 3.169550268378223290e+00 3.212694333086560938e+00 3.254554645357412124e+00 3.295262534267224819e+00 3.334884981206533539e+00 3.373540427406918063e+00 3.642636719152709368e+00 3.448470005348647227e+00 3.484939594380364269e+00 3.520907980034380547e+00 3.556430984721024924e+00
1.903186373185567826e+00 2.661772740645269586e+00 2.719229133402592424e+00 2.774319758136225555e+00 2.827214769369954528e+00 2.877973906369915014e+00 2.926849664457591427e+00 2.973914521199762184e+00 3.019366073560183494e+00 3.063320221394506770e+00 3.105954459805498225e+00 3.147359365492351735e+00 3.187648554817160473e+00 3.226935989948437111e+00 3.265340151178301120e+00 3.302997294353280378e+00 3.563592660396606604e+00 3.543192207756117096e+00 3.523061963613816072e+00 3.503108149878078059e+00 3.483130719847014944e+00
1.890716581584420464e+00 2.645576317914728470e+00 2.701473013706420900e+00 2.755268568037471777e+00 2.806997845629152888e+00 2.856824326207530795e+00 2.904896521917798680e+00 2.951386448919932626e+00 2.996390394826696557e+00 3.040080700324045093e+00 3.082592460259077516e+00 3.124023742580443574e+00 3.164491651933435179e+00 3.204168204899591199e+00 3.243090806542583415e+00 3.281423043793325167e+00 3.319249572992372332e+00 3.522610323320370274e+00 3.393868871988807268e+00 3.486093971149086368e+00 3.467848094098996192e+00
1.983466390870387341e+00 2.734098413521869553e+00 2.800787021152943979e+00 2.864528750087332654e+00 2.925483749634314012e+00 2.983831795156477451e+00 3.039835990244247110e+00 3.093580819798917414e+00 3.145313482910462977e+00 3.195154478773060802e+00 3.243273732303006085e+00 3.289842087579796459e+00 3.334977662597530035e+00 3.378797699659361609e+00 3.421429319554516013e+00 3.462995420365239774e+00 3.503637600214339898e+00 3.728277604788765132e+00 3.582402138418506965e+00 3.620737947383162680e+00 3.658528167215445936e+00
2.000628769041698618e+00 2.596855699045479859e+00 2.644992029280776702e+00 2.691313431778745269e+00 2.735882146615222332e+00 2.778800530750900943e+00 2.820158492907300918e+00 2.860032785741689842e+00 2.898612201036430580e+00 2.935954255036558713e+00 2.972230871571319266e+00 3.007457126648120038e+00 3.041804066338980483e+00 3.075374636546633678e+00 3.108178748534210722e+00 3.385661378586036996e+00 3.172041898536033244e+00 3.349592815123411782e+00 3.331575002082233894e+00 3.264682388080435871e+00 3.295141725418585743e+00
1.792050464141070387e+00 2.603287177755262416e+00 2.650780585124935307e+00 2.696335821530951193e+00 2.739976253539135875e+00 2.781799895860824545e+00 2.821909303834974736e+00 2.860451811852037896e+00 2.897485547907449277e+00 2.933165723863398355e+00 2.967589681266736612e+00 3.000907251029381051e+00 3.033145936642518858e+00 3.396951063107031654e+00 3.094864634841142159e+00 3.124522642374081283e+00 3.153492836086926765e+00 3.181853535746356876e+00 3.209690474196879695e+00 3.237065810955356060e+00 3.264070226123673812e+00
1.872875007203365527e+00 2.640887894308886708e+00 2.695283962351138651e+00 2.747516931573090737e+00 2.797633202310845224e+00 2.845779570079057130e+00 2.892089781753029776e+00 2.936734351401241838e+00 2.979799729739094794e+00 3.021487696221031971e+00 3.061870663799641790e+00 3.101074349980359912e+00 3.139213661857855886e+00 3.176440692322895831e+00 3.212784086940730699e+00 3.517338409335429628e+00 3.283315170313242159e+00 3.477383371289086256e+00 3.457741459731424882e+00 3.438151099864537041e+00 3.418517200722772209e+00
1.883436224756722899e+00 1.898281325292408228e+00 2.694423960519598094e+00 2.747460316370055278e+00 2.798474831216986480e+00 2.847657280973481697e+00 2.895112203250998828e+00 2.940970520271689370e+00 2.985426950768227172e+00 3.028574245849796842e+00 3.070524361819424453e+00 3.111475688060418854e+00 3.151459125575140963e+00 3.583611867268530204e+00 3.229112555631993509e+00 3.267019782847451204e+00 3.304390621155130159e+00 3.505745917558878322e+00 3.487528597734500746e+00 3.469427405700962641e+00 3.451298723709731675e+00
1.965339828313527493e+00 2.722798198764268207e+00 2.787767277187700010e+00 2.849893997845201810e+00 2.909307655736657949e+00 2.966185485465690608e+00 3.020723568668774117e+00 3.073097822291134040e+00 3.123481640869021803e+00 3.172063772273403970e+00 3.218944186306890831e+00 3.264286575976270033e+00 3.308245802663137169e+00 3.350925693222752244e+00 3.392459048172918212e+00 3.739146089822598107e+00 3.472511598188737558e+00 3.511285270860545982e+00 3.549332238375936921e+00 3.586751093269323398e+00 3.623634300091616467e+00
2.198632725273970134e+00 2.591417505375440022e+00 2.638014501949991875e+00 2.682857949731713987e+00 2.725976458746889097e+00 2.767429483767961607e+00 2.807372159290296043e+00 2.845858581651846908e+00 2.883060262991350875e+00 2.919058673079328869e+00 2.953986507838368691e+00 2.987916310548734522e+00 3.020940611053896330e+00 3.053180859331630526e+00 3.084753605305775803e+00 3.115705990652881674e+00 3.146149113485093629e+00 3.176149236665466447e+00 3.205842997323818278e+00 3.235288043889779530e+00 3.264637034876048283e+00
1.965909670091232631e+00 2.711345939933258897e+00 2.775642668033136307e+00 2.837221508976259798e+00 2.896257470225060526e+00 2.952921986613420202e+00 3.007455692484158227e+00 3.059954239775231954e+00 3.110656417629818371e+00 3.159690771596486591e+00 3.207228814859230503e+00 3.253428213452579598e+00 3.298402336368321031e+00 3.342315807064819566e+00 3.385287127618415770e+00 3.427412303710698271e+00 3.468825663759790068e+00 3.691733303613719652e+00 3.549972692517749717e+00 3.589895823984646572e+00 3.629536047574841273e+00
1.834364246039607460e+00 2.652057089018389657e+00 2.705049901052122063e+00 2.755657930995498717e+00 2.803936453225552405e+00 2.849953427590329103e+00 2.893804435284651255e+00 2.935707994911438856e+00 2.975737360036539325e+00 3.013990523453051740e+00 3.050640634533251738e+00 3.085770390630479199e+00 3.526385662130766097e+00 3.151915473849379090e+00 3.183136450449175925e+00 3.213232931446373897e+00 3.242290748898678299e+00 3.270406991712649702e+00 3.297654543206144595e+00 3.324122743232293509e+00 3.349896711518061565e+00
2.217580405173400493e+00 2.653927813163481808e+00 2.707825616030327343e+00 2.759342851886966042e+00 2.808475980509176573e+00 2.855391815472044570e+00 2.900232018561484715e+00 2.943068730921385434e+00 2.984100987529233251e+00 3.023442224128475075e+00 3.061188993634118560e+00 3.097500879971840426e+00 3.132417739229703457e+00 3.166125213369307634e+00 3.198642662939553016e+00 3.230132926991973630e+00 3.461894433415052319e+00 3.290307986537156726e+00 3.319111860984531592e+00 3.347280334728033324e+00 3.374767984701052104e+00
1.980842423985171630e+00 2.744874474778826290e+00 2.812148481439819658e+00 2.876385575978672282e+00 2.937699781071420269e+00 2.996306877569506977e+00 3.052312473552406313e+00 3.105962742565101298e+00 3.157407277472951357e+00 3.206804001533688275e+00 3.254284230569499226e+00 3.300012375046406987e+00 3.344132093217682122e+00 3.386714403212540248e+00 3.427915827177075769e+00 3.780562410211642632e+00 3.506557262080089998e+00 3.544226385723021622e+00 3.580932587188687233e+00 3.616710567618839356e+00 3.651697005608455004e+00
1.864373964734649336e+00 2.088238894529534040e+00 2.716785555060187374e+00 2.769984729571361992e+00 2.820874471086036728e+00 2.869560957173552307e+00 2.916260642573137218e+00 2.961085823285152241e+00 3.004135926671138268e+00 3.045627753459974496e+00 3.085636703991442520e+00 3.124327401739902754e+00 3.161794524596698963e+00 3.198153414028769514e+00 3.233529638395068240e+00 3.268019302173580165e+00 3.301737539380098507e+00 3.334769136711639881e+00 3.367234744365035670e+00 3.399260487412330445e+00 3.430931909725319251e+00
1.917245982659574910e+00 2.629448438591999171e+00 2.680473456258905429e+00 2.729353143305035978e+00 2.776119817331315964e+00 2.820854577894372994e+00 2.863748437161675486e+00 2.904905832635925389e+00 2.944413676100475108e+00 2.982465875041615533e+00 3.019154075155872530e+00 3.515350363252871535e+00 3.088834891478934086e+00 3.122073056509522271e+00 3.154357813892888718e+00 3.185794128442908324e+00 3.216445827360766341e+00 3.246432453032590981e+00 3.275854858720046892e+00 3.304762373522525110e+00 3.333263890335617763e+00
1.949195608740750041e+00 1.965946989643671872e+00 2.750312848086469586e+00 2.809679345344712420e+00 2.866711881471951440e+00 2.921576538349170526e+00 2.974419988102319223e+00 3.025484429309204248e+00 3.074883666901268686e+00 3.122766354621347329e+00 3.169348874881149136e+00 3.214692542612147097e+00 3.258977790413057463e+00 3.302301071491305251e+00 3.344846887927150458e+00 3.386644181192375314e+00 3.427891846514393492e+00 3.647801339362529038e+00 3.627950276545643060e+00 3.608454887374571207e+00 3.589127703924572810e+00
1.900654263679227629e+00 1.916184663425712698e+00 2.718812088256822967e+00 2.773964564380872133e+00 2.826895079789113474e+00 2.877776711934551201e+00 2.926768081503522190e+00 2.974040871818838028e+00 3.019705332940069376e+00 3.063938832639304444e+00 3.106876553438276733e+00 3.148614609571787959e+00 3.189306117921126837e+00 3.229064327083605246e+00 3.268042025629793290e+00 3.587419196832032586e+00 3.567581659885974421e+00 3.548245705579093912e+00 3.417915345072732869e+00 3.454493951181091038e+00 3.490927012245624628e+00
1.787083851463547202e+00 2.609750592483918386e+00 2.657416990685053548e+00 2.703067982159751192e+00 2.746691645127439241e+00 2.788428023701638114e+00 2.828374250480823360e+00 2.866631707743401147e+00 2.903312608874222267e+00 2.938563520809129859e+00 3.460638695477637583e+00 3.005164690013767625e+00 3.036701718208204337e+00 3.067185299817362765e+00 3.096763538017933470e+00 3.125477503507480215e+00 3.153384747215081330e+00 3.180616615541199899e+00 3.207228814859230503e+00 3.233284948714596929e+00 3.258909998613229497e+00
1.865484236658200068e+00 1.880120616968811609e+00 2.699496330816171241e+00 2.751245114776302625e+00 2.800747799662509863e+00 2.848171612759808458e+00 2.893579781640589044e+00 2.937186175643732966e+00 2.979097818330457503e+00 3.019450881258338271e+00 3.058316535761450794e+00 3.095890033985992496e+00 3.132243312660527579e+00 3.167476898076102110e+00 3.201670436749608051e+00 3.234948697933148765e+00 3.476229542389142946e+00 3.299079065588498949e+00 3.330072637209399389e+00 3.411781088984820798e+00 3.390357258896156356e+00
1.865979603407565746e+00 1.880720524929995419e+00 2.700973772123107519e+00 2.753171309201786432e+00 2.803201255834162353e+00 2.851182197496522797e+00 2.897260322373209185e+00 2.941567855667070130e+00 2.984287379934484452e+00 3.025505716798592815e+00 3.065368993792627617e+00 3.103983445421624410e+00 3.578068544568000942e+00 3.178024650417288210e+00 3.213636998742489759e+00 3.248404044969210425e+00 3.493059291188408189e+00 3.473283503292672769e+00 3.348985187717596901e+00 3.381543815649503237e+00 3.413825295748742494e+00
1.893341748185547235e+00 2.670208205971428495e+00 2.727768685215493427e+00 2.782860363024134198e+00 2.835632558733039321e+00 2.886165412475274028e+00 2.934661850094677060e+00 2.981266552962546612e+00 3.026101888146828678e+00 3.069367710251688308e+00 3.111172566371681381e+00 3.151613626176601901e+00 3.190854732869965460e+00 3.228999220828448813e+00 3.266163961430863516e+00 3.577423704559838935e+00 3.337946189525803131e+00 3.372776075775035576e+00 3.407036573494645282e+00 3.440842093436417226e+00 3.474297149686618180e+00
1.834396342495907772e+00 2.634224117015008026e+00 2.686233758889313261e+00 2.736054889470397988e+00 2.783789990883087651e+00 2.829494652255107212e+00 2.873361833345013494e+00 2.915472132945528649e+00 2.955997860420596091e+00 2.995054677160966516e+00 3.032760870331840053e+00 3.540167012584946704e+00 3.104603986593755582e+00 3.138950892857142794e+00 3.172365174480084260e+00 3.204994217075651353e+00 3.236883584778203371e+00 3.268178373003455928e+00 3.298946398993821028e+00 3.329241141097400991e+00 3.359270558393034456e+00
1.942236449304032053e+00 2.699227878762048949e+00 2.761179235932145204e+00 2.820456772974383242e+00 2.877165580879179618e+00 2.931486961862750373e+00 2.983604054926069171e+00 3.033680913208505192e+00 3.081858360591436252e+00 3.128302096657582965e+00 3.173179733039009243e+00 3.216580774636561557e+00 3.258684046314913374e+00 3.299558684026010713e+00 3.699928793823213269e+00 3.378168756764954761e+00 3.650841760119030610e+00 3.627839482056147702e+00 3.605327564809229113e+00 3.583045870012715906e+00 3.560880584822269768e+00
1.957628224648713999e+00 2.600871643469703010e+00 2.647161267850922872e+00 2.691455663443820701e+00 2.733810932439820984e+00 2.774271406971743570e+00 2.812959303511276321e+00 2.849993048797441642e+00 2.885454494271316950e+00 2.919525368590077274e+00 2.952237022458088500e+00 2.983728272560107975e+00 3.014075029439802211e+00 3.043364403960620024e+00 3.071724773460298152e+00 3.099194898036487622e+00 3.125868296749096498e+00 3.151807493079727074e+00 3.177113486493737149e+00 3.201826433165352981e+00 3.226027867389662962e+00
1.939655172413793149e+00 1.956701002110441845e+00 2.770338904792685852e+00 2.830075209248685830e+00 2.887140955854910818e+00 2.941712076428481648e+00 2.993991129430932485e+00 3.044097909258208556e+00 3.092254604999613576e+00 3.138556821827616083e+00 3.183170714829423265e+00 3.226236314796501858e+00 3.267882968072088001e+00 3.308223001798846319e+00 3.347350362978304794e+00 3.385427462034849011e+00 3.655046377711113070e+00 3.458723592645370548e+00 3.494155853053618088e+00 3.528923332410738745e+00 3.563059297529155955e+00
1.827215674699387726e+00 2.626395272488509125e+00 2.677281854369957692e+00 2.726014566703479414e+00 2.772643253234750471e+00 2.817307890523538028e+00 2.860092639098163581e+00 2.901176037701135968e+00 2.940661648870995570e+00 2.978643816543248946e+00 3.015300898980407762e+00 3.050662277496754449e+00 3.084904998948327481e+00 3.118092558845335205e+00 3.150355990226895386e+00 3.181739581532076588e+00 3.409217410664588055e+00 3.242267895909103359e+00 3.271636305417690238e+00 3.300445911309294100e+00 3.328825548736086493e+00
1.905753175644474551e+00 1.922118601836691143e+00 2.753420595586054898e+00 2.810705979074293648e+00 2.865449665930502210e+00 2.917821637731602191e+00 2.967904235623330500e+00 3.015935360790034547e+00 3.062023784091717715e+00 3.106335512474760918e+00 3.149011210479909284e+00 3.190190856635596539e+00 3.229974160206718015e+00 3.268496561124362820e+00 3.305878132671219660e+00 3.342222717366328588e+00 3.377641421142627554e+00 3.412256267409471189e+00 3.446141727853264669e+00 3.479422694186580234e+00 3.512197863178820434e+00
1.896232332219904171e+00 2.677130961019563937e+00 2.735325679097202034e+00 2.790996246110049039e+00 2.844259451959763929e+00 2.895234867101657894e+00 2.944124718730942281e+00 2.991013049163907311e+00 3.036115979630421791e+00 3.079571939500409083e+00 3.121488325633662075e+00 3.161999789200014011e+00 3.201224816451511135e+00 3.632908562486027115e+00 3.276357248417589130e+00 3.312471808750563795e+00 3.347747245082995704e+00 3.382282476958200057e+00 3.416205362745234453e+00 3.449611038755323378e+00 3.482573203688741348e+00
1.921698189908128018e+00 2.702047320469739944e+00 2.763331302166735171e+00 2.821889396045121678e+00 2.877839234073616304e+00 2.931302824519650407e+00 2.982486561470434783e+00 3.031542138435724620e+00 3.078623855136753296e+00 3.123850249560925274e+00 3.167408074778985227e+00 3.209421745925429725e+00 3.729256013425321203e+00 3.289315890822123389e+00 3.327394857788530391e+00 3.364437212048804859e+00 3.400487171835638200e+00 3.435679177680706076e+00 3.470101604574981291e+00 3.503854239663629411e+00 3.537024322243722096e+00
1.934734941313040135e+00 1.951491497072762593e+00 2.756885143923542003e+00 2.815909890883491862e+00 2.872455949837110278e+00 2.926747686475638321e+00 2.978912073599911281e+00 3.029150288121503554e+00 3.077590246836726884e+00 3.124435865746462593e+00 3.169790518191840878e+00 3.213839070501848028e+00 3.256697016311201232e+00 3.720289355838787060e+00 3.695749191119044763e+00 3.379401141955969301e+00 3.418733290941040170e+00 3.457527729372389391e+00 3.495856381994283169e+00 3.533813747228380819e+00 3.571578637757888863e+00
1.956096500760703849e+00 2.716388178835853484e+00 2.780461695664564914e+00 2.841756774037710098e+00 2.900375634015039505e+00 2.956518066437184622e+00 3.010358369480439222e+00 3.062083747990506755e+00 3.111849782524134245e+00 3.159846080386484068e+00 3.206155819172811672e+00 3.251020266998684960e+00 3.294477194507334783e+00 3.336716393009578230e+00 3.377842730399895022e+00 3.417968749999999556e+00 3.696445135687433492e+00 3.495696797242594744e+00 3.533495458419072310e+00 3.570728428599434068e+00 3.607478580595927742e+00
1.895817534853876163e+00 2.674248395450962601e+00 2.732240437158469870e+00 2.787864426152956376e+00 2.841145328048340968e+00 2.892212189616252704e+00 2.941238261308010138e+00 2.988352375392655524e+00 3.033766526972300870e+00 3.077547194885676074e+00 3.119930113565456242e+00 3.693559964597576073e+00 3.200801592050877886e+00 3.239573503105765528e+00 3.277385343811668683e+00 3.314363888947653880e+00 3.350621610113292625e+00 3.386269712927257647e+00 3.421400173807128464e+00 3.456117673894560038e+00 3.490616401790481049e+00
