3.634767580616401261e+00 3.724625985473958512e+00 3.895923194657019195e+00 4.296038636631352325e+00 4.394531250000000000e+00 3.353219789585458077e+00 3.935811743909848559e+00 3.553150346090509615e+00 3.687136069234675961e+00 3.911638152883288644e+00 4.102339701076180845e+00 4.194775098164614135e+00 4.278251989042153980e+00 4.353386118140015526e+00 4.421202428898084236e+00 4.482913203903581945e+00 4.539514409519223470e+00 4.591840231373919501e+00 4.640467648321813243e+00 4.685906447255988816e+00 4.728553610833185594e+00
2.917882451021258206e+00 0.000000000000000000e+00 3.062893738470641392e+00 3.989640932316091515e+00 3.867803985219463669e+00 3.790019156824101287e+00 3.757549258054818431e+00 3.960531257468673960e+00 4.012646755636730234e+00 3.797844205525517935e+00 4.023486248542337940e+00 4.113361452922926986e+00 4.194746252234906159e+00 4.268091199471307107e+00 4.334335505087683948e+00 4.394548013870291925e+00 4.449708030696139183e+00 4.500605850787605000e+00 4.547897630958778414e+00 4.592060532953174068e+00 4.633509815545425070e+00
2.920357674282773708e+00 3.803780265987979359e+00 3.776804823119640275e+00 3.846019369952099698e+00 3.777913630025484082e+00 3.276539973787680360e+00 3.896763598661183714e+00 3.829841558036284788e+00 3.562116181981390906e+00 3.732194322917746554e+00 3.969469901668570166e+00 4.060871779694263495e+00 4.144619592998355806e+00 4.220644397094561739e+00 4.289536934274761570e+00 4.352320330776344726e+00 4.409859088041139685e+00 4.463120888779027240e+00 4.512727944042172368e+00 4.559207526837153246e+00 4.602944510473416351e+00
2.805403206575864505e+00 2.917456811219705237e+00 3.978461432932057562e+00 3.798841008143333475e+00 3.632326333680574670e+00 3.784189097330744822e+00 3.652916713498932211e+00 3.780120688944177854e+00 3.701494992699828845e+00 3.672844754293487224e+00 3.894839337877312513e+00 3.981865049703456005e+00 4.061654539071050785e+00 4.134053577334362295e+00 4.199626852827174517e+00 4.259265620169682798e+00 4.313857067535828094e+00 4.364271166715158579e+00 4.411116012351124382e+00 4.454892500017133550e+00 4.496035314313741260e+00
3.151310876817997819e+00 3.565710450328255288e+00 3.705309078706357617e+00 4.026519490437016735e+00 3.647349478016116642e+00 3.752997185252111123e+00 3.440256505525051356e+00 3.667850927031341524e+00 3.379639082709625431e+00 3.633696017332044281e+00 3.932146331031533215e+00 4.023781938769138478e+00 4.108434825600422613e+00 4.185679486739629418e+00 4.255903349807798719e+00 4.319891385588019439e+00 4.378673125209526340e+00 4.433017111446049263e+00 4.483686279919983697e+00 4.531255363701897743e+00 4.576127639810944281e+00
3.377167590218619342e+00 3.676368580228073224e+00 3.881288033157288542e+00 3.767187794311546600e+00 3.471498993265292210e+00 3.359639078773251519e+00 3.544745596335278748e+00 3.263383419174505917e+00 3.379963027343211301e+00 3.556263647161745478e+00 3.883710608078118742e+00 3.973283096420619831e+00 4.056237324258360921e+00 4.132089115388588141e+00 4.201072995365045415e+00 4.263981733652444817e+00 4.321669399150757762e+00 4.375021362408995529e+00 4.424717578573304166e+00 4.471318213398821406e+00 4.515237188882791131e+00
2.691275310381948227e+00 2.803692462973736088e+00 3.772609458071637167e+00 3.654088787463027899e+00 3.678649526884796739e+00 3.565111272607604409e+00 3.936192251916303508e+00 3.552002005836426779e+00 3.458197310905770649e+00 3.676419583524090928e+00 3.808785136042879937e+00 3.896519573052783958e+00 3.975298318722970237e+00 4.047333219001886029e+00 4.112816652027827757e+00 4.172452239102034000e+00 4.227040586519205334e+00 4.277455052226345700e+00 4.324339165471180912e+00 4.368174726989079382e+00 4.409380448128725760e+00
2.889338341519791520e+00 2.989432703003336744e+00 3.730106100795755886e+00 3.727943003893628759e+00 3.604302983253853121e+00 3.894270554446769950e+00 3.585465076191133083e+00 3.759141548766318230e+00 3.825121128835746731e+00 3.696528685747143328e+00 3.895056060985449431e+00 3.982337981723164333e+00 4.062353686413836762e+00 4.135022260203166766e+00 4.200870475455897868e+00 4.260758414997869004e+00 4.315630116248004633e+00 4.366237204499302749e+00 4.413306117945605678e+00 4.457336432896513934e+00 4.498670847249675475e+00
2.768608241933765868e+00 3.820319934429417863e+00 3.769159896138704724e+00 3.720107532164891762e+00 3.837780506866138364e+00 3.644991575255321248e+00 3.870530746528617616e+00 3.464115230329021689e+00 3.495976199942418816e+00 3.623559976754521017e+00 3.953693235022785579e+00 4.046417206188960947e+00 4.132060658650469342e+00 4.210148528518579347e+00 4.281147071212047628e+00 4.345848017546360964e+00 4.405316666551944316e+00 4.460364514712340522e+00 4.511709938066527315e+00 4.559932015559040153e+00 4.605392372657514777e+00
2.804282138825987314e+00 3.624375318004084523e+00 3.719341263336248815e+00 3.636516217463669598e+00 3.614725836948058824e+00 3.774297037176826297e+00 3.783738333473471993e+00 3.623971175490803720e+00 3.343782654127481990e+00 3.615982643283312203e+00 3.813670970336573873e+00 3.902139905651831331e+00 3.983061506855058553e+00 4.057408897416324933e+00 4.125157271620979671e+00 4.186972338527009008e+00 4.243639673924203493e+00 4.295979102140367267e+00 4.344737695082169893e+00 4.390417912905084208e+00 4.433483887056997474e+00
2.605666639238596538e+00 2.720367179816270298e+00 3.431402826103367332e+00 3.659134373079817149e+00 3.457097421005324023e+00 3.731008132215873019e+00 3.611537473173916268e+00 3.597756692885612839e+00 3.456595529930660327e+00 3.464859396005709691e+00 3.737256991784955851e+00 3.813115731528920804e+00 3.890466309926832178e+00 3.961802756868263664e+00 4.027001385561493230e+00 4.086523476731057869e+00 4.141015376970432982e+00 4.191287618524117242e+00 4.238053552322592843e+00 4.281811138146179196e+00 4.323033534388701860e+00
3.059975520195838072e+00 3.141514768609984465e+00 3.648353766408987120e+00 4.092958723551855194e+00 3.683768904897365193e+00 4.116058908476988520e+00 3.642757567478581038e+00 4.119464469618949742e+00 3.893143819811146766e+00 3.973232956921789238e+00 4.148775074159354759e+00 4.243389703171412286e+00 4.328796113703043957e+00 4.405680574390604676e+00 4.941932295527550423e+00 4.538484283779044226e+00 4.596597145993413847e+00 4.650387995058094859e+00 4.700482490702722060e+00 4.747357992073976796e+00 4.791370058044026159e+00
2.569464766214393237e+00 2.656655271013793396e+00 2.767625873753681187e+00 2.859992884895749654e+00 3.569099831840488513e+00 3.589097588267169847e+00 3.300190989776429884e+00 3.599687574286004832e+00 3.795546558704453677e+00 3.506190833029692921e+00 3.828830396736444097e+00 3.915974378339066586e+00 3.995315836605358939e+00 4.067815307395839852e+00 4.133683318520967376e+00 4.193621570339407967e+00 4.248591348196437245e+00 4.299284817382758916e+00 4.346446262746126443e+00 4.390568510019414283e+00 4.432049857151624472e+00
3.136959658698788900e+00 3.685700178721687870e+00 3.731420634756109855e+00 4.078303425774877589e+00 3.142019271051529117e+00 3.822055993120299089e+00 3.834462756909004622e+00 3.543832341986769219e+00 3.498950314905528103e+00 3.718572894358098235e+00 3.966486667037799840e+00 4.058804510088536155e+00 4.143703642315500701e+00 4.220960472747573355e+00 4.291085440278989083e+00 4.354949088571369309e+00 4.413610471290843051e+00 4.467906682613656422e+00 4.518536268099818898e+00 4.566023334423727320e+00 4.610768553182118090e+00
0.000000000000000000e+00 3.262121906189702880e+00 1.649798079061193246e+00 3.318079385049287566e+00 2.768855908738509175e+00 3.298247626695729018e+00 4.216667588342642325e+00 3.981766256590509645e+00 4.069218089398652261e+00 4.164902367746996070e+00 4.062392749329355013e+00 4.152682564860136871e+00 4.234229231452687259e+00 4.307545041195172786e+00 4.373735717019298974e+00 4.433833560709413035e+00 4.488950276243094173e+00 4.539764207398439666e+00 4.586998938828603656e+00 4.631069638845687564e+00 4.672319256826395595e+00
2.588879015386337912e+00 2.700014210601108466e+00 2.806485788657587133e+00 3.651546050818497147e+00 3.321569441561137648e+00 3.419785511052746863e+00 3.538445207175966889e+00 3.705339964941782860e+00 3.253251483411953249e+00 3.611161266128696479e+00 3.723624327678940471e+00 3.785993227278782403e+00 3.862788243328067583e+00 3.933747412008281152e+00 3.998786575108242758e+00 4.058157596451210658e+00 4.112603072114493941e+00 4.162771177245337739e+00 4.209422205047165910e+00 4.253100647568873072e+00 4.294244349319737530e+00
3.046796017006661028e+00 4.277277995474364047e+00 3.866175110116952141e+00 3.987295651097880533e+00 3.930492345883326077e+00 3.361062095622215917e+00 3.874704298882453379e+00 3.889807315616187200e+00 3.674941062265983049e+00 3.865828150132196939e+00 4.118389984075559340e+00 4.213027232731768379e+00 4.298727440210159401e+00 4.376002833982787443e+00 4.445864651208023766e+00 4.509504648258636728e+00 4.567979845519227311e+00 4.622092221087777730e+00 4.672511887419949161e+00 4.719723656759806651e+00 4.764140521431727393e+00
3.360003360003359418e+00 4.142359073492353438e+00 3.892673432503822806e+00 3.787108402471438318e+00 4.086721618064694361e+00 3.340176055112904496e+00 3.750052084056722634e+00 3.743149330470648017e+00 3.655096791100873599e+00 3.864883667001623113e+00 4.079939616893669019e+00 4.172109788043143475e+00 4.255526952833413645e+00 4.330611234842860036e+00 4.398444050417165130e+00 4.460180877489124285e+00 4.516773654891117928e+00 4.569118298626494656e+00 4.617777083602137012e+00 4.663251520700036679e+00 4.705914919826434506e+00
2.802690582959641130e+00 2.922674386238378830e+00 3.539970430835224668e+00 3.976851978826691614e+00 3.800967519004836870e+00 3.781186192483002362e+00 3.626584920249344535e+00 3.789914692465649271e+00 3.591110620019060562e+00 3.727659926965477322e+00 4.031872292153567017e+00 4.125979920231054976e+00 4.212125397044606423e+00 4.290179574659338968e+00 4.360980130284280776e+00 4.425471653151956453e+00 4.484762001834674550e+00 4.539639305022491911e+00 4.590833407563225776e+00 4.638861194195191828e+00 4.684158718305556413e+00
3.915319201549642081e+00 3.661559260928346493e+00 3.832046860458750537e+00 4.112546694540593961e+00 3.763308427073925433e+00 3.385567808086670460e+00 4.119181655911025253e+00 3.350972480138506793e+00 3.584970699758703638e+00 3.608404807505481759e+00 4.006271887713869440e+00 4.099508742202392142e+00 4.184932869560443969e+00 4.262428071526293216e+00 4.332725834737455983e+00 4.396751899534218744e+00 4.455533772945997839e+00 4.509952645497222079e+00 4.560708475430033104e+00 4.608326627186375646e+00 4.653165541572907848e+00
0.000000000000000000e+00 0.000000000000000000e+00 3.310418662309122961e+00 3.349671527108412761e+00 2.270014572029027011e+00 4.086268751818042944e+00 3.558594703973764428e+00 4.013674172698711295e+00 4.276550249465430831e+00 4.078106099879038382e+00 4.185076429100688777e+00 4.279315033509797139e+00 4.364089775561097007e+00 4.440194002322562561e+00 4.508972855983406802e+00 4.571586894784234190e+00 4.629062342577842770e+00 4.682195949900503251e+00 4.731634059536300008e+00 4.777830864787386389e+00 4.821169064624326595e+00
2.793783830976078075e+00 3.570578433706260491e+00 3.691141955748083348e+00 3.676470588235293935e+00 3.289220454752223688e+00 3.839709578330075423e+00 3.747423646243207340e+00 3.284508302118857248e+00 3.350621610113292625e+00 3.472801022392621118e+00 3.828719498437745727e+00 3.917148865401266722e+00 3.998841714813639925e+00 4.073882271707232938e+00 4.142330475125305611e+00 4.204750678963838695e+00 4.261988561372634265e+00 4.314891168856073378e+00 4.364150237603735327e+00 4.410356067340623909e+00 4.453915677097965542e+00
2.650790580379850603e+00 3.526385662130766097e+00 3.734491486742554489e+00 3.690345221351084337e+00 3.511161983946967879e+00 3.634642947764008980e+00 3.722145360310693984e+00 3.602230612032836010e+00 3.200378479541928112e+00 3.473138744946583145e+00 3.780432481475881179e+00 3.867616995414111081e+00 3.946329913180742111e+00 4.018608199322966534e+00 4.084458290065766661e+00 4.144500383875854510e+00 4.199482293330396132e+00 4.250214224507282701e+00 4.297408385491395144e+00 4.341623767288965929e+00 4.383201380708435124e+00
3.285174079277541015e+00 3.520592011707694091e+00 3.713799216598580255e+00 4.057241488388725337e+00 3.882687374332662866e+00 3.583463693310638298e+00 2.948962376726513845e+00 3.343101829459128815e+00 3.449679524772148564e+00 3.684726461202612047e+00 3.967982486146268251e+00 4.060759981554513232e+00 4.146134239592183413e+00 4.223908708176379534e+00 4.294491275948771225e+00 4.358866141296450891e+00 4.417967320847973056e+00 4.472671974237409032e+00 4.523677338432751327e+00 4.571586894784234190e+00 4.616741545161379356e+00
2.730824709062136257e+00 2.850250613499064833e+00 2.936015826523407757e+00 3.919923527105927175e+00 3.621715510551017925e+00 3.818386236838942072e+00 3.764062957438206070e+00 3.754876123855283687e+00 3.664345914254305558e+00 3.621598657222651951e+00 3.991933541189182311e+00 4.085080455313373271e+00 4.170597968029973401e+00 4.248295458502510336e+00 4.318795672978049005e+00 4.383035565202870742e+00 4.442038340343424707e+00 4.496620616659632752e+00 4.547552934205177699e+00 4.595367595113821757e+00 4.640435508335468029e+00
0.000000000000000000e+00 0.000000000000000000e+00 0.000000000000000000e+00 3.221627401654682643e+00 2.217737464238983325e+00 3.807282292676172908e+00 3.523170024040453985e+00 3.838403224258707613e+00 4.188985029528910609e+00 3.909223710470546731e+00 4.146452709706846207e+00 4.239722093055061869e+00 4.323660885513643137e+00 4.399109180390970764e+00 4.467231141411919459e+00 4.529203066133226763e+00 4.586119800401114333e+00 4.638668494440520540e+00 4.687553855168372863e+00 4.733224492035835063e+00 4.776045019415660953e+00
2.481020195504391346e+00 2.523818537447157340e+00 2.585857456354919481e+00 2.671691321221665749e+00 2.864368651231678164e+00 3.599911386796632584e+00 3.649532579096600227e+00 3.510102073768305075e+00 3.727479809484365525e+00 3.887361981599819494e+00 3.768397105312741857e+00 3.850462055446654208e+00 3.927621515097225569e+00 3.998345512201847196e+00 4.062689362639783752e+00 4.121320499029043738e+00 4.174993840173022441e+00 4.224493753289564779e+00 4.270501852846772195e+00 4.313493581938983468e+00 4.353925789753760434e+00
3.412850426606302445e+00 4.299343497072351639e+00 3.944418302100921370e+00 3.949419712454529385e+00 4.041621854898924227e+00 3.383043358188345451e+00 3.669851821077413145e+00 3.754745581220710005e+00 3.778284658764920589e+00 4.053450585689258645e+00 4.152335342602268220e+00 4.246226337561296305e+00 4.330789853578057347e+00 4.406833345957074322e+00 4.475505215684925098e+00 4.538047401967861383e+00 4.595430633003422471e+00 4.648491974515326142e+00 4.697884570212647937e+00 4.743993765036765176e+00 4.787306797975653616e+00
2.612145771853776388e+00 2.725119311313437542e+00 3.684931411606839013e+00 3.856807264822411430e+00 3.699463926736653807e+00 3.750645747970759114e+00 3.733071557451280054e+00 3.634203445504420316e+00 3.470944721734361416e+00 3.542503091007598748e+00 3.868284899182825143e+00 3.955668750910843912e+00 4.036064631760408972e+00 4.109321892238256169e+00 4.175830294256841491e+00 4.236361648627966048e+00 4.291815784190889715e+00 4.343030470150282873e+00 4.390658873247166305e+00 4.435235171414909416e+00 4.477156327375096723e+00
2.870585599462290194e+00 0.000000000000000000e+00 3.042589172628018090e+00 3.813538755954321235e+00 3.528825662173756150e+00 3.693065244152646809e+00 3.611838495252515102e+00 4.005580187571651685e+00 3.913330037897511104e+00 3.813856558130665153e+00 3.904670264541409974e+00 3.993665220684431194e+00 4.075627059400536822e+00 4.150209931452365275e+00 4.217892160252243450e+00 4.279521797951351125e+00 4.336006056643380013e+00 4.388225624451471241e+00 4.436829782731857463e+00 4.482356754222035278e+00 4.525197120329105260e+00
3.001409964681082343e+00 3.300469087946967583e+00 4.017482977647555131e+00 4.004114572905951519e+00 3.916745116093699686e+00 3.972058622106560577e+00 3.778874032951780926e+00 4.091482781098736865e+00 3.629291808756864413e+00 4.068656860514029638e+00 4.174993840173022441e+00 4.268737692953828322e+00 4.352993201039190296e+00 4.428697962798936238e+00 4.497046258253101669e+00 4.559249833281163511e+00 4.616335037304059696e+00 4.669079024162484437e+00 4.718142282760318551e+00 4.763976055842084278e+00 4.806932970753245549e+00
2.679622878338070002e+00 2.795130882003549644e+00 2.902657313659766647e+00 3.888699854868165939e+00 3.821700309210297686e+00 3.938123104346443970e+00 3.907612867210941587e+00 3.941254563557915702e+00 3.911973483932457363e+00 3.900644999512418387e+00 3.928666638604761729e+00 4.015174590867554016e+00 4.093942329999045171e+00 4.165101908436038336e+00 4.229425889543766637e+00 4.287785256824724556e+00 4.341234840132303319e+00 4.390508269933936170e+00 4.436249705405293398e+00 4.478928364708800736e+00 4.518907519872922052e+00
2.583095386033133600e+00 2.677082117777884740e+00 2.789769913726364958e+00 3.424944781502501812e+00 3.601182850059211571e+00 3.959350666490695669e+00 3.408671939673463491e+00 3.615806637786570299e+00 3.596209172448806779e+00 3.506803198204516470e+00 3.847395793971954969e+00 3.934263291943042251e+00 4.013618623190411405e+00 4.085957464490259206e+00 4.151645781581914996e+00 4.211398391383893269e+00 4.266123538680666627e+00 4.316646940054306825e+00 4.363606139524573990e+00 4.407531369227167595e+00 4.448855275315697355e+00
3.088495696695995552e+00 3.551655698318186616e+00 3.723572975134807006e+00 3.935866097692338972e+00 4.011342416488000495e+00 3.355329381500950614e+00 3.795354486109002501e+00 3.681859055603151631e+00 3.688059732650462497e+00 3.932119205298013398e+00 4.127342266736372167e+00 4.222800397760553714e+00 4.309371857749686896e+00 4.387461609710914701e+00 4.458070135731088790e+00 4.522431259044862095e+00 4.581635165075629956e+00 4.636416322912760180e+00 4.687521541918850509e+00 4.735433395099856391e+00 4.780506460513015199e+00
2.859434389929211395e+00 2.974588515255389254e+00 3.275033098738763915e+00 3.938694564601501469e+00 3.693225370367789306e+00 3.806175693069991706e+00 3.820054592052896769e+00 4.010215496316933859e+00 3.578570676770866488e+00 3.779474653023229269e+00 4.021410544415785715e+00 4.113762977527698261e+00 4.197979464310292563e+00 4.274122943078332959e+00 4.343105320304017525e+00 4.405862550856733506e+00 4.463458012593818580e+00 4.516773654891117928e+00 4.566368007748988767e+00 4.612863693320297998e+00 4.656577415599533865e+00
2.562168163637140061e+00 2.650947015940562590e+00 2.761452949090136499e+00 2.848270544019673611e+00 3.831837092183052462e+00 3.543167591827093066e+00 3.260877106561301364e+00 3.631335633179234357e+00 3.700290437890974449e+00 3.634711494775102025e+00 3.767976387347972356e+00 3.850704678956249349e+00 3.928027509975121845e+00 3.998951998786524520e+00 4.063500809256516355e+00 4.122299544450965136e+00 4.176165732164006883e+00 4.225869247448891031e+00 4.272002535640214482e+00 4.315174799379170700e+00 4.355786049233993928e+00
2.803495959461448805e+00 2.916018662519439530e+00 3.645091849437074316e+00 3.854811286336758513e+00 3.852106620808254611e+00 3.259271587473301590e+00 3.728818240826416108e+00 3.982695873103069495e+00 3.512517648679362114e+00 3.620539599651871221e+00 3.952377320288176232e+00 4.045501607915469755e+00 4.131662305467565410e+00 4.210381004969629970e+00 4.281974957352910671e+00 4.347324018285931402e+00 4.407317503152926363e+00 4.462906381956125657e+00 4.514734451528169323e+00 4.563494807296059719e+00 4.609513221846381903e+00
2.829474637296720108e+00 2.963590177815410787e+00 3.709951770626981560e+00 3.782837127845883440e+00 3.994841748198816767e+00 3.263662245677383389e+00 3.666602097573124386e+00 3.862251060363472543e+00 3.512271877941527620e+00 3.646897728602000122e+00 3.945373876087573617e+00 4.035652906017992869e+00 4.118443647126164286e+00 4.193650400802980904e+00 4.261812782688791934e+00 4.323902112435403566e+00 4.380831125805148218e+00 4.433453175114473233e+00 4.482418575142575357e+00 4.528301886792451825e+00 4.571491899454883878e+00
2.861829476843610998e+00 2.974483183546858367e+00 3.750375037503749898e+00 3.920799843168005783e+00 3.851444291609353421e+00 3.892565200467107633e+00 3.782122251944354030e+00 3.861003861003861282e+00 3.651582820707283350e+00 3.650213158674077363e+00 3.999531089458476796e+00 4.090286251866192657e+00 4.172994568266086723e+00 4.247733381613581827e+00 4.315385043710673330e+00 4.376906347881988069e+00 4.433319465000646886e+00 4.485432538415010661e+00 4.533932361972672354e+00 4.579294649857417632e+00 4.621932795717468956e+00
2.644232441948659584e+00 2.754762560657752601e+00 2.867674316129618539e+00 2.954500689383493750e+00 3.430099472884713396e+00 3.715960400482373416e+00 3.327164216348852843e+00 3.785480274206425300e+00 3.758430368117374076e+00 3.739845281215588457e+00 3.870825038708250343e+00 3.957477585665743369e+00 4.036948340745808217e+00 4.109223151363234905e+00 4.174708112621305922e+00 4.234317407209445605e+00 4.288876591034864738e+00 4.339231473892289692e+00 4.386025981982482946e+00 4.429784508021318068e+00 4.470918395421778158e+00
3.533177226940822369e+00 3.717728055077452964e+00 3.879943463680957993e+00 3.978379564847586813e+00 4.185047716404700857e+00 3.437678329563346402e+00 3.869621399006336837e+00 3.545546085008012493e+00 3.757776509721506120e+00 3.899862478533651977e+00 4.109307581672487331e+00 4.204518823837553931e+00 4.290968532897426080e+00 4.368992635126700996e+00 4.439617783059784273e+00 4.503973890809814584e+00 4.563116193531437048e+00 4.617918903830115163e+00 4.668982848354182202e+00 4.716852150611139827e+00 4.761937625518464223e+00
2.489862701856726090e+00 2.572123740006951653e+00 2.689275452576750602e+00 3.829478780584542719e+00 3.416943857520414518e+00 3.652552651891057600e+00 3.373558330932015625e+00 3.230284952370478635e+00 3.496096026104183352e+00 3.487465638206211693e+00 3.746415361665315746e+00 3.826752478691946457e+00 3.904590976969763094e+00 3.976309566163697351e+00 4.041815665803499158e+00 4.101610565748816661e+00 4.156389256074461080e+00 4.206925565003896139e+00 4.253859348198970380e+00 4.297855231598941117e+00 4.339291249095981406e+00
2.848448637607858824e+00 2.977818713166806130e+00 0.000000000000000000e+00 3.133333797530932774e+00 3.181761589220744924e+00 3.570753428973513444e+00 4.094833569306793208e+00 3.867109542783352172e+00 3.912581745011458167e+00 3.882256700359108859e+00 4.095913805312191514e+00 4.189183528130367762e+00 4.273622101519204186e+00 4.349687236774879118e+00 4.418424831547552500e+00 4.481028016765939093e+00 4.538484283779044226e+00 4.591588484021956518e+00 4.641046244216009420e+00 4.687295361645516856e+00 4.730758155415690780e+00
2.721981043844833081e+00 4.149205427160699067e+00 3.704739270236264037e+00 3.917014273050254403e+00 3.693868874624514742e+00 3.735369801610358476e+00 3.632625085675120324e+00 3.579418344519015971e+00 3.265282943865526644e+00 3.627577804699423591e+00 3.861376580751037402e+00 3.949474442743013736e+00 4.030996976752266647e+00 4.105518791446604254e+00 4.173280061299326604e+00 4.235022945493171598e+00 4.291607830107706079e+00 4.343901230545769820e+00 4.392557360622095786e+00 4.438193040913311904e+00 4.481182480644738675e+00
2.916930000625056252e+00 3.024505528514756403e+00 3.503132212331025563e+00 3.918414485759656785e+00 3.882768136340630338e+00 4.105989269681375120e+00 3.750573004208976435e+00 3.988776408450704025e+00 4.064844605813416223e+00 3.890563992830246676e+00 4.014590961632968913e+00 4.103265515472729774e+00 4.183546113137031952e+00 4.255794159096933704e+00 4.320958018120588662e+00 4.380171035249946776e+00 4.434378027315768911e+00 4.484396339101897055e+00 4.530788769135718042e+00 4.574089860074432856e+00 4.614611098484065366e+00
2.853086900851750762e+00 3.375456214003923705e+00 3.798762294176151855e+00 3.904125824397997491e+00 3.989160488053152154e+00 3.291323249084600722e+00 3.666247008204091884e+00 3.723495948974314462e+00 3.637411809921212047e+00 3.721545681973245756e+00 4.002539542330305622e+00 4.092759976969553293e+00 4.174842399699410400e+00 4.248946470239960860e+00 4.315925766076823322e+00 4.376823676531888196e+00 4.432654813932387583e+00 4.484212123929825822e+00 4.532188841201715945e+00 4.576971684257267192e+00 4.619065018510730702e+00
2.884277172001406875e+00 2.998605299860530149e+00 3.534401508011310256e+00 3.938150312979314727e+00 3.917471924784539539e+00 3.901106939093966997e+00 3.711848500553275532e+00 3.875942165405831030e+00 3.575308370346942155e+00 3.771318424985682594e+00 4.051529967587759629e+00 4.142158893215143856e+00 4.224095055764867546e+00 4.297876985209845735e+00 4.364489422932663842e+00 4.425019742395773115e+00 4.480533803904267920e+00 4.531784287067935679e+00 4.579358196010407944e+00 4.623846626317278385e+00 4.665491145858347011e+00
2.967191341453076170e+00 3.653761305978380669e+00 3.876773970231913502e+00 4.006853100475295193e+00 3.964754697892527435e+00 3.345997002544351506e+00 3.782408362561033410e+00 4.000358652844737684e+00 3.618315503457880222e+00 4.011231448054552118e+00 4.082988470747809906e+00 4.174336725267054682e+00 4.256838404921454710e+00 4.331057809309712070e+00 4.398081337016725989e+00 4.458957015654369194e+00 4.514827102643909740e+00 4.566336414457297543e+00 4.614267586805908650e+00 4.659002151362757971e+00 4.700937422227138285e+00
0.000000000000000000e+00 0.000000000000000000e+00 1.688820710571313777e+00 1.695621763305331875e+00 1.692130886324057393e+00 3.872645293352880547e+00 3.537048852886509831e+00 3.970354685018528507e+00 3.607970210419545243e+00 4.063836675092813877e+00 4.126462315082907395e+00 4.219000719305040725e+00 4.302388519561988645e+00 4.377340661325846760e+00 4.907005431782401672e+00 4.506534474988733940e+00 4.562975877521553869e+00 4.615087893315698686e+00 4.663571335495949377e+00 4.708847786495301335e+00 4.751280780036357676e+00
2.731666316453036369e+00 2.871128353442903069e+00 0.000000000000000000e+00 0.000000000000000000e+00 3.146009013999740311e+00 2.612671456564337191e+00 3.381012509746286199e+00 3.566138146705436274e+00 3.859061558923045254e+00 4.176451659283704210e+00 3.999834489607326571e+00 4.089129154104723440e+00 4.170198802264212468e+00 4.670875033486052708e+00 4.729688046227559006e+00 4.369356248179435021e+00 4.424326991797977726e+00 4.475073838718339303e+00 4.522251533111788291e+00 4.566241165686401260e+00 4.607566036049045799e+00
