3.451131971286582001e+00 4.189329777057833049e+00 3.945041490953611785e+00 3.921514667840827695e+00 3.707263490319922639e+00 3.169899734693173876e+00 3.261895508300482582e+00 3.353547774082664912e+00 3.447586344800005698e+00 3.542207837308477547e+00 3.641510471060297682e+00 3.747385347041950254e+00 3.846920059627260802e+00 3.948571586910138098e+00 4.056511400195831563e+00 4.552666068841829450e+00 4.609594837253781385e+00 4.663411422614801793e+00 4.717144740036765427e+00 4.767742814330472534e+00 4.815199521231590118e+00
3.298222468614255831e+00 4.254180418419228893e+00 3.660322108345534620e+00 4.002180498340474735e+00 3.862655023520809916e+00 3.894812249184523179e+00 3.999145010377092468e+00 4.184645780024833783e+00 3.419662360683652924e+00 3.515471521234137420e+00 3.610358952995903703e+00 3.707486324272142753e+00 3.810923740693860751e+00 3.916099290292882618e+00 4.018206632812121093e+00 4.459966653172408257e+00 4.517948577530734866e+00 4.569137183229220689e+00 4.619351636077825951e+00 4.668469977618805444e+00 4.714596116266038806e+00
3.564695801199657677e+00 4.115819150906508739e+00 3.820505696026673892e+00 3.647700916054701370e+00 4.050139352252289271e+00 3.105332891685988361e+00 3.190611279504484088e+00 3.275352623069632596e+00 3.363370096837030143e+00 3.454112120479430725e+00 3.546365316547203772e+00 3.639137524406715229e+00 3.733613584822168985e+00 3.831898113312711018e+00 3.928731433297722120e+00 4.409474859103498012e+00 4.468858928436380218e+00 4.523119307551552559e+00 4.577293848394479170e+00 4.628589709555996023e+00 4.676882445184186388e+00
2.415441777196808637e+00 4.234023502300948927e+00 3.651428972684502394e+00 3.600011076957159606e+00 3.729049989986809255e+00 3.875405706534902350e+00 3.155872667398463172e+00 3.237567038752269255e+00 3.320948961165652413e+00 3.407202408683498440e+00 3.494719478867431395e+00 3.583340224372225880e+00 3.673869264681869584e+00 3.766189383530592849e+00 3.860098983966803399e+00 4.309489770092140404e+00 4.375320458041360716e+00 4.425574287413390095e+00 4.472948980855778522e+00 4.520640835085651510e+00 4.566115273655590556e+00
3.408385992896923344e+00 3.797450874794591869e+00 3.788009228967939457e+00 3.793731376227789109e+00 3.889158969372872754e+00 3.050111952972819118e+00 3.128650091773735653e+00 3.209959247473901378e+00 3.294869817590398320e+00 3.374283825473776588e+00 3.461525147980199613e+00 3.550122862095129506e+00 3.635524669132298214e+00 3.724240668708102220e+00 3.811873639854178375e+00 3.901297181312786577e+00 4.432835719108249251e+00 4.488391387729009807e+00 4.544108838291689878e+00 4.596376408926573731e+00 4.645647998557768332e+00
4.040038171395137212e+00 3.713484073279418762e+00 3.716090672612411439e+00 3.810975609756097171e+00 2.951158329644385514e+00 3.029491749918978627e+00 3.105247177675342751e+00 3.184691327254726367e+00 3.262642740619902337e+00 3.346370234036768032e+00 3.430964100912356152e+00 3.509858573345721044e+00 3.596550078501622227e+00 3.682294416807937676e+00 3.771055057403837729e+00 3.857785493348764749e+00 4.375559763993244644e+00 4.428607441423149993e+00 4.482078581180786614e+00 4.533278384504430214e+00 4.581488011773036106e+00
3.085943527233451444e+00 4.177710203885955487e+00 3.688034069084532351e+00 3.663484734328233738e+00 3.658427152432164320e+00 3.000991024943120422e+00 3.075138206495530380e+00 3.148306211258343090e+00 3.224630569497798582e+00 3.300677692334702762e+00 3.384866194166977760e+00 3.461980529821500063e+00 3.543755153778529010e+00 3.627282746690104531e+00 3.712054553453585370e+00 3.796035558500359119e+00 3.882066894142165658e+00 3.966597077244258251e+00 4.380049223410319215e+00 4.426737494466578049e+00 4.472087295144000940e+00
4.050751105374454042e+00 4.239850423637513188e+00 3.806360081663725747e+00 3.594089105762984016e+00 3.954671284995431524e+00 3.760000557037119329e+00 3.162968514711241408e+00 3.244691133018529072e+00 3.329264232604594032e+00 3.412660273152114065e+00 3.505278950098848156e+00 3.594784796825527984e+00 3.689086568244621223e+00 3.782070236482536707e+00 3.874440454693261149e+00 4.310167891301670551e+00 4.376128220556862125e+00 4.426829352645375693e+00 4.474734958006333585e+00 4.522840343735865076e+00 4.568545225188366032e+00
3.521345568283032801e+00 4.229252786531875863e+00 3.825501488467851541e+00 3.860205418074033279e+00 4.069461497982809206e+00 3.070631503283482111e+00 3.153048998381434487e+00 3.234789457399229295e+00 3.319226620197493371e+00 3.404030650169854066e+00 3.493938017539568897e+00 3.582648955520035816e+00 3.670512625178331323e+00 3.763721902770517325e+00 3.854864356960439054e+00 3.944882380217452411e+00 4.459048781993675270e+00 4.516743219673543308e+00 4.573234108011474675e+00 4.626227991400658546e+00 4.676142732380225375e+00
3.664168579408755733e+00 3.552033880938556987e+00 3.665334236988063932e+00 3.695517267827384433e+00 3.737024221453287165e+00 3.008276257704335155e+00 3.082830037974860549e+00 3.159646400460605964e+00 3.235995525884447055e+00 3.315787292245202078e+00 3.392646957003392583e+00 3.479020144208795795e+00 3.557055873675693203e+00 3.645568227153292984e+00 3.728689503739047062e+00 3.813960457402829185e+00 3.898662619483566960e+00 3.982750569945340047e+00 4.067114279017826739e+00 4.447502102139665681e+00 4.494657486669254354e+00
2.998124429136190816e+00 3.315260558759539844e+00 3.595928302721841163e+00 3.534352520478454274e+00 3.583364917479240130e+00 3.716269691067876302e+00 3.051486906347092187e+00 3.124652816353738594e+00 3.196708779830156999e+00 3.270088431540350449e+00 3.349756444791826659e+00 3.424442130422324038e+00 3.506508078994613697e+00 3.587419196832032586e+00 3.667617017742962560e+00 3.752710290765552514e+00 4.190061174893154217e+00 4.242129822856868238e+00 4.287868099644522424e+00 4.333679569108431551e+00 4.188869966489040308e+00
3.634667873650715197e+00 3.737670877314414053e+00 3.968797043930477830e+00 4.109392015451313718e+00 3.992895399909127452e+00 4.172509319744176715e+00 3.319754614804721893e+00 3.418946545817372673e+00 3.517217122640533766e+00 3.620665645453278625e+00 3.727840061854531317e+00 3.833954898748735740e+00 3.950377711553122673e+00 4.057771664374139498e+00 4.535895426992701651e+00 4.606457290578076957e+00 4.665971345446561003e+00 4.723895268463135899e+00 4.779592505598950325e+00 4.831674004913336873e+00 4.880630769971059379e+00
2.978953348205007678e+00 3.146977533316913878e+00 3.589251572023164361e+00 3.775346302219902750e+00 3.687013519049569865e+00 3.779263043706476477e+00 3.877122897872428808e+00 3.204458376872169723e+00 3.284577163103715947e+00 3.366531070276336024e+00 3.451536969412478673e+00 3.541027314512657398e+00 3.625108056105518450e+00 3.714071516510423443e+00 3.802123658887291313e+00 3.896628025105417503e+00 4.304072472382201475e+00 4.355250150359825767e+00 4.402740706089540268e+00 4.450469695724809327e+00 4.496122958587249308e+00
3.524314313553406741e+00 3.779554012626510140e+00 3.832298612707902397e+00 3.706067656323992487e+00 3.957099582457768161e+00 3.093885357484389420e+00 3.177805103831327749e+00 3.263798227827004794e+00 3.349359086183195444e+00 3.442582639547545842e+00 3.526531966975065213e+00 3.620766488413547535e+00 3.713713920237677435e+00 3.805727966564949938e+00 3.902683792014830289e+00 3.998097457072151695e+00 4.094890409627851113e+00 4.193967562067282273e+00 4.299643545680244650e+00 4.634141354941153423e+00 4.683389120762566193e+00
3.460399191650748385e+00 3.683241252302025703e+00 3.850279145238029166e+00 4.098892615844952125e+00 3.921406753075208584e+00 3.513945540734207285e+00 4.157255103030639276e+00 3.387650975159530731e+00 3.484976267311619136e+00 4.553796900658229951e+00 3.682780568815881672e+00 3.793626707132017994e+00 3.897835675453892090e+00 4.012202630067999820e+00 4.128307806630061805e+00 4.500695562041405751e+00 4.387769093651446184e+00 4.537205081669691609e+00 4.661844856545434901e+00 4.710968242531730077e+00 5.001712915381980373e+00
2.984349515910746486e+00 3.125065105523031406e+00 3.583216763941813987e+00 3.403368640388955590e+00 3.568729532286506245e+00 3.692916567956632257e+00 3.052714834806499411e+00 3.124848097661919066e+00 3.352821608935268927e+00 3.276151706735628721e+00 3.351580828957658298e+00 3.432285902411005729e+00 3.505805200965127710e+00 3.589499333871758235e+00 3.669597729003669428e+00 3.755215577190542220e+00 4.157168690976865477e+00 4.211369316377393091e+00 4.257364554006729307e+00 4.302896600711684449e+00 4.347766076382658440e+00
3.585737041353202148e+00 4.312293514171448905e+00 3.974784524838916422e+00 3.994022738384624294e+00 3.895272808213460447e+00 3.900427654032066815e+00 3.281068930371528136e+00 3.375980929152628374e+00 3.470048716762376362e+00 3.567980523023968953e+00 3.676547097955701116e+00 3.773455456073548042e+00 3.881072839420611320e+00 3.987652029233614392e+00 4.504074139790083642e+00 4.575263077626963160e+00 4.634709887608284617e+00 4.692792143313791797e+00 4.748730230829582233e+00 4.801097393689986781e+00 4.850332594235033490e+00
3.688008405875762730e+00 4.256312385869042814e+00 3.936600020718947768e+00 3.787748355772873055e+00 3.974535561814307449e+00 3.156454950373513757e+00 3.247830173033335210e+00 3.338108683255211595e+00 3.429019300480062427e+00 3.528532683898820910e+00 3.624602687782300325e+00 3.723341906213154751e+00 3.826566109147579553e+00 3.928541890662476721e+00 4.030100683032580733e+00 4.528426166069737135e+00 4.585466849158982505e+00 4.638957550076507452e+00 4.692536826212919010e+00 4.743115608287390650e+00 4.790583082398028658e+00
3.232675319929443347e+00 3.566907491205125069e+00 3.845599192424169477e+00 4.000303471297822711e+00 3.765446890083182563e+00 3.961552094410041747e+00 3.239892942667981224e+00 3.330511649852208489e+00 3.423748235721572275e+00 3.515108072342302492e+00 3.616762302208311297e+00 3.715246960721582781e+00 3.812692800942774518e+00 3.914942718206543937e+00 4.402377283733216018e+00 4.483098717833766678e+00 4.543827279486683857e+00 4.602470221330732691e+00 4.659034072612416644e+00 4.712020432413236648e+00 4.761937625518464223e+00
3.732478088971218355e+00 3.797844205525517935e+00 3.834275635618328959e+00 3.884702043353274181e+00 3.000614079160385916e+00 3.083780715156781760e+00 3.167831724778779723e+00 3.249357042117197558e+00 3.337342779867479514e+00 3.427196553219465702e+00 3.510655873120766213e+00 3.603079246956436776e+00 3.696625608548271824e+00 3.788661569194737400e+00 3.879513398176628769e+00 3.971215534299661787e+00 4.514484550044796762e+00 4.571175276867775139e+00 4.627172389390165286e+00 4.679682607409039186e+00 4.729136966772672146e+00
3.451370193967004951e+00 3.721263575720822558e+00 4.195756095883344194e+00 4.138444772454511700e+00 4.070432518545031186e+00 3.903307539546668092e+00 4.202606994240361438e+00 3.465959328028293651e+00 3.569785881496839064e+00 3.678333229229562296e+00 3.789209708644220687e+00 3.904071388733965087e+00 4.024117422382277098e+00 4.139213278053349043e+00 4.573285188699206749e+00 4.642874212247629195e+00 4.556909586771152654e+00 4.720724665444294921e+00 4.894425180783521512e+00 4.866013295867314348e+00 4.914373860991474885e+00
4.015535970201953297e+00 3.567905639389678196e+00 3.625436621093069522e+00 3.684495919246972395e+00 3.743526818210177964e+00 3.006244790314425597e+00 3.081038309910439033e+00 3.158426682388612683e+00 3.234743962983277932e+00 3.313910137803429468e+00 3.390815733385001973e+00 3.474490292274122982e+00 3.555022689409517600e+00 3.641252590891266294e+00 3.725988076838153695e+00 3.810534767727491889e+00 3.893972686563012431e+00 4.365590957769728497e+00 4.417509904885489114e+00 4.140043884465175239e+00 4.515801832720804931e+00
4.048130880259080300e+00 3.564115645069989569e+00 3.659892412973973386e+00 3.643412984298952662e+00 3.666257737918975579e+00 2.970675192032932177e+00 3.041383553027213527e+00 3.111602821186557843e+00 3.185617628930947909e+00 3.258028961797876821e+00 3.335603396756125605e+00 3.414538967554911153e+00 3.490474495102863894e+00 3.568754504677867700e+00 3.653635367190354533e+00 3.734129947722180987e+00 3.815077732208793204e+00 3.893729010367053434e+00 4.350317987529088271e+00 4.045168765812153566e+00 4.443055989447741716e+00
3.639335031689681532e+00 3.752214849042837308e+00 3.831711242240784632e+00 3.880992147921243252e+00 4.006655122067162011e+00 3.071567523292720203e+00 3.153778226315124833e+00 3.235608575769511663e+00 3.320466525546839076e+00 3.407247897728046926e+00 3.494328704512575712e+00 3.583043933631001376e+00 3.671071953010278666e+00 3.764194148769317128e+00 3.855342058339585876e+00 3.945510424453858356e+00 4.473595463085954904e+00 4.530508858517699800e+00 4.586716321864260593e+00 4.639407263788387858e+00 4.689060896629992037e+00
3.165202467451168289e+00 3.595107887804978919e+00 3.935404138388141071e+00 3.929300170959024729e+00 3.901487442087296031e+00 3.937279823167783022e+00 3.216423337248979220e+00 3.304829181641673497e+00 3.393351800554016418e+00 3.486118277020902045e+00 3.583587170757928764e+00 3.682473510508945225e+00 3.779808947838636524e+00 3.878711995427202019e+00 3.976961053208995622e+00 4.438283954579284263e+00 4.498946837444871782e+00 4.556500607533413572e+00 4.612704903924930377e+00 4.665363109327295810e+00 4.714982711730057119e+00
0.000000000000000000e+00 3.724625985473958512e+00 3.995563546682648681e+00 4.130268673977242067e+00 3.259045585033353287e+00 3.743635819107517193e+00 4.202201678125129014e+00 3.428899323317215142e+00 3.530389035026996858e+00 3.632730905458177784e+00 3.738214241211735178e+00 3.847579872260348033e+00 3.962966758908134324e+00 4.081350304371887283e+00 4.195929260759806212e+00 4.599559557327237869e+00 4.657853277621754273e+00 4.713340118721522920e+00 4.767775287939572060e+00 4.818646786306781671e+00 4.866413521775486473e+00
2.818588591762674955e+00 2.995117262323514495e+00 0.000000000000000000e+00 3.357762270431253082e+00 3.474611017296613369e+00 3.683727654369039595e+00 3.775009437523593636e+00 3.166016256805214368e+00 3.243022214702171002e+00 4.070397174178504329e+00 3.396856867543379455e+00 3.480468430104004529e+00 3.570053550803262254e+00 3.654844738057966502e+00 3.738550688516418141e+00 3.828803742481621697e+00 4.227245637621099839e+00 4.279551337359793095e+00 4.324843825084093929e+00 4.369235037103821995e+00 4.413640908934174156e+00
3.625032241873304972e+00 4.309565845995578570e+00 4.147627902475442774e+00 3.960010837924398341e+00 3.922918100481761705e+00 4.065426259943354381e+00 3.295170121921294104e+00 3.392036329401340033e+00 3.488404543298077254e+00 3.588756150920998866e+00 3.696367795569937442e+00 3.794804567564770359e+00 3.906598038476563950e+00 4.012202630067999820e+00 4.539857888690939092e+00 4.608833827464521526e+00 4.666771897797695523e+00 4.723051227993319223e+00 4.778029374493632631e+00 4.829406323121292921e+00 4.877613129710159257e+00
3.025143870214292097e+00 3.551888306773860027e+00 3.719213179789520041e+00 3.723444599971039715e+00 3.659538621942040937e+00 3.830466394750842163e+00 3.107284164589389608e+00 3.184867724135065803e+00 3.261759684650297864e+00 3.343969012553817066e+00 3.424585729960931690e+00 3.513630820742823069e+00 3.596226728263575367e+00 3.683115643010605567e+00 3.771002388301512465e+00 3.859194530970035952e+00 3.947243054893900815e+00 4.034866814611783425e+00 4.449078901633646055e+00 4.497935038913953854e+00 4.544108838291689878e+00
0.000000000000000000e+00 4.238966526062694307e+00 3.839361130307917147e+00 3.809048915113613099e+00 3.748099921567538129e+00 3.885408210700136866e+00 3.195043515103526133e+00 3.273345219523066341e+00 4.282093252940485151e+00 3.449203578893633715e+00 3.539749302461166813e+00 3.635931392771489357e+00 3.730647267300876369e+00 3.824623622266263734e+00 3.924133420536297212e+00 4.328706884705235680e+00 4.392316191861860730e+00 4.445356312405964516e+00 4.497025044970250462e+00 4.547176960970064741e+00 4.594422234260673754e+00
3.752601234946951525e+00 3.779263524609876690e+00 4.049055334801973771e+00 4.077711505366682587e+00 3.972711581139209081e+00 4.069751400270396502e+00 3.304739136549008638e+00 3.400510770597379384e+00 3.499121720448167494e+00 3.599487765202643796e+00 3.705101375690418308e+00 3.813723858656460131e+00 3.920813328013867505e+00 4.027274368481717381e+00 4.564872285774631777e+00 4.632436593524126067e+00 4.689889549702634497e+00 4.745823331567978087e+00 4.800537660217944591e+00 4.851643667565375573e+00 4.899592381133847319e+00
3.104691612393363886e+00 3.323869538120628686e+00 3.819921934686279830e+00 3.832440237885039735e+00 3.738058978263878895e+00 3.867296483522554507e+00 3.284737849964356915e+00 3.226213687562244470e+00 3.307561913424566402e+00 3.388634933368372515e+00 3.480848508012776232e+00 3.568205192788027613e+00 3.651747326645353287e+00 3.747768374286220006e+00 3.839763191331909020e+00 4.349326889886088843e+00 4.410052162648236518e+00 4.458004207241470063e+00 4.503090757747363782e+00 4.548681227041219799e+00 4.593157587061214464e+00
2.995346763632310338e+00 3.163889474794347123e+00 3.570398648741433867e+00 3.803043817979408381e+00 3.181255489394661851e+00 3.784215616196442422e+00 3.704713374015280003e+00 3.206558108409546914e+00 3.286667319338191007e+00 3.367995621605691881e+00 3.454231433506044890e+00 3.543413766509877050e+00 3.627738244732803707e+00 3.716858016023788291e+00 3.805043412086201560e+00 4.246808044276399130e+00 4.324012683770539489e+00 4.374572795625426558e+00 4.421660609912810180e+00 4.469135462933678582e+00 4.514672686230247756e+00
3.755009524069611082e+00 4.299494462667212247e+00 3.996554694229113025e+00 3.975025871935631283e+00 4.000082760332972498e+00 3.911379319978766311e+00 3.271431355625469717e+00 3.365657670544184299e+00 3.461045928079465650e+00 3.557651392018303937e+00 3.664269911504424382e+00 3.763092425731189739e+00 3.866415349668938628e+00 3.968944748111269405e+00 4.077333423940742385e+00 4.186943599810557082e+00 4.298242573399424060e+00 4.419431688706279893e+00 4.763751931020872021e+00 4.816823098731110697e+00 4.866713734414520154e+00
3.367613916016889419e+00 4.237751531058617793e+00 3.809655745653528935e+00 3.961414433448237293e+00 3.827897718572959462e+00 3.937987066821422300e+00 3.235540300061193086e+00 3.325504541392139579e+00 3.418111807134784907e+00 3.511961327108209296e+00 3.609281405953926658e+00 3.707238039008381669e+00 3.809919645331117266e+00 3.911342894393742053e+00 4.012535715026945837e+00 4.466371657092597758e+00 4.525516953282740396e+00 4.580601494506695737e+00 4.635278559791684572e+00 4.686713855442446786e+00 4.735075932775647090e+00
2.972483297474804331e+00 0.000000000000000000e+00 3.510365904022466399e+00 3.666449907992860968e+00 3.650640584102493147e+00 3.696780313598571954e+00 3.778147196614780157e+00 3.865934900417659303e+00 3.970354685018528507e+00 3.548467896802204091e+00 3.405450110155885834e+00 3.491327542384716764e+00 3.578194064407493435e+00 3.663484734328233738e+00 3.745343856614617550e+00 3.836509872162010559e+00 4.227655799512087142e+00 4.280230856322314814e+00 4.325853497761542599e+00 4.370718914969028646e+00 4.415315626077958022e+00
3.514526710402998688e+00 4.260846259045707463e+00 3.841721091048790004e+00 3.793940731747695416e+00 3.916439956079922347e+00 3.100578539768442887e+00 3.185860320802282430e+00 3.270725613956951605e+00 3.358921786106659813e+00 3.450465122698540110e+00 3.541775928183681810e+00 3.634254244040172388e+00 3.728200383866557832e+00 3.821036543004029618e+00 3.921379775311818250e+00 4.015544923058075533e+00 4.116383893961950591e+00 4.518627171547942467e+00 4.575675432089349570e+00 4.629156880765171955e+00 4.679618198209357871e+00
3.413777728235424913e+00 4.244918079927698429e+00 3.821248923102576356e+00 3.596450579927655600e+00 4.016310304218486671e+00 3.898022266597367835e+00 3.170795593972731030e+00 3.253653437450243047e+00 3.337647299230297016e+00 3.424705405443184247e+00 3.514744698593412764e+00 3.608179465295558774e+00 3.703056768558951717e+00 3.791795932437090233e+00 3.888861882903591027e+00 3.984556408952885764e+00 4.440103010389840676e+00 4.492882865097788780e+00 4.545642381916607633e+00 4.596250282978095569e+00 4.643888847154593158e+00
3.470800158268487312e+00 4.248650531081315407e+00 3.774877491244381211e+00 3.916823456177040530e+00 3.823517362865452185e+00 3.946849098802789335e+00 3.208344426013529649e+00 3.295770894836858922e+00 3.382622982507006881e+00 3.475629702322538872e+00 3.572304136167828048e+00 3.660777189904543150e+00 3.760079100923307660e+00 3.858104430619570202e+00 3.955421703468279926e+00 4.439072029065677327e+00 4.497260759355664383e+00 4.549778715307937205e+00 4.602154082866248608e+00 4.652390078604560664e+00 4.699632202697181071e+00
3.072947585291755157e+00 0.000000000000000000e+00 3.714326984585542224e+00 3.769528250520055135e+00 3.583167382151692060e+00 3.797817980941858629e+00 3.934670661162730010e+00 3.228953406889349953e+00 3.309486255069851612e+00 3.396527224205454942e+00 3.478260869565217739e+00 3.567082126820260601e+00 3.656937832056854631e+00 3.751328595544254796e+00 3.844384795458133386e+00 4.276953429495802261e+00 4.348426283821093641e+00 4.398949838006926072e+00 4.446116488251991683e+00 4.493512059895059529e+00 4.538921249716317163e+00
3.822444001195382413e+00 4.151778118087459113e+00 3.953089998682303374e+00 4.111696358313071009e+00 3.755163349605707968e+00 3.179518372086593381e+00 3.273071673305662621e+00 3.367512439178601547e+00 3.462460008586900617e+00 3.564763362620310794e+00 3.659841867209888022e+00 3.764587777638348065e+00 3.868311620131798634e+00 3.971405877680698637e+00 4.080910859303796379e+00 4.189733093396706742e+00 4.627865193009200517e+00 4.687149737451684395e+00 4.743735175827575645e+00 4.796754652852012413e+00 4.846638510004846800e+00
2.863668429103252144e+00 3.037855826124179259e+00 3.648329135416155555e+00 3.581168562849508241e+00 3.563645335051192742e+00 3.687743715470084727e+00 3.041362530413624921e+00 3.113066578117217098e+00 3.184823623083047561e+00 3.256403683200420840e+00 3.335255737682135901e+00 3.411758283749112941e+00 3.489962866795097263e+00 3.567656049975166166e+00 3.653106519071973590e+00 3.733071557451280054e+00 3.814791855419388700e+00 3.895489579565374783e+00 4.304248908565455167e+00 4.350618409331040048e+00 4.395936506192088089e+00
0.000000000000000000e+00 3.518079410088443826e+00 4.407440310173611486e+00 4.132629867893597542e+00 3.807282292676172908e+00 3.989791636571255129e+00 4.155313351498638674e+00 3.396018168697202189e+00 3.492839678658749669e+00 3.593716524876120921e+00 3.695972074877656333e+00 3.808811512305923408e+00 3.913620798099097797e+00 4.021840639677161988e+00 4.140101018464850569e+00 4.546550477043363792e+00 4.605570678324947487e+00 4.661493323096329355e+00 4.716368532935973690e+00 4.767761639557219766e+00 5.037713844051701528e+00
3.265453585398559344e+00 3.854705149473075743e+00 3.684034921870655399e+00 3.651445421225232302e+00 3.737567397338021014e+00 3.024526802231115141e+00 3.100971872775581062e+00 3.178112477545944170e+00 3.254892727046081013e+00 3.338642702631267500e+00 3.422743783179658994e+00 3.502995060776964653e+00 3.587740965102319102e+00 3.675909614237560241e+00 3.760812335464459810e+00 3.847739453071320259e+00 3.933937457296073692e+00 4.019459729171575013e+00 4.105061749869542531e+00 4.193160336827633117e+00 4.546456519343105462e+00
3.389361554956076716e+00 4.242681374628765489e+00 3.799444590281711776e+00 3.952838546991071400e+00 3.789288027227756483e+00 3.911718685662522343e+00 3.221141654844391411e+00 4.178482868220240398e+00 3.396998162847932434e+00 3.489329629991485771e+00 3.584130572633784428e+00 3.678103486564512359e+00 3.776072061186098061e+00 3.878707282272921830e+00 3.980372645232130857e+00 4.447668053426757417e+00 4.505088702466194306e+00 4.554676824976191085e+00 4.602659925258298479e+00 4.650622020695267977e+00 4.695840728131537745e+00
3.513074146529633346e+00 4.226168160594389711e+00 3.923326981280126358e+00 3.889780296873588394e+00 4.039081596412181341e+00 3.970852549008680121e+00 3.178244227341191497e+00 3.263050466199656885e+00 3.347303677152560830e+00 3.433127579224673820e+00 3.523218702073863007e+00 3.616888085135981257e+00 3.709682959502627053e+00 3.801781998907851179e+00 3.898879768295144821e+00 3.994105251559766590e+00 4.089781092734052770e+00 4.186024169142825713e+00 4.286208088489457779e+00 4.650872212079771195e+00 4.697584488439856543e+00
3.395962270166124952e+00 3.880723200487862456e+00 3.997105544261053023e+00 3.932824596023017261e+00 3.893891457775614295e+00 3.967563428810078729e+00 4.155729018763116400e+00 3.326749142322486641e+00 3.418564900408135099e+00 3.512009695901277873e+00 3.608179465295558774e+00 3.706550985668002784e+00 3.806131950438724765e+00 3.910081837326875309e+00 4.010676697968384552e+00 4.493555832431217922e+00 4.550217858915670099e+00 4.601648351648351287e+00 4.652842400588895977e+00 4.702322538436375154e+00 4.748762912849877615e+00
3.554428050709839582e+00 4.088725339875293407e+00 3.875834861750353966e+00 3.998125017233297385e+00 3.963887616951770276e+00 4.010787635709839982e+00 3.245901186480475875e+00 3.336461265769992579e+00 3.427076703571853233e+00 3.524411734217891112e+00 3.621623880430694165e+00 3.720084321911296676e+00 3.823187982677482832e+00 3.925025133932875665e+00 4.450997301582884980e+00 4.529576072857545377e+00 4.585721730067743529e+00 4.637839312508525325e+00 4.690112698650063194e+00 4.739922512571099311e+00 4.786680541103017106e+00
2.892442461055328096e+00 3.772451324898877800e+00 3.913019173793951477e+00 4.160541425124122838e+00 4.169600196859811980e+00 3.824037617199671502e+00 4.229267920656161195e+00 3.440842093436417226e+00 3.543339910513298552e+00 3.647791683034963039e+00 3.752191621015002365e+00 3.868712478670268240e+00 3.979640994491338457e+00 4.102059233735334765e+00 4.227810812285199837e+00 4.363685950976715411e+00 4.512481112531706806e+00 4.673411040246315373e+00 4.840139068784511167e+00 4.993672401409173567e+00 4.840370049699011190e+00
0.000000000000000000e+00 0.000000000000000000e+00 3.529240798023625114e+00 3.922887245012328883e+00 3.776112171905725123e+00 3.758319552828305543e+00 4.025600087335052812e+00 4.150535146867706082e+00 3.432085884517174446e+00 3.526839246667136774e+00 3.897577238148929091e+00 3.727066236295998980e+00 3.823586663329717972e+00 3.928406514262872573e+00 4.042784999211999519e+00 4.153657641691645530e+00 4.276333940296860092e+00 4.411359250068927373e+00 4.561287112290594692e+00 4.640789072673371152e+00 4.873026767330130404e+00
