1.985857855131669236e+00 2.599446388174626588e+00 2.736035694742601887e+00 3.056625769487766320e+00 3.222845772817398036e+00 3.229974160206718015e+00 3.315673258036980542e+00 3.400180417736450966e+00 3.483689366386577557e+00 3.566553954416696648e+00 3.648866746193249355e+00 3.730956575810965070e+00 3.813036424897048082e+00 3.895384993883561631e+00 3.978335520254613122e+00 4.062325715898841061e+00 4.148058017504804518e+00 4.236846674769925158e+00 4.947195558517766045e+00 5.016561525034703095e+00 5.066445751374444306e+00
2.064674137464579839e+00 2.716823406478579006e+00 2.606533240343498647e+00 2.747426929010714503e+00 3.011267743720105639e+00 3.089725632363845786e+00 3.288299948926404426e+00 3.371010684039983829e+00 3.452728691484880041e+00 3.533718744257706934e+00 3.614248479582971019e+00 3.694512603167521281e+00 3.774750351738100917e+00 3.855235892246156926e+00 3.936273798918560551e+00 4.018262309392341081e+00 4.101919014445591039e+00 4.188553575720121991e+00 4.283820079556657667e+00 4.597101767482709711e+00 4.936172546653686766e+00
2.429632683713362162e+00 2.783635009777517322e+00 2.700774914648587099e+00 2.828956912810097091e+00 3.023187142314776921e+00 3.157606674478818931e+00 3.237249027103350940e+00 3.315718578385659754e+00 3.393281303020020623e+00 3.470173855710170674e+00 3.546567826371166188e+00 3.622668334461145445e+00 3.698680803846627896e+00 3.774798327904147488e+00 3.851297887388049457e+00 3.928514814636129504e+00 4.006853100475295193e+00 4.087089645808654303e+00 4.170924485412190741e+00 4.824491877623317215e+00 4.876793237513377122e+00
2.211316232487801958e+00 2.681494862820367864e+00 2.684639622454890517e+00 2.594943367114352473e+00 2.953108850185975687e+00 3.104231632120330708e+00 3.203721889081575736e+00 3.279008762627671825e+00 3.353290066576779971e+00 3.426789098614597240e+00 3.499694634487775069e+00 3.572164594353231415e+00 3.644390046001828587e+00 3.716585790019915514e+00 3.788941902890822444e+00 3.861749372465727248e+00 3.935376967688483330e+00 4.010440740640038193e+00 4.398262686238935792e+00 4.403134481358917718e+00 4.405832220401756594e+00
2.194892273271168204e+00 2.540094689085353963e+00 2.601914164961358189e+00 2.919505074377866993e+00 3.030858367283645549e+00 3.106619169911357226e+00 3.180903514898383744e+00 3.254013860714360273e+00 3.326091417976462683e+00 3.397375007800095492e+00 3.467983575629785431e+00 3.538103992507544149e+00 3.607904085257549021e+00 3.677567531935857836e+00 3.747241613812055228e+00 3.817164748830560228e+00 3.887539048941340170e+00 3.958720104837828213e+00 4.742756985256212587e+00 4.800208466196245638e+00 4.747162022703817819e+00
2.732049036777583151e+00 2.629484828564508714e+00 2.719873909435172266e+00 2.968629183696012586e+00 3.011563001197620881e+00 3.085229463941380423e+00 3.157473740343392343e+00 3.228545961159188238e+00 3.298606338821847839e+00 3.367859622112403972e+00 3.436402498951896867e+00 3.504432075860647089e+00 3.572090978409457662e+00 3.639559956599963897e+00 3.706958097644022398e+00 3.774543108713704243e+00 3.842459173871277667e+00 3.910996885170336945e+00 3.980641511805744326e+00 4.052058651832011194e+00 4.785212326706952624e+00
2.646047099638373368e+00 2.451323714805994758e+00 2.593742770818290300e+00 2.666722808199470940e+00 2.859035598479830131e+00 3.058430242896262197e+00 3.127932436659367710e+00 3.196175706285348639e+00 3.263322339871550071e+00 3.329587547342572673e+00 3.395105389729805800e+00 3.460012145348754675e+00 3.524452652503065941e+00 3.588567246935644661e+00 3.652506181164306476e+00 3.716481543812408361e+00 3.780612459218393173e+00 3.845212710175831106e+00 3.910614525139664011e+00 4.068151886864006528e+00 4.048752565373392009e+00
2.695264845235055162e+00 2.562806557937225449e+00 2.661586305438040867e+00 2.502659075267471334e+00 2.967002691495298272e+00 3.131632972615609134e+00 3.208906809160731566e+00 3.284852635919513819e+00 3.359862245647928347e+00 3.434113105949256894e+00 3.507806589173945166e+00 3.581143900003442848e+00 3.654315539804459334e+00 3.727485635114321294e+00 3.800914983897941912e+00 3.874869396143120870e+00 3.949775486446033490e+00 4.026396784342092694e+00 4.106747595116449823e+00 4.268825866330669072e+00 4.457611543156537515e+00
2.371575588581940952e+00 2.815771134122218022e+00 2.693965517241379004e+00 2.894172125592952671e+00 2.969777335764406612e+00 3.124511795032026473e+00 3.200846136717879986e+00 3.276014693274411638e+00 3.350270813557429062e+00 3.423748235721572275e+00 3.496647332263770558e+00 3.569148826642322803e+00 3.641485451235013659e+00 3.713765001203534588e+00 3.786232138099311140e+00 3.859088152599371657e+00 3.932688924306087408e+00 4.007406793245446686e+00 4.762693613849084961e+00 4.818281938325990055e+00 4.782335419342496508e+00
2.855988520319312940e+00 2.446611443151235132e+00 2.500833611203734375e+00 2.841657309990158087e+00 2.988767793594305555e+00 3.060432873319431035e+00 3.130696127676744656e+00 3.199844181500726581e+00 3.268020290143366147e+00 3.335394792614879922e+00 3.402116255172604742e+00 3.468368479467258680e+00 3.534230057587160356e+00 3.599911386796632584e+00 3.665562387180214099e+00 3.731343283582089665e+00 3.797477094308617129e+00 3.864227603005816913e+00 3.932037830342914209e+00 4.001738686463773398e+00 4.076133890635254886e+00
1.640811455847255074e+00 2.388999360591347543e+00 2.478033998626460566e+00 2.598752598752598342e+00 2.820456772974383242e+00 3.029064934698995515e+00 3.096672484657394975e+00 3.163099011875373900e+00 3.228531979639640337e+00 3.293220083153807654e+00 3.357253766419069141e+00 3.420760525819760645e+00 3.483883554676068695e+00 3.546800717545067982e+00 4.049388816823495496e+00 4.051057051242438867e+00 4.055874831578079487e+00 4.060284908127451686e+00 4.060620242536029600e+00 4.034712201927087349e+00 4.010066650073287775e+00
2.156520238942442269e+00 2.004618046017120570e+00 2.718489913705371297e+00 2.835388413634759797e+00 3.137597282567918811e+00 3.226372084867613399e+00 3.365185751242664836e+00 3.455329500221140826e+00 3.544694426489293004e+00 3.633571457953408412e+00 3.722263963659675046e+00 3.811054830685227213e+00 3.900262754543463384e+00 3.990230814213477029e+00 4.081519708897713983e+00 4.174736683616553812e+00 4.271178500816345647e+00 4.373974849644614693e+00 4.991403693638733152e+00 5.050263773911975562e+00 5.099755349574445873e+00
3.165113416564093285e+00 2.050063976134427701e+00 2.588252210798763109e+00 2.633058404081952020e+00 2.576526412974241786e+00 2.916443882758955830e+00 2.857780132154905228e+00 3.241446374752580795e+00 3.313269644927936408e+00 3.384351862084208129e+00 3.454804250791150277e+00 3.524874555934921272e+00 3.594710245615490241e+00 3.664497929212962024e+00 3.734439834024896321e+00 3.804701227189086321e+00 3.875700740535676925e+00 3.947915223715196209e+00 4.308664519173556862e+00 4.313591235878123875e+00 4.315511867657636280e+00
1.942488466474730169e+00 2.544115672459240862e+00 2.628048190104706805e+00 2.950412003961981888e+00 3.023390044801143706e+00 3.146237100427887956e+00 3.224744078820978022e+00 3.302146395156851266e+00 3.378681211084832992e+00 3.454493951181091038e+00 3.529827038475114698e+00 3.604827696168483975e+00 3.679712288156186339e+00 3.754667259996801398e+00 3.830002598930335012e+00 3.905928788750924863e+00 3.982887318624118489e+00 4.061430862744288106e+00 4.765390831111786518e+00 4.827220003999695308e+00 4.877043549938177236e+00
1.673725421706035554e+00 2.700474715028851946e+00 2.676150568681995523e+00 2.779476346656289731e+00 3.060635360076793710e+00 3.142962906053345939e+00 3.335603396756125605e+00 3.423293767509449026e+00 3.510102073768305075e+00 3.596351086858795121e+00 3.682337056585245794e+00 3.768291917013838255e+00 3.854545955135838309e+00 3.941390826931454150e+00 4.029288761063176239e+00 4.118842330715580147e+00 4.211184089874818959e+00 4.309745585986375360e+00 4.583860705367222010e+00 4.870352586088626090e+00 4.965962465600363807e+00
0.000000000000000000e+00 2.434494703235095425e+00 2.399570900262541162e+00 2.542067689613535020e+00 2.801257764736366340e+00 2.710215427380124886e+00 3.093450322000056207e+00 3.160067976573362358e+00 3.225783830407920938e+00 3.290740416593733286e+00 3.355165206936804090e+00 3.419089684815752594e+00 3.482767267560111790e+00 3.546247236013183368e+00 4.062689362639783752e+00 4.053534132131471956e+00 4.059390953750463993e+00 4.066890000965025287e+00 4.073291633873216355e+00 4.067863179526023387e+00 4.050445205714560792e+00
2.171522237088198803e+00 2.347871723337844774e+00 2.796889858477372925e+00 2.893232658245712852e+00 3.187493936832184627e+00 3.241647584627692869e+00 3.329241141097400991e+00 3.415681463305821897e+00 3.501280370174582934e+00 3.586296129612961181e+00 3.670970244361943635e+00 3.755599257074183850e+00 3.840379848479558156e+00 3.925700944234384870e+00 4.011897350764335179e+00 4.099508742202392142e+00 4.189387799953298241e+00 4.879792162091574959e+00 4.965414508665337401e+00 5.022152508324389864e+00 5.070924415815802000e+00
2.332320305321930576e+00 2.475160001414376865e+00 2.753381717545395180e+00 3.009981940108359399e+00 3.170336675970915508e+00 3.216535790953143348e+00 3.301010934598720858e+00 3.384261772648114786e+00 3.466540946781663468e+00 3.548097593554984552e+00 3.629142700629964136e+00 3.709873864288613543e+00 3.790593813750895880e+00 3.871494051034587880e+00 3.952919367260285810e+00 4.035287896919266259e+00 4.119153376675980915e+00 4.205736348593491769e+00 4.909046281397441369e+00 4.985691747655700112e+00 5.036149897897234773e+00
2.306031320098111070e+00 2.569574806746561357e+00 2.606239478188593139e+00 2.747872160532100150e+00 3.031713129432999310e+00 2.938234121293102241e+00 3.281962473901415489e+00 3.365014833534775818e+00 3.447253573078328248e+00 3.528898914344628324e+00 3.610233623771999412e+00 3.691525215168067309e+00 3.772899403322946377e+00 3.854758217174324653e+00 3.937334217506631262e+00 4.021155366538534892e+00 4.106776180698152423e+00 4.724344753923260143e+00 4.839066474947461671e+00 4.897869082028958765e+00 4.947844298795572193e+00
2.424438338451591957e+00 2.689370616502826827e+00 2.832780941049828805e+00 3.057912696592511637e+00 3.065027341437079222e+00 3.143907108024647901e+00 3.221333632123699164e+00 3.297541270789967172e+00 3.372681281618886917e+00 3.446992154645855955e+00 3.520630897056752584e+00 3.593801748983517896e+00 3.666678197101248760e+00 3.739430914013863294e+00 3.812269964164662461e+00 3.885435168738898604e+00 3.959233546995419850e+00 4.775972763309612290e+00 4.849958672887364486e+00 4.821467930350451070e+00 4.823730034173749459e+00
1.765458798605287205e+00 1.769761153034786316e+00 2.724248680890112073e+00 2.885596649892669951e+00 2.765486725663716783e+00 3.259972394276320795e+00 3.405437803083964265e+00 3.499660532928305479e+00 3.593170212618936876e+00 3.686289784108613077e+00 3.779367402612573201e+00 3.872725638135282811e+00 3.966761276202852127e+00 4.061934169127923155e+00 4.158797902875024377e+00 4.258319429804047651e+00 4.362337104793032161e+00 4.838621742449023877e+00 5.025262128538056317e+00 5.087298034268039615e+00 5.137408554127736338e+00
2.740650166547202282e+00 2.444776806258628365e+00 2.559243017416686250e+00 2.862768646399195926e+00 2.988705473501303000e+00 3.060252192601144561e+00 3.130369453159238535e+00 3.199376817037376419e+00 3.267383173671843277e+00 3.334560636901081843e+00 3.401077239158198484e+00 3.467069771312077275e+00 3.532687751963758505e+00 3.598093010704326300e+00 3.663434089291022211e+00 3.728843989310647089e+00 3.794568936968759854e+00 3.860817528111577968e+00 3.927973372475242808e+00 4.650526603747777266e+00 4.707070155810844092e+00
2.406653689612457736e+00 2.459575125965383080e+00 2.557181417815030500e+00 2.771080998697592168e+00 2.731723717665846873e+00 3.029683856012513221e+00 3.096302030188944787e+00 3.161642404497779779e+00 3.225896939605598313e+00 3.289220454752223688e+00 3.351721248516164930e+00 3.413587471437329324e+00 3.474876641879212968e+00 3.535773710482529530e+00 3.596375959609931172e+00 3.656847094564659173e+00 3.717344164113860483e+00 3.777965531216298523e+00 3.839034756975389318e+00 3.900823279018361234e+00 3.964004061365564713e+00
2.198987047256940830e+00 2.521184956929757082e+00 2.682933717416475794e+00 2.957184197370922529e+00 3.050027380927624154e+00 3.127801989282064987e+00 3.204101249599486945e+00 3.279214662973480188e+00 3.353383773814264224e+00 3.426717204917688608e+00 3.499430484842663169e+00 3.571722944198696847e+00 3.643713562864371092e+00 3.715655985302516395e+00 3.787719372080299518e+00 3.860098983966803399e+00 3.933150246339409684e+00 4.007212983370065373e+00 4.789239263551836601e+00 4.844498423832201972e+00 4.892671329635116528e+00
2.264653012696210777e+00 2.867594088559698218e+00 2.575633118465201044e+00 2.730690864788791750e+00 2.977694987085113265e+00 3.012811295303437831e+00 3.257916042810403034e+00 3.338898163606009994e+00 3.419041970484596682e+00 3.498614274346238950e+00 3.577792914593954432e+00 3.656836905074033695e+00 3.735938343180528420e+00 3.815417059770241703e+00 3.895491481175208381e+00 3.976586972142961418e+00 4.059251308936545399e+00 4.144476449012578279e+00 4.783642675559685031e+00 4.845721773670668142e+00 4.896247819100882914e+00
2.108922195315284132e+00 2.448785402440389447e+00 2.820436885673590410e+00 2.842301980373904691e+00 2.878061450121790710e+00 3.195798220079339114e+00 3.108894200876017422e+00 3.465363689919257251e+00 3.555642316326672603e+00 3.645392705087729723e+00 3.734956425508368927e+00 3.824597026549657830e+00 3.914646960654364349e+00 4.005497199604975300e+00 4.097677519724412853e+00 4.191863661352392079e+00 4.289420111252578494e+00 4.393974762107459853e+00 4.971929315738226940e+00 5.042620504814665949e+00 5.093551563720329689e+00
3.009946505041660281e+00 0.000000000000000000e+00 2.323673146326054706e+00 2.524331753288643121e+00 2.561493635399841651e+00 2.856795960490511987e+00 2.857043308595519360e+00 3.203141864367831548e+00 3.271955167252601715e+00 3.339876765363432920e+00 3.407178243122610972e+00 3.474007476064087996e+00 3.540535662219013613e+00 3.606878038968155842e+00 3.673285511314412499e+00 3.739871182214835166e+00 3.806966055706296093e+00 3.874976646346104836e+00 4.159358904147573810e+00 4.168316625330859893e+00 4.171995650181584026e+00
2.338054313710208554e+00 2.350795708729287448e+00 2.820377225453904568e+00 2.881155835394647813e+00 3.216513299583251495e+00 3.259775784117805664e+00 3.348634733713775624e+00 3.436260798449559228e+00 3.523012316451058279e+00 3.609131101687268917e+00 3.694859355862851746e+00 3.780453654438532318e+00 3.866228494104000823e+00 3.952486946391794653e+00 4.039587962027873402e+00 4.128137384412152500e+00 4.219059080660109373e+00 4.314243963537680138e+00 5.020523084229451705e+00 5.078101196400641726e+00 5.126382414457764547e+00
8.652452609796019711e-01 2.406602584974306236e+00 2.486219241916235667e+00 2.628175423793286836e+00 2.909695521147251274e+00 2.738937151926736480e+00 3.160267709789104984e+00 3.231284332396031189e+00 3.301215259867538609e+00 3.370245546461242192e+00 3.438576704330543521e+00 3.506311360448808312e+00 3.573637550683801845e+00 3.640710007144034144e+00 3.707696216090027974e+00 3.774771940861906039e+00 3.842150486555966360e+00 3.910150331315416228e+00 3.979252998161310728e+00 4.170854614948069639e+00 4.127569411958944556e+00
2.221919595180584128e+00 2.800885079685180301e+00 2.700877785280216159e+00 2.610910784472842749e+00 2.953461879245601551e+00 3.003086893970080773e+00 3.227073745650465675e+00 3.305557468493904860e+00 3.383183506635181637e+00 3.460255505266508713e+00 3.536901674133459128e+00 3.613369467028003434e+00 3.689857070253486082e+00 3.766583429822969897e+00 3.843857035974383329e+00 3.922000357796523673e+00 4.001517817103038333e+00 4.083525397451603034e+00 4.171995650181584026e+00 4.481120693815363154e+00 4.762496376361452732e+00
2.222345685871437215e+00 2.128799723990104642e+00 2.553046635651877949e+00 2.856983582796777998e+00 3.162310876241206437e+00 3.060550203457030438e+00 3.359956320567833110e+00 3.448394772233525085e+00 3.535871765717296888e+00 3.622683572523338391e+00 3.709096903590956007e+00 3.795354486109002501e+00 3.881772306327288202e+00 3.968634105620406860e+00 4.056376761773805129e+00 4.145564591350970218e+00 4.237114388420376798e+00 4.332964228973088083e+00 5.058791359037462243e+00 5.115229059957304258e+00 5.073671075275452580e+00
2.019240477117678179e+00 2.495449474487699160e+00 2.748801804341697075e+00 2.685910983255465290e+00 2.934125308619887740e+00 2.990201873396242771e+00 3.204056614287306815e+00 3.278231150170886288e+00 3.351183037428525413e+00 3.423150276297129313e+00 3.494323437318004100e+00 3.564891305092996010e+00 3.634991941291451312e+00 3.704842858740633016e+00 4.283661286756577091e+00 4.289173296437218674e+00 4.295383847971123714e+00 4.300488071265231582e+00 4.303278688524589946e+00 4.302073872754214712e+00 4.269296185865875337e+00
3.181167488468267468e+00 2.470966147763775211e+00 2.535729127779617009e+00 2.647936003567745278e+00 2.815450643776823636e+00 2.924200544458291251e+00 3.173461400131169619e+00 3.246439277770870380e+00 3.318308768630920724e+00 3.389384999550387523e+00 3.459824517700461843e+00 3.529802607901221023e+00 3.599512681360061528e+00 3.669115050986853088e+00 3.738809535349059576e+00 3.808824229563277708e+00 4.294997021211742094e+00 4.296514971968704799e+00 4.301075268817204034e+00 4.304484179312512815e+00 4.302602733177163685e+00
2.103720683926848523e+00 2.280438673475734035e+00 2.801767915554715049e+00 2.857541120713688265e+00 3.212694333086560938e+00 3.235563058310473306e+00 3.322353074236919390e+00 3.407960718036457948e+00 3.492717683629632308e+00 3.576857730483769870e+00 3.660625483478836983e+00 3.744253610777903862e+00 3.828012851186000542e+00 3.912226406131017242e+00 3.997188184863061267e+00 4.083440610162922368e+00 4.171707479871511914e+00 4.918335143553906441e+00 4.985010823619391296e+00 5.038757014570981241e+00 5.086714738412257297e+00
2.153501593591178764e+00 2.854258762922482262e+00 2.620303813604333953e+00 2.734961219652449760e+00 3.022613365574542410e+00 2.857640703955392603e+00 3.280061413915834834e+00 3.362592558862883330e+00 3.444237790177033354e+00 3.525222970352874796e+00 3.605852576104291884e+00 3.686289784108613077e+00 3.766813686546310880e+00 3.847687539788586353e+00 3.929164742295045532e+00 4.011758602801314133e+00 4.096038448147566235e+00 4.183210922980914681e+00 4.802283142614087730e+00 4.885097013898445084e+00 4.936951021331742240e+00
0.000000000000000000e+00 1.819121146191851723e+00 2.429821050826138862e+00 2.435545040186493093e+00 2.786371073181535429e+00 2.846747764261511993e+00 3.136828457307764495e+00 3.207118438201556732e+00 3.276311570259456296e+00 3.344737960685391975e+00 3.412565204370868965e+00 3.479979676918686593e+00 3.547085825566838047e+00 3.614072642860120865e+00 3.681169083736178127e+00 3.748516212332618114e+00 3.816449591639893946e+00 3.885408210700136866e+00 3.956505723290175247e+00 4.189100098890230939e+00 4.195892221515136633e+00
2.228272601299361444e+00 2.828434249510327181e+00 2.711345939933258897e+00 2.757080040154396450e+00 3.028926245645918058e+00 3.147029204431017302e+00 3.226462604597007733e+00 3.304829181641673497e+00 3.382401646102134229e+00 3.459425876505556108e+00 3.536067892503536036e+00 3.612541075286745507e+00 3.689035212885172665e+00 3.765807834249679686e+00 3.843090123957125126e+00 3.921244892062573761e+00 4.000717370011174445e+00 4.082271375793490975e+00 4.736993862503604547e+00 4.794750433239949317e+00 4.844597591347957533e+00
2.068473609129814594e+00 2.737775830914964903e+00 2.697331061896649729e+00 2.753323402542941167e+00 3.019874991221293659e+00 3.141207759481211337e+00 3.219079343307813978e+00 3.295752598838247227e+00 3.371428178259104236e+00 3.446408350155088840e+00 3.520779641443801289e+00 3.594809647916047179e+00 3.668632499930780000e+00 3.742463095155589503e+00 3.816555523943681472e+00 3.891156834100186312e+00 3.966625632608398622e+00 4.043588513467205381e+00 4.123221423978978173e+00 4.793305806062845953e+00 4.848832524056354565e+00
2.573892153918750925e+00 2.854358117516011983e+00 2.674097843832685228e+00 2.720500013951282270e+00 3.037142876864563856e+00 3.176306167680731818e+00 3.257577332806576020e+00 3.337435597922445929e+00 3.416348272303872946e+00 3.494491037658279620e+00 3.572090978409457662e+00 3.649404515436279084e+00 3.726553765889611292e+00 3.803859188048965390e+00 3.881503250758972179e+00 3.959873284054909792e+00 4.039419159382943825e+00 4.121048944324628316e+00 4.206722480449084145e+00 4.863080316168714390e+00 4.919040787046525587e+00
0.000000000000000000e+00 2.913510363772579659e+00 2.511914148356440446e+00 2.664630984617157416e+00 2.697599136768275674e+00 2.944207272191961877e+00 3.192892343999444549e+00 3.267587616538164319e+00 3.341199072817257587e+00 3.414039365964117501e+00 3.486264119369683279e+00 3.558073338170452793e+00 3.629662720571811718e+00 3.701190549626796500e+00 3.772911864778838886e+00 3.845044698644621839e+00 3.917983544469112900e+00 3.992323532295795729e+00 4.069611041751450387e+00 4.371883325363754125e+00 4.376906347881988069e+00
2.080195107954952771e+00 2.662481432695271710e+00 2.722608118957031476e+00 3.058656693592113562e+00 3.232016637859561836e+00 3.233396166705650998e+00 3.320217297625691177e+00 3.406018225673036248e+00 3.490937526182031014e+00 3.575332952881236537e+00 3.659412284577993724e+00 3.743423013732816163e+00 3.827594220332727115e+00 3.912308401682292214e+00 3.997876989460768637e+00 4.084856076904223698e+00 4.174029190377471110e+00 4.880261746996232830e+00 4.952810720083647311e+00 5.008095277297549330e+00 5.056751788655109436e+00
3.041236400834957720e+00 2.121925859910454459e+00 2.419382711782393169e+00 2.428068471530897110e+00 2.800787021152943979e+00 2.803802229364699361e+00 3.090126344029384242e+00 3.155613837016051360e+00 3.220070841558513752e+00 3.283659253980562909e+00 3.346556881008986739e+00 3.408837934105075629e+00 3.470679697912038453e+00 3.532222876337569595e+00 3.593567514149671904e+00 3.654893691794061095e+00 3.716351244276467902e+00 4.029504166097527040e+00 3.998593598113766578e+00 3.978870823900665599e+00 3.970644613615203600e+00
3.522731982262008010e+00 2.312608622526209246e+00 2.776551665219062492e+00 2.815315315315314759e+00 2.813592465199378001e+00 3.148504460381318371e+00 3.186810852153221685e+00 3.429966935118745397e+00 3.517581007821444672e+00 3.604657489526089442e+00 3.691450461431307506e+00 3.778302923719498274e+00 3.865507934645305177e+00 3.953364174197709247e+00 4.042369513682393389e+00 4.133056877751064562e+00 4.226542688081148746e+00 4.325407995825638174e+00 4.900269169714956519e+00 4.972684766318347549e+00 5.024204444384094081e+00
2.426560849581774981e+00 2.454253437759410961e+00 2.621919244887257250e+00 2.809126853145870850e+00 2.818648176334629607e+00 3.080218695527382256e+00 3.152033061324554186e+00 3.222597413515293496e+00 3.292123419605645473e+00 3.360826763383792493e+00 3.428827341049361266e+00 3.496311733896399598e+00 3.563401129324049510e+00 3.630236444834104681e+00 3.697060152537963607e+00 3.763952286772102696e+00 3.831234136296154613e+00 3.899115516427589245e+00 3.968036779596081587e+00 4.038856585773475949e+00 4.114154061355751679e+00
2.289655764566145724e+00 2.614379084967320299e+00 2.606000845189462733e+00 2.725576389519809517e+00 3.022061045633121168e+00 3.068875326939842996e+00 3.274918998014144211e+00 3.355845463316414090e+00 3.435670505455844292e+00 3.514696254436442846e+00 3.593168752113628628e+00 3.671199096746486479e+00 3.749088763147846226e+00 3.827018752391886380e+00 3.905340038642312273e+00 3.984337432163220338e+00 4.064592576262779033e+00 4.147140546593123922e+00 4.235175179141079660e+00 4.457122481725797059e+00 4.933128699846524690e+00
2.051369112040121845e+00 2.573818545792521117e+00 2.723729973600771181e+00 2.809817502353222363e+00 3.068768307992746358e+00 3.157735766162802271e+00 3.236067695782095743e+00 3.313078907670834905e+00 3.388944979066204510e+00 3.463875245069173214e+00 3.538128538128537670e+00 3.611813408162698025e+00 3.685162008065637540e+00 3.758299578235269500e+00 3.831522482826568154e+00 3.905018977022046034e+00 3.979143798024149525e+00 4.054341925331390151e+00 4.131520055086934207e+00 4.212852653751856025e+00 4.953867112514706683e+00
2.070293360569192664e+00 2.018444405776927297e+00 2.630923038577639872e+00 2.767878766910008892e+00 3.045319897012817911e+00 3.111452218465431407e+00 3.290510029054503516e+00 3.372890222748423206e+00 3.454207570241310865e+00 3.534719960078456236e+00 3.614725836948058824e+00 3.694353795948525310e+00 3.773921516155814615e+00 3.853591547322104294e+00 3.933720264180371018e+00 4.014674326849864805e+00 4.096989395625780794e+00 4.181777049584907147e+00 4.272031971336042844e+00 4.935732647814909058e+00 4.994048189144443484e+00
2.329126789192851987e+00 2.328502279109806672e+00 2.722817208204756145e+00 2.775524147060079105e+00 3.120232977395645424e+00 3.217593240256288123e+00 3.302032813951088830e+00 3.385097109973342011e+00 3.467117854270102661e+00 3.548369141712123032e+00 3.629043302018569950e+00 3.709351687755018112e+00 3.789575223068176957e+00 3.869915552914184875e+00 3.950706275385020394e+00 4.032313180880001013e+00 4.115311014629931208e+00 4.200768740679543534e+00 4.291518713098130711e+00 4.995039173423654333e+00 5.046888320545609652e+00
1.997694967345370776e+00 2.511633747985460019e+00 2.730882074910195634e+00 2.835231555435691941e+00 3.100119777355034412e+00 3.213592097357868216e+00 3.380032972566548555e+00 3.472173997583366756e+00 3.563542860337069129e+00 3.654542320289604351e+00 3.745422261680167786e+00 3.836549058999148443e+00 3.928244074898520566e+00 4.020908725371933556e+00 4.115082824760243341e+00 4.211601927670914236e+00 4.312114989733059289e+00 4.596187222599520616e+00 4.890480782476924304e+00 4.997706531933974183e+00 5.051401422583858825e+00
0.000000000000000000e+00 3.575384529100825493e+00 2.829854969932791064e+00 2.716161158895427530e+00 2.768844114076377316e+00 3.038401248506694685e+00 3.024314078533699490e+00 3.374578177727783679e+00 3.457503820541721229e+00 3.539700166574125895e+00 3.621472546452349395e+00 3.703030895854003024e+00 3.784698806787685665e+00 3.866735715518729410e+00 3.949447077409162343e+00 4.033379694019471273e+00 4.119209935534364320e+00 4.208696132139259305e+00 4.432501315898828231e+00 4.617887075430083144e+00 4.882308850732002270e+00
