3.084811757931393839e+00 3.971488890282393491e+00 4.144390567367068456e+00 4.201507032358491323e+00 4.090064609156198294e+00 4.235434618081833413e+00 3.356831151393084411e+00 3.447847853369926163e+00 3.538251271342245374e+00 3.628472343365129138e+00 3.718752152055643911e+00 3.809391882532206619e+00 3.900699339667325738e+00 3.993087827278297475e+00 4.087033021841381064e+00 4.183182235876616417e+00 4.282684828934370636e+00 4.660023848357341514e+00 4.856261499422035222e+00 4.920654447041456159e+00 4.970415812731073579e+00
0.000000000000000000e+00 3.571478592137144581e+00 4.117033540099906297e+00 4.229385213791955422e+00 3.874279626132016041e+00 4.054063339586210901e+00 4.151693346400957552e+00 3.389056804741912732e+00 3.475287232489765010e+00 3.561131618054937498e+00 3.646973012399708391e+00 3.733071557451280054e+00 3.819736229850891007e+00 3.907267517582702965e+00 3.996018003112687733e+00 4.086495172394686293e+00 4.179378944288878905e+00 4.276009517569571372e+00 4.708847786495301335e+00 4.792631849469684013e+00 4.843044433227377432e+00
3.679501768205016177e+00 4.300928454396503398e+00 4.056795131845841951e+00 3.790855079056559163e+00 3.946138668697427576e+00 3.899115516427589245e+00 3.246955116026832400e+00 3.328894806924100447e+00 3.410338783054708056e+00 3.491498201878425967e+00 3.572579402328480480e+00 3.653962826098946959e+00 3.735757424817881756e+00 3.818304256367889504e+00 3.901840832764314371e+00 3.986747501409109162e+00 4.073516618566950243e+00 4.563006953477760419e+00 4.681357869156046903e+00 4.738067280555383398e+00 4.786016508288825300e+00
0.000000000000000000e+00 4.390116749667311247e+00 3.778510579829623239e+00 3.955257022315976645e+00 3.927296779616640698e+00 3.980502520984928960e+00 3.776276591280996797e+00 3.291777559882336224e+00 3.369666127978544257e+00 3.447184213303316813e+00 3.524533517622667311e+00 3.601906239609885318e+00 3.679533462926964038e+00 3.757651945780498437e+00 3.836522297170041451e+00 3.916412566089461755e+00 3.997794320374965071e+00 4.081322071651413808e+00 4.338962505854156326e+00 4.620695278736647538e+00 4.681870305407220378e+00
3.223839592955209721e+00 4.281945384477256589e+00 3.906812246828285318e+00 3.944745875318347750e+00 3.922567148156049122e+00 3.792135799830388621e+00 3.222820310625021278e+00 3.301628334995855951e+00 3.379729897504518021e+00 3.457384281348102828e+00 3.534768957797630673e+00 3.612114476243400762e+00 3.689574515482290096e+00 3.767458746326727947e+00 3.845995357334175857e+00 3.925499624974589263e+00 4.006465606565076776e+00 4.089639349262132129e+00 4.673121989100629925e+00 4.734556083904568169e+00 4.784427372392486610e+00
4.108660371285941970e+00 3.675629191430929588e+00 3.975061718063516825e+00 3.847475094469254842e+00 3.941118309605957659e+00 3.124544337284145712e+00 3.201848719608539007e+00 3.278093962727373967e+00 3.353477486289167420e+00 3.428323549784155322e+00 3.502723195582448046e+00 3.576931543033238015e+00 3.651042958309222097e+00 3.725363398656057257e+00 3.800074619647076268e+00 3.875539807330306896e+00 3.952130683787943521e+00 4.030632809351067714e+00 4.112828597868184666e+00 4.690528581184082668e+00 4.747978668501634303e+00
0.000000000000000000e+00 3.453563386702399818e+00 3.748984649990627638e+00 3.851810350864906418e+00 3.786001431796904626e+00 3.875083902486281318e+00 3.863987635239567453e+00 3.235358245591824389e+00 3.307692849049566508e+00 3.379424934523641344e+00 3.450679438781495634e+00 3.521710308253231947e+00 3.592648887660632617e+00 3.663712654325255169e+00 3.735111430824352929e+00 3.807045110023603129e+00 3.879873665868001975e+00 3.954104638095369939e+00 4.030963263577172384e+00 4.217075699965433522e+00 4.420011602530456329e+00
2.533118816965049813e+00 4.359378892302582464e+00 3.807598582188745251e+00 3.923620193565263037e+00 3.845889705377377510e+00 3.934969452210831165e+00 3.210855483582756076e+00 3.289358575077859115e+00 3.367192322801503934e+00 3.444688634594319065e+00 3.522050800403309090e+00 3.599508772920401611e+00 3.677210315615655034e+00 3.755476736907990887e+00 3.834489490012897406e+00 3.914593191354930113e+00 3.996196723118687011e+00 4.079967360261116838e+00 4.167378309137489190e+00 4.625881808719786825e+00 4.681044483490838459e+00
3.284278786354170698e+00 4.297613119316747721e+00 3.808653260207190971e+00 4.019100947554139047e+00 3.910189129674219721e+00 3.911078829190615558e+00 3.233084292130250947e+00 3.312995223765219599e+00 3.392200707516147773e+00 3.470968816816149882e+00 3.549529861289940413e+00 3.628092600086515684e+00 3.706856311266096604e+00 3.786105680535286844e+00 3.866095036900496051e+00 3.947122409268120080e+00 4.029751862906475246e+00 4.614547533283285041e+00 4.702675072414379542e+00 4.759671099828927332e+00 4.808914353235368644e+00
4.109983149069089237e+00 3.783813533669060369e+00 3.842311534619227142e+00 3.811715133202117745e+00 3.860897382863131444e+00 3.083175670941068702e+00 3.156676370523657571e+00 3.229067220755882150e+00 3.300700872227762872e+00 3.371636964150553695e+00 3.442151206818212739e+00 3.512372504321596089e+00 3.582451499118166183e+00 3.652608805596920583e+00 3.723060496220742088e+00 3.793940731747695416e+00 3.865668035757429344e+00 3.938667348447681071e+00 4.014015035547845223e+00 4.096681687832855800e+00 4.644872197707618611e+00
0.000000000000000000e+00 3.561850486087831058e+00 3.670715997395869401e+00 3.719366881104238409e+00 3.721545681973245756e+00 3.512130623713079380e+00 3.109689100194182654e+00 3.177892918825561352e+00 3.245184008837947776e+00 3.311806590495115277e+00 3.377819445210390015e+00 3.443478739962259727e+00 3.508892634765557794e+00 3.574177939074012933e+00 3.639584949972874739e+00 4.129472735156266339e+00 4.124835705696467514e+00 4.130865829477857964e+00 4.137959572134979780e+00 4.142702284700310322e+00 4.123427943096694470e+00
3.098198819867904241e+00 3.855342058339585876e+00 4.002539542330305622e+00 4.308723455185856643e+00 4.236274811246626193e+00 4.257978559017642439e+00 4.324072040412914042e+00 3.472391019007867730e+00 3.565282377220588383e+00 3.658073644614693976e+00 3.751014478915888350e+00 3.844487005633920429e+00 3.938776215319766294e+00 4.034361631829721517e+00 4.131747660397887323e+00 4.231673731018168461e+00 4.335409283281148163e+00 4.849163690008673200e+00 4.922336469043972151e+00 4.977876106194689676e+00 5.026440453894458038e+00
0.000000000000000000e+00 0.000000000000000000e+00 3.717446527285368507e+00 3.887781950972292844e+00 3.777068994460297979e+00 3.884236134299168253e+00 3.902248670796546914e+00 3.252392584544907539e+00 3.325757995676514867e+00 3.398435332630527661e+00 3.470583335647055456e+00 3.542429272968485865e+00 3.614170275154284351e+00 3.685956505713232190e+00 3.758064179384930092e+00 3.830697117226296466e+00 3.904234700280268200e+00 3.979334902197552815e+00 4.410842401979365057e+00 4.240940120661585766e+00 4.415011037527594162e+00
3.702306606870922057e+00 4.264685651396340482e+00 4.010815371104149207e+00 3.931142928080774812e+00 3.972180796944905445e+00 3.777783883287084254e+00 3.235733513249296145e+00 3.317070473926443608e+00 3.397846181583673353e+00 3.478744868851318728e+00 3.559637894090303067e+00 3.640735016314614381e+00 3.722366597963727042e+00 3.804753867013475066e+00 3.888213851761847195e+00 3.973038141166154169e+00 4.059726140507810221e+00 4.609024056353917764e+00 4.675178241170445226e+00 4.728035193027175787e+00 4.775190837090953266e+00
3.557279169689191445e+00 3.859327512181002007e+00 3.957563807037519865e+00 4.205011546548099055e+00 3.982477100756670385e+00 4.185794374566839338e+00 4.218183829834315723e+00 3.425351797610642013e+00 3.513969752299582527e+00 3.602255566177591017e+00 3.690525099052300639e+00 3.779081751844878934e+00 3.868204738550804489e+00 3.958305845098297304e+00 4.049685451155904836e+00 4.143074161027482383e+00 4.239349503092640248e+00 4.520857592985820794e+00 4.745921258975981161e+00 4.853796709125830944e+00 4.906296644369506410e+00
0.000000000000000000e+00 3.584352920902980966e+00 3.574632724010317286e+00 3.682985302803932992e+00 3.721930441255530742e+00 3.550567742743961919e+00 3.075525110963548414e+00 3.142269675048328992e+00 3.209198792795007638e+00 3.274029285147052271e+00 3.339873919759528853e+00 3.405308110887951489e+00 3.470727881051214325e+00 3.536337602363105237e+00 3.602305475504322452e+00 3.668734079078523891e+00 3.735912496627301405e+00 3.804017041996347270e+00 3.873368516430691244e+00 3.989379995322795747e+00 4.440928709216314552e+00
3.654668321610811788e+00 3.958525761668969967e+00 3.977070133574700073e+00 4.250942749400068443e+00 4.184846738563705593e+00 4.271178500816345647e+00 3.347233650855636622e+00 3.438644752908812219e+00 3.529631603352457958e+00 3.620614274784129005e+00 3.711874496620793273e+00 3.803753959362075499e+00 3.896573798324472815e+00 3.990697546409060159e+00 4.086580086580085869e+00 4.184846738563705593e+00 4.286472437301835470e+00 4.393311183722782509e+00 4.858554477397457383e+00 4.911189326348530670e+00 4.958575236048841539e+00
3.672869735553379034e+00 3.854015402297268356e+00 3.985295633352801570e+00 4.216521853334162628e+00 3.982586483925456555e+00 4.220051470791708503e+00 4.220098559721201070e+00 3.427427647002371458e+00 3.516396959019909563e+00 3.605152595016569261e+00 3.693949447617744131e+00 3.783084796126120697e+00 3.872859553514619968e+00 3.963645719610310536e+00 4.055887330247129441e+00 4.150152518105040045e+00 4.247389910393772894e+00 4.631517824430910757e+00 4.822065772977143006e+00 4.884525685037527154e+00 4.933770977092226673e+00
3.362969502070328520e+00 4.286534060661370660e+00 3.861722742098983918e+00 4.167122089845884503e+00 4.113046024287884350e+00 4.150619871262740901e+00 3.284274483239936870e+00 3.369414143115865290e+00 3.453968955727026113e+00 3.538300367011939951e+00 3.622557386185516926e+00 3.707097342780602212e+00 3.792188092529389820e+00 3.878078650156483675e+00 3.965134640668368515e+00 4.053812645147104377e+00 4.144705484136139262e+00 4.708965460762033040e+00 4.776298641484200580e+00 4.830424873286388809e+00 4.878719164433449329e+00
3.794026516029761709e+00 4.307073856061693462e+00 4.091880045496157692e+00 3.960836361867568378e+00 4.013007680066421834e+00 3.886619799941359865e+00 3.264274254599501379e+00 3.348097513340075881e+00 3.431324491253624043e+00 3.514647811614877604e+00 3.598018322216378628e+00 3.681654938627505924e+00 3.765900468645391186e+00 3.851020520437915984e+00 3.937334217506631262e+00 4.025261989034631505e+00 4.115311014629931208e+00 4.661269647594305177e+00 4.726193537625364982e+00 4.779037774880011469e+00 4.826421208673767893e+00
2.494543186778920951e+00 3.892592257912041553e+00 4.048166317883975296e+00 4.332219334075999129e+00 4.279728582374421109e+00 4.302000430200042302e+00 4.380231467856629202e+00 3.506986467158102805e+00 3.602829606945146868e+00 3.698586163100671342e+00 3.794586390083480865e+00 3.891185769377757175e+00 3.988803840255283895e+00 4.087854222961269102e+00 4.189008042895442152e+00 4.293073840870062163e+00 4.553672162790381783e+00 4.887718250196867231e+00 4.965722719560807796e+00 5.021954083052262874e+00 5.070507461868413834e+00
4.102236066303259321e+00 3.638110928061504268e+00 3.678971553914287096e+00 3.809523809523809312e+00 3.873716831299631735e+00 3.076191674706712842e+00 3.150466269007812681e+00 3.223613670925106867e+00 3.296302530438197209e+00 3.368646835190672206e+00 3.440516903259545956e+00 3.512493457120030804e+00 3.584575296761474128e+00 3.657027118262630161e+00 3.729951510630361344e+00 3.803648736497046823e+00 3.878331209485289754e+00 3.954428619154433555e+00 4.502629945218002305e+00 4.572754572754573310e+00 4.621837145774122746e+00
3.103224532400485014e+00 3.271180896303565788e+00 3.713877287888555312e+00 3.700316272315350652e+00 3.617592631242086298e+00 3.836495535714285143e+00 3.559985760056959325e+00 3.206848713426238451e+00 3.277339636982337101e+00 3.347291767711613630e+00 3.416794226984474658e+00 3.486118277020902045e+00 3.555394439641951010e+00 3.624804818202096435e+00 3.694538356976055482e+00 3.764797746698829606e+00 3.835852895041474753e+00 3.908071195458409974e+00 3.982198872408950763e+00 4.137674213324689987e+00 4.562138398689421059e+00
3.436546621313602667e+00 4.304366540724090306e+00 4.060704084793006707e+00 3.951034893876589127e+00 3.952295104701150308e+00 3.873475683564703953e+00 3.240532010820558639e+00 3.321523472099202845e+00 3.401950914708230744e+00 3.482088138614964468e+00 3.562124143518679897e+00 3.642236195581211256e+00 3.722725862603839531e+00 3.803832880331416977e+00 3.885839584215164955e+00 3.969068637514541198e+00 4.054016271982553654e+00 4.626290939273127734e+00 4.701265253561719426e+00 4.756390106708578536e+00 4.804755334994405658e+00
0.000000000000000000e+00 4.286297455436113069e+00 3.966625632608398622e+00 4.047255193395995931e+00 4.014868859154247183e+00 4.096625745927270579e+00 3.252437598178635092e+00 3.335348439682307653e+00 3.417706509684664162e+00 3.499930001399972124e+00 3.582180032101843992e+00 3.664675295939816557e+00 3.747761753397277129e+00 3.831604466954153132e+00 3.916610551486250813e+00 4.003036786527710333e+00 4.091426035338825429e+00 4.645602049530315192e+00 4.709929760612699745e+00 4.762682342695406135e+00 4.810103966961456479e+00
0.000000000000000000e+00 3.673234594939253306e+00 4.451926153674925501e+00 4.127569411958944556e+00 4.351580507639063455e+00 4.198528450192375416e+00 4.323478547311207620e+00 4.132174487954711317e+00 3.572606353742992624e+00 3.665968057659451773e+00 3.759424668787725299e+00 3.853378931650691452e+00 3.948161334339999495e+00 4.044170568034601843e+00 4.141958732284496847e+00 4.242245927101793157e+00 4.346296334623423796e+00 4.810236182596565158e+00 4.911965131965823517e+00 4.970686567570695935e+00 5.019501441410886500e+00
2.943250032512645387e+00 0.000000000000000000e+00 0.000000000000000000e+00 3.769446919333835577e+00 3.214625146754626073e+00 3.734155769616419374e+00 3.788400606144097349e+00 3.654340736246234123e+00 3.266406744087456016e+00 3.336438074319157732e+00 3.406278675305174808e+00 3.475961341857390252e+00 3.545736592683509159e+00 3.615822292567779428e+00 3.686366703066639605e+00 3.757567323081205224e+00 3.829714481107881596e+00 3.903093715334364777e+00 4.032726601641797970e+00 4.056397918648240619e+00 4.508905087547907087e+00
3.332291992085806509e+00 3.933828857740325091e+00 4.011619864434914362e+00 4.319624809730811421e+00 3.868953033673709019e+00 4.258856016321034943e+00 4.087797577806723481e+00 3.475287232489765010e+00 3.569054200636831098e+00 3.662826458046815059e+00 3.756887627316747302e+00 3.851603229844422493e+00 3.947313749117047799e+00 4.044503245885231912e+00 4.143617792694802127e+00 4.245412215831279035e+00 4.499284204785602981e+00 4.833450198443764556e+00 4.902695120456495914e+00 4.956747287369121402e+00 5.004250185088706004e+00
0.000000000000000000e+00 0.000000000000000000e+00 3.712284223479510370e+00 3.960855818019162200e+00 3.939184519695922759e+00 3.897821396255306770e+00 3.957124212046319034e+00 3.281504185663317585e+00 3.357183323191841318e+00 3.432045499117474030e+00 3.506409716962607614e+00 3.580429791984049537e+00 3.654365933035467862e+00 3.728432056230278402e+00 3.802833456637327636e+00 3.877867581027022226e+00 3.954022350631603455e+00 4.032061843486482111e+00 4.114451487827500031e+00 4.328558177883127911e+00 4.538484283779044226e+00
3.561814607549676825e+00 4.166752050930004891e+00 4.037887705658517845e+00 3.836851589210224400e+00 3.954598434811567031e+00 3.857147776974204412e+00 3.222394238919517484e+00 3.300515442198845406e+00 3.377796160341915321e+00 3.454493951181091038e+00 3.530828983259716836e+00 3.606953095736858295e+00 3.683113273106323415e+00 3.759529362620531057e+00 3.836442013922796157e+00 3.914216847613357864e+00 3.993335261150356530e+00 4.074726337235401452e+00 4.161436445996834266e+00 4.635074368730543348e+00 4.757767572711100179e+00
0.000000000000000000e+00 3.718854592785421520e+00 4.148700300610743241e+00 4.159109814135518945e+00 4.374908856065498064e+00 4.172374707064525623e+00 4.273863572669693411e+00 3.885138650885603617e+00 3.603503714380751788e+00 3.698689407790974659e+00 3.793914561044084532e+00 3.889564160444521690e+00 3.986007738352954188e+00 4.083779780444923624e+00 4.183411743728311372e+00 4.285882165891290896e+00 4.392889010913584080e+00 4.826953709513926327e+00 4.975055623885794809e+00 5.038548345906696646e+00 5.088885873252816161e+00
0.000000000000000000e+00 0.000000000000000000e+00 0.000000000000000000e+00 3.641762613104742474e+00 3.896953417488970395e+00 3.175633228169247424e+00 4.024982650936849815e+00 4.066049178520233731e+00 3.408268877636191352e+00 3.488801630843742174e+00 3.568854397738325801e+00 3.648917955483200526e+00 3.729230259250563062e+00 3.809998822364000670e+00 3.891608463224299541e+00 3.974341096081439151e+00 4.058748667148212697e+00 4.145621877828522983e+00 4.237199836068989534e+00 4.581071286939160991e+00 4.715401595035843663e+00
0.000000000000000000e+00 0.000000000000000000e+00 3.742224293390384204e+00 3.822337741762861896e+00 3.714352533325996575e+00 3.866709016336844940e+00 3.910532600574010420e+00 3.259271587473301590e+00 3.334074238719715311e+00 3.408221464839674031e+00 3.482039639539256104e+00 3.555667105896132885e+00 3.629358720232279012e+00 3.703297306194108351e+00 3.777680092312764693e+00 3.852822192255827449e+00 3.929052537045352178e+00 4.006908462867012410e+00 4.153858934950569015e+00 4.358901012082328386e+00 4.640274815081585125e+00
3.648655160781775209e+00 3.873958009062294039e+00 3.975080358305519646e+00 4.271825929983394055e+00 4.203591658971567391e+00 4.256546156064205277e+00 3.349639564825992455e+00 3.441301233249992819e+00 3.532516467760591805e+00 3.623718632185589872e+00 3.715246960721582781e+00 3.807387716674972999e+00 3.900481988131390576e+00 3.994848023583378982e+00 4.091057226263200342e+00 4.189646764699821446e+00 4.724059356416383082e+00 4.811955647517374146e+00 4.872725775346752997e+00 4.925164856212547626e+00 4.972819793185192516e+00
3.379333650576900716e+00 3.781830405916463356e+00 3.866095036900496051e+00 4.140386712118912627e+00 4.059726140507810221e+00 4.118729234740108325e+00 4.025457548773970551e+00 3.369035753891937546e+00 3.453849660831962876e+00 3.538472212585860088e+00 3.623163160791799786e+00 3.708134808191479337e+00 3.793679040957937953e+00 3.880111366003416773e+00 3.967784375282791043e+00 4.057101991418196718e+00 4.148689014271489839e+00 4.661355967579225101e+00 4.744159183729595775e+00 4.799632723756790398e+00 4.847409025739058741e+00
0.000000000000000000e+00 3.283420777213060138e+00 3.758064179384930092e+00 3.769989512574628776e+00 3.672140234185547136e+00 3.824379050597900509e+00 3.763013755905840974e+00 3.204860240225175794e+00 3.274827723158606041e+00 3.344178690614701743e+00 3.413016828262565028e+00 3.481632680925431877e+00 3.550118109698649160e+00 3.618661368400209799e+00 3.687441530151663205e+00 3.756704674314575332e+00 3.826699228398283026e+00 4.250505604497309520e+00 4.255289943102655847e+00 4.266240960041836949e+00 4.277632123637367556e+00
3.373470750631665016e+00 4.298421370087146975e+00 4.091397663049130884e+00 3.918091270905079249e+00 4.018881933422793651e+00 3.152109857880959431e+00 3.232675319929443347e+00 3.312195088290699641e+00 3.390979993218039557e+00 3.469355185645196293e+00 3.547431242435624021e+00 3.625461897789862498e+00 3.703652899137185983e+00 3.782278306914692134e+00 3.861536339815197838e+00 3.941881453101983457e+00 4.023760647620866493e+00 4.632625949518001995e+00 4.716588519268650970e+00 4.773757970470897227e+00 4.823494552896508303e+00
3.326979726217293099e+00 4.294829842931936703e+00 3.816820380432896620e+00 4.016342358562426718e+00 3.787983140031405682e+00 4.031473294964828646e+00 3.237772131228312311e+00 3.318400530944084714e+00 3.398341054734097533e+00 3.477873767093749180e+00 3.557279169689191445e+00 3.636719678849677617e+00 3.716474304709598275e+00 3.796769294491232571e+00 3.877867581027022226e+00 3.960120887900787867e+00 4.044031968415424672e+00 4.130382404570956290e+00 4.648301319297286405e+00 4.720627775079190513e+00 4.770699725344001330e+00
0.000000000000000000e+00 4.298153180633353720e+00 3.965410489554273887e+00 4.178826366339210452e+00 3.881934701772069118e+00 4.076415518015683581e+00 4.003736821032964244e+00 3.364668236845177240e+00 3.448397199056969065e+00 3.531758123043682307e+00 3.615002259376412397e+00 3.698405498761383026e+00 3.782227732134226805e+00 3.866709016336844940e+00 3.952245965983427922e+00 4.039250370844968963e+00 4.128307806630061805e+00 4.220644397094561739e+00 4.709108662682390367e+00 4.784394671551305933e+00 4.834821767748976207e+00
0.000000000000000000e+00 0.000000000000000000e+00 3.557988368114950006e+00 3.903467923081136881e+00 3.799497084749509757e+00 3.902575002613331012e+00 3.865107739878248960e+00 3.275877691272921943e+00 3.352259632508537646e+00 3.428085619866441558e+00 3.503633267698603060e+00 3.579098067287043161e+00 3.654718724572122213e+00 3.730647267300876369e+00 3.807203228508337478e+00 3.884659683366160188e+00 3.963345883928632407e+00 4.043925396548718965e+00 4.127711390419581683e+00 4.477385757780319331e+00 4.659896111727861445e+00
3.464862220772867651e+00 4.023391163800577708e+00 4.206316370155839479e+00 4.013951943306389047e+00 4.163515117029470858e+00 4.074951480450592634e+00 3.346230262469936267e+00 3.436281522623355400e+00 3.525873690760136903e+00 3.615230351564098665e+00 3.704687478156323710e+00 3.794490399939288050e+00 3.885003885003884605e+00 3.976606583340760892e+00 4.069723327792071466e+00 4.165018013702908917e+00 4.263659182340197695e+00 4.816756808829802949e+00 4.887080898396900075e+00 4.942509009782048324e+00 4.991507504592879840e+00
2.957871459357437338e+00 7.110858280594467562e-01 3.561154093232410389e+00 3.708409161144112787e+00 3.736455349358574818e+00 3.792789562243124468e+00 3.669394480676829495e+00 3.183457095995072539e+00 3.251537562177007512e+00 3.318905314397134543e+00 3.385708165775326517e+00 3.452180397138833179e+00 3.518478913272944375e+00 3.584674139333526632e+00 3.651042958309222097e+00 3.717728055077452964e+00 3.784958295366930514e+00 4.185019004102691120e+00 4.187721600268014654e+00 4.190734286492564742e+00 4.171938583592654126e+00
0.000000000000000000e+00 3.628649584100931857e+00 4.509692369600510453e+00 4.110996916752312380e+00 4.283898070863965124e+00 4.129302216747072762e+00 4.257364554006729307e+00 3.438411178962424319e+00 3.528166529460190493e+00 3.617416468984131939e+00 3.706652755278548206e+00 3.796166561984497534e+00 3.886217114622585900e+00 3.977225152809176656e+00 4.069639112680719428e+00 4.164049913988477236e+00 4.261549141847725153e+00 4.669271387666256601e+00 4.865446421841056690e+00 4.927760401338708185e+00 4.977772861458901410e+00
0.000000000000000000e+00 4.363727038483916409e+00 3.736093430010515970e+00 3.919702102640199026e+00 3.832832742147918914e+00 3.906250000000000000e+00 3.184272462965526795e+00 3.259678470864022515e+00 3.334305839203100863e+00 3.408339999304420775e+00 3.482063888908232929e+00 3.555617527102868713e+00 3.629206739157744721e+00 3.703030895854003024e+00 3.777342811029841041e+00 3.852345115088810612e+00 3.928418601062075410e+00 4.006161199638063941e+00 4.086720202701322080e+00 4.625346901017576506e+00 4.682711841063250446e+00
0.000000000000000000e+00 3.555617527102868713e+00 4.337618165669473669e+00 4.246875761478748679e+00 4.177574778588536653e+00 4.048360756974844321e+00 4.164324234284881854e+00 4.008542341956307098e+00 3.479882797547379170e+00 3.565361464734380093e+00 3.650690876028048315e+00 3.736170978254101271e+00 3.821992439404046760e+00 3.908580362469399994e+00 3.996224257081240516e+00 4.085476477349841318e+00 4.177080836785702189e+00 4.408662683044282993e+00 4.577357339029600070e+00 4.775190837090953266e+00 4.841643668859239469e+00
0.000000000000000000e+00 3.507131166705634406e+00 4.231204089701527060e+00 4.215735058329186380e+00 4.143560561590574842e+00 4.023084179568281016e+00 4.128648693282688242e+00 3.507024570214138937e+00 3.456253703128967736e+00 3.540093291870279657e+00 3.623743884932194348e+00 3.707543477813098232e+00 3.791717510151461301e+00 3.876586112130253170e+00 3.962425277540563062e+00 4.049742003505120813e+00 4.139158509075105741e+00 4.231966362693167838e+00 4.665395117801226732e+00 4.786652078774617181e+00 4.838932669708281509e+00
0.000000000000000000e+00 3.563318777292575845e+00 4.504816688613209941e+00 4.057520511110041639e+00 4.247733381613581827e+00 4.122662965431470816e+00 4.204750678963838695e+00 4.040854431702593175e+00 3.503589461752481427e+00 3.590891808542097774e+00 3.678052436536246361e+00 3.765375282403145896e+00 3.853140309352122372e+00 3.941690639522017925e+00 4.031473294964828646e+00 4.123002920460401732e+00 4.217192317796551571e+00 4.479952213843052533e+00 4.716163262475292051e+00 4.852909011373577108e+00 4.906737905231809194e+00
0.000000000000000000e+00 3.617617798679569230e+00 4.415437473265906299e+00 4.328460324774151324e+00 4.247615068588538101e+00 4.059530608172728705e+00 4.262398768029258989e+00 4.208521911910807489e+00 3.520130313843774506e+00 3.609857688302672951e+00 3.699722171806720805e+00 3.790019156824101287e+00 3.881099737332713850e+00 3.973283096420619831e+00 4.067030171849258302e+00 4.162908485395129254e+00 4.261783487651138458e+00 4.666163452960955027e+00 4.805480994322667065e+00 4.865546448836380655e+00 4.913703089490816467e+00
3.458934353841624176e+00 3.895652173913042748e+00 4.043079711407758126e+00 4.266563902116765838e+00 4.200639048038783407e+00 4.287172507655665044e+00 4.289440366401228388e+00 3.465959328028293651e+00 3.558197459028402232e+00 3.650338861645269883e+00 3.742618724182861012e+00 3.835380010821250796e+00 3.928920994223796814e+00 4.023698194885739987e+00 4.120226821978267395e+00 4.219204991112002645e+00 4.321817633015942128e+00 4.750593824228028339e+00 4.879389732664421331e+00 4.939897908776551994e+00 4.988826395675438619e+00
0.000000000000000000e+00 0.000000000000000000e+00 3.639723381023042048e+00 3.997794320374965071e+00 4.162937368607289024e+00 3.984091112042258853e+00 4.141215446733615302e+00 4.150026873124834204e+00 3.456499948152500501e+00 3.540806054084076671e+00 3.625071817460534085e+00 3.709510344634507906e+00 3.794411866160744662e+00 3.880050994955932975e+00 3.966817916098321462e+00 4.055122169146705424e+00 4.145564591350970218e+00 4.239290579045394303e+00 4.339470584588679181e+00 4.762923744900565026e+00 4.814735842957072798e+00
