1.833333333333333259e+00 1.833333333333333259e+00 1.866666666666666696e+00 1.866666666666666696e+00 1.899999999999999911e+00 1.966666666666666563e+00 2.533333333333333215e+00 2.600000000000000089e+00 3.266666666666666607e+00 2.600000000000000089e+00 2.666666666666666519e+00 2.600000000000000089e+00 2.600000000000000089e+00 2.633333333333333304e+00 2.666666666666666519e+00 2.666666666666666519e+00 2.666666666666666519e+00 2.666666666666666519e+00 2.666666666666666519e+00 2.700000000000000178e+00 2.700000000000000178e+00
1.833333333333333259e+00 1.833333333333333259e+00 2.433333333333333126e+00 2.466666666666666785e+00 2.500000000000000000e+00 2.466666666666666785e+00 2.533333333333333215e+00 2.533333333333333215e+00 2.600000000000000089e+00 2.566666666666666874e+00 3.100000000000000089e+00 3.033333333333333215e+00 3.000000000000000000e+00 2.600000000000000089e+00 2.633333333333333304e+00 2.600000000000000089e+00 2.600000000000000089e+00 2.600000000000000089e+00 2.633333333333333304e+00 2.666666666666666519e+00 2.666666666666666519e+00
1.766666666666666607e+00 1.766666666666666607e+00 1.766666666666666607e+00 2.399999999999999911e+00 2.433333333333333126e+00 2.433333333333333126e+00 2.466666666666666785e+00 2.466666666666666785e+00 2.533333333333333215e+00 2.466666666666666785e+00 2.500000000000000000e+00 2.966666666666666785e+00 2.600000000000000089e+00 2.566666666666666874e+00 2.533333333333333215e+00 2.566666666666666874e+00 2.600000000000000089e+00 2.600000000000000089e+00 2.600000000000000089e+00 2.600000000000000089e+00 2.633333333333333304e+00
2.399999999999999911e+00 2.333333333333333481e+00 2.399999999999999911e+00 2.433333333333333126e+00 2.433333333333333126e+00 2.433333333333333126e+00 2.466666666666666785e+00 2.466666666666666785e+00 3.066666666666666874e+00 3.033333333333333215e+00 2.966666666666666785e+00 2.933333333333333126e+00 2.899999999999999911e+00 2.866666666666666696e+00 2.566666666666666874e+00 2.566666666666666874e+00 2.533333333333333215e+00 2.533333333333333215e+00 2.533333333333333215e+00 2.566666666666666874e+00 2.600000000000000089e+00
1.733333333333333393e+00 1.766666666666666607e+00 1.766666666666666607e+00 1.766666666666666607e+00 1.766666666666666607e+00 1.800000000000000044e+00 2.466666666666666785e+00 2.466666666666666785e+00 2.500000000000000000e+00 2.533333333333333215e+00 2.500000000000000000e+00 2.533333333333333215e+00 2.533333333333333215e+00 2.533333333333333215e+00 2.566666666666666874e+00 2.566666666666666874e+00 2.533333333333333215e+00 2.533333333333333215e+00 2.533333333333333215e+00 2.533333333333333215e+00 2.566666666666666874e+00
1.766666666666666607e+00 1.766666666666666607e+00 1.733333333333333393e+00 2.433333333333333126e+00 2.399999999999999911e+00 2.466666666666666785e+00 2.466666666666666785e+00 2.466666666666666785e+00 2.533333333333333215e+00 2.533333333333333215e+00 2.966666666666666785e+00 2.933333333333333126e+00 2.533333333333333215e+00 2.533333333333333215e+00 2.533333333333333215e+00 2.533333333333333215e+00 2.566666666666666874e+00 2.533333333333333215e+00 2.566666666666666874e+00 2.566666666666666874e+00 2.566666666666666874e+00
2.399999999999999911e+00 2.333333333333333481e+00 2.399999999999999911e+00 2.399999999999999911e+00 2.433333333333333126e+00 2.399999999999999911e+00 2.433333333333333126e+00 2.433333333333333126e+00 3.000000000000000000e+00 3.000000000000000000e+00 2.966666666666666785e+00 2.899999999999999911e+00 2.866666666666666696e+00 2.833333333333333481e+00 2.733333333333333393e+00 2.533333333333333215e+00 2.533333333333333215e+00 2.533333333333333215e+00 2.533333333333333215e+00 2.533333333333333215e+00 2.533333333333333215e+00
2.366666666666666696e+00 2.366666666666666696e+00 2.399999999999999911e+00 2.399999999999999911e+00 2.433333333333333126e+00 2.399999999999999911e+00 2.466666666666666785e+00 2.466666666666666785e+00 3.066666666666666874e+00 3.033333333333333215e+00 3.000000000000000000e+00 2.933333333333333126e+00 2.899999999999999911e+00 2.866666666666666696e+00 2.566666666666666874e+00 2.566666666666666874e+00 2.533333333333333215e+00 2.533333333333333215e+00 2.533333333333333215e+00 2.566666666666666874e+00 2.600000000000000089e+00
1.766666666666666607e+00 1.766666666666666607e+00 1.766666666666666607e+00 1.766666666666666607e+00 1.766666666666666607e+00 1.800000000000000044e+00 1.933333333333333348e+00 2.466666666666666785e+00 2.466666666666666785e+00 3.033333333333333215e+00 2.533333333333333215e+00 2.533333333333333215e+00 2.533333333333333215e+00 2.566666666666666874e+00 2.566666666666666874e+00 2.533333333333333215e+00 2.533333333333333215e+00 2.533333333333333215e+00 2.566666666666666874e+00 2.600000000000000089e+00 2.600000000000000089e+00
2.333333333333333481e+00 2.366666666666666696e+00 2.366666666666666696e+00 2.399999999999999911e+00 2.433333333333333126e+00 2.433333333333333126e+00 2.399999999999999911e+00 2.466666666666666785e+00 2.433333333333333126e+00 3.000000000000000000e+00 2.466666666666666785e+00 2.899999999999999911e+00 2.833333333333333481e+00 2.799999999999999822e+00 2.466666666666666785e+00 2.466666666666666785e+00 2.500000000000000000e+00 2.500000000000000000e+00 2.533333333333333215e+00 2.533333333333333215e+00 2.533333333333333215e+00
2.333333333333333481e+00 2.399999999999999911e+00 2.333333333333333481e+00 2.399999999999999911e+00 2.399999999999999911e+00 2.433333333333333126e+00 2.466666666666666785e+00 2.433333333333333126e+00 2.966666666666666785e+00 2.933333333333333126e+00 2.866666666666666696e+00 2.866666666666666696e+00 2.799999999999999822e+00 2.733333333333333393e+00 2.733333333333333393e+00 2.500000000000000000e+00 2.500000000000000000e+00 2.500000000000000000e+00 2.466666666666666785e+00 2.466666666666666785e+00 2.466666666666666785e+00
1.866666666666666696e+00 1.899999999999999911e+00 1.899999999999999911e+00 1.899999999999999911e+00 1.899999999999999911e+00 1.899999999999999911e+00 2.133333333333333304e+00 2.533333333333333215e+00 2.600000000000000089e+00 2.633333333333333304e+00 2.633333333333333304e+00 2.600000000000000089e+00 2.666666666666666519e+00 2.666666666666666519e+00 2.666666666666666519e+00 2.700000000000000178e+00 2.700000000000000178e+00 2.666666666666666519e+00 2.666666666666666519e+00 2.666666666666666519e+00 2.666666666666666519e+00
2.366666666666666696e+00 2.399999999999999911e+00 2.399999999999999911e+00 2.433333333333333126e+00 2.399999999999999911e+00 2.466666666666666785e+00 2.466666666666666785e+00 2.466666666666666785e+00 3.066666666666666874e+00 3.033333333333333215e+00 2.933333333333333126e+00 2.933333333333333126e+00 2.866666666666666696e+00 2.799999999999999822e+00 2.533333333333333215e+00 2.533333333333333215e+00 2.533333333333333215e+00 2.533333333333333215e+00 2.533333333333333215e+00 2.533333333333333215e+00 2.533333333333333215e+00
1.766666666666666607e+00 1.766666666666666607e+00 2.366666666666666696e+00 1.766666666666666607e+00 2.433333333333333126e+00 2.433333333333333126e+00 2.466666666666666785e+00 2.466666666666666785e+00 2.466666666666666785e+00 2.533333333333333215e+00 2.500000000000000000e+00 2.533333333333333215e+00 2.533333333333333215e+00 2.566666666666666874e+00 2.533333333333333215e+00 2.533333333333333215e+00 2.566666666666666874e+00 2.600000000000000089e+00 2.600000000000000089e+00 2.600000000000000089e+00 2.600000000000000089e+00
1.800000000000000044e+00 1.833333333333333259e+00 1.833333333333333259e+00 1.833333333333333259e+00 1.866666666666666696e+00 2.533333333333333215e+00 2.566666666666666874e+00 2.600000000000000089e+00 2.533333333333333215e+00 2.600000000000000089e+00 2.600000000000000089e+00 2.600000000000000089e+00 2.600000000000000089e+00 2.600000000000000089e+00 2.633333333333333304e+00 2.666666666666666519e+00 2.666666666666666519e+00 2.666666666666666519e+00 2.666666666666666519e+00 2.666666666666666519e+00 2.666666666666666519e+00
2.333333333333333481e+00 2.266666666666666607e+00 2.333333333333333481e+00 1.699999999999999956e+00 1.733333333333333393e+00 2.399999999999999911e+00 3.000000000000000000e+00 2.933333333333333126e+00 2.933333333333333126e+00 2.866666666666666696e+00 2.866666666666666696e+00 2.799999999999999822e+00 2.733333333333333393e+00 2.700000000000000178e+00 2.666666666666666519e+00 2.666666666666666519e+00 2.466666666666666785e+00 2.466666666666666785e+00 2.466666666666666785e+00 2.466666666666666785e+00 2.466666666666666785e+00
1.833333333333333259e+00 1.833333333333333259e+00 1.866666666666666696e+00 1.866666666666666696e+00 1.866666666666666696e+00 1.866666666666666696e+00 2.033333333333333215e+00 2.533333333333333215e+00 2.566666666666666874e+00 2.533333333333333215e+00 2.600000000000000089e+00 2.600000000000000089e+00 2.633333333333333304e+00 2.600000000000000089e+00 2.633333333333333304e+00 2.666666666666666519e+00 2.666666666666666519e+00 2.666666666666666519e+00 2.700000000000000178e+00 2.666666666666666519e+00 2.666666666666666519e+00
1.833333333333333259e+00 1.833333333333333259e+00 1.833333333333333259e+00 1.833333333333333259e+00 1.866666666666666696e+00 1.933333333333333348e+00 2.566666666666666874e+00 2.533333333333333215e+00 2.600000000000000089e+00 2.533333333333333215e+00 2.600000000000000089e+00 2.633333333333333304e+00 2.633333333333333304e+00 2.600000000000000089e+00 2.600000000000000089e+00 2.666666666666666519e+00 2.666666666666666519e+00 2.666666666666666519e+00 2.666666666666666519e+00 2.666666666666666519e+00 2.700000000000000178e+00
1.833333333333333259e+00 1.833333333333333259e+00 1.833333333333333259e+00 1.800000000000000044e+00 1.800000000000000044e+00 1.833333333333333259e+00 1.966666666666666563e+00 2.466666666666666785e+00 2.533333333333333215e+00 2.533333333333333215e+00 2.600000000000000089e+00 2.533333333333333215e+00 2.533333333333333215e+00 2.600000000000000089e+00 2.600000000000000089e+00 2.600000000000000089e+00 2.633333333333333304e+00 2.633333333333333304e+00 2.600000000000000089e+00 2.600000000000000089e+00 2.600000000000000089e+00
1.800000000000000044e+00 1.800000000000000044e+00 1.833333333333333259e+00 2.433333333333333126e+00 1.800000000000000044e+00 1.866666666666666696e+00 1.966666666666666563e+00 2.500000000000000000e+00 2.500000000000000000e+00 2.533333333333333215e+00 2.533333333333333215e+00 2.566666666666666874e+00 2.566666666666666874e+00 2.533333333333333215e+00 2.566666666666666874e+00 2.600000000000000089e+00 2.600000000000000089e+00 2.633333333333333304e+00 2.633333333333333304e+00 2.600000000000000089e+00 2.600000000000000089e+00
1.899999999999999911e+00 1.899999999999999911e+00 1.866666666666666696e+00 1.866666666666666696e+00 1.899999999999999911e+00 1.933333333333333348e+00 2.133333333333333304e+00 2.600000000000000089e+00 2.633333333333333304e+00 2.600000000000000089e+00 2.666666666666666519e+00 2.666666666666666519e+00 2.666666666666666519e+00 2.700000000000000178e+00 2.666666666666666519e+00 2.666666666666666519e+00 2.700000000000000178e+00 2.733333333333333393e+00 2.733333333333333393e+00 2.733333333333333393e+00 2.733333333333333393e+00
2.333333333333333481e+00 2.333333333333333481e+00 2.366666666666666696e+00 2.366666666666666696e+00 2.366666666666666696e+00 2.399999999999999911e+00 2.399999999999999911e+00 2.399999999999999911e+00 3.033333333333333215e+00 2.966666666666666785e+00 2.933333333333333126e+00 2.899999999999999911e+00 2.799999999999999822e+00 2.799999999999999822e+00 2.466666666666666785e+00 2.466666666666666785e+00 2.500000000000000000e+00 2.533333333333333215e+00 2.533333333333333215e+00 2.533333333333333215e+00 2.533333333333333215e+00
2.333333333333333481e+00 2.366666666666666696e+00 2.366666666666666696e+00 2.366666666666666696e+00 2.399999999999999911e+00 2.399999999999999911e+00 2.433333333333333126e+00 3.033333333333333215e+00 3.000000000000000000e+00 2.933333333333333126e+00 2.933333333333333126e+00 2.866666666666666696e+00 2.799999999999999822e+00 2.799999999999999822e+00 2.766666666666666607e+00 2.466666666666666785e+00 2.466666666666666785e+00 2.466666666666666785e+00 2.466666666666666785e+00 2.500000000000000000e+00 2.500000000000000000e+00
1.766666666666666607e+00 1.766666666666666607e+00 1.766666666666666607e+00 1.800000000000000044e+00 1.800000000000000044e+00 1.800000000000000044e+00 1.933333333333333348e+00 2.466666666666666785e+00 2.466666666666666785e+00 2.533333333333333215e+00 2.533333333333333215e+00 2.533333333333333215e+00 2.533333333333333215e+00 2.566666666666666874e+00 2.533333333333333215e+00 2.533333333333333215e+00 2.566666666666666874e+00 2.600000000000000089e+00 2.600000000000000089e+00 2.600000000000000089e+00 2.600000000000000089e+00
1.766666666666666607e+00 1.800000000000000044e+00 1.800000000000000044e+00 1.766666666666666607e+00 2.433333333333333126e+00 2.399999999999999911e+00 2.466666666666666785e+00 2.500000000000000000e+00 2.466666666666666785e+00 2.533333333333333215e+00 2.533333333333333215e+00 2.533333333333333215e+00 2.566666666666666874e+00 2.533333333333333215e+00 2.533333333333333215e+00 2.600000000000000089e+00 2.600000000000000089e+00 2.600000000000000089e+00 2.633333333333333304e+00 2.633333333333333304e+00 2.600000000000000089e+00
1.866666666666666696e+00 1.899999999999999911e+00 1.899999999999999911e+00 1.866666666666666696e+00 1.866666666666666696e+00 1.933333333333333348e+00 2.066666666666666874e+00 2.600000000000000089e+00 2.600000000000000089e+00 2.633333333333333304e+00 2.600000000000000089e+00 2.633333333333333304e+00 2.666666666666666519e+00 2.666666666666666519e+00 2.700000000000000178e+00 2.700000000000000178e+00 2.666666666666666519e+00 2.666666666666666519e+00 2.666666666666666519e+00 2.666666666666666519e+00 2.700000000000000178e+00
1.666666666666666741e+00 2.333333333333333481e+00 2.333333333333333481e+00 1.699999999999999956e+00 2.399999999999999911e+00 2.399999999999999911e+00 3.066666666666666874e+00 3.000000000000000000e+00 3.000000000000000000e+00 2.933333333333333126e+00 2.866666666666666696e+00 2.866666666666666696e+00 2.799999999999999822e+00 2.799999999999999822e+00 2.766666666666666607e+00 2.666666666666666519e+00 2.466666666666666785e+00 2.466666666666666785e+00 2.466666666666666785e+00 2.500000000000000000e+00 2.533333333333333215e+00
1.866666666666666696e+00 1.899999999999999911e+00 1.899999999999999911e+00 1.899999999999999911e+00 1.866666666666666696e+00 1.899999999999999911e+00 2.066666666666666874e+00 2.533333333333333215e+00 2.600000000000000089e+00 2.600000000000000089e+00 2.633333333333333304e+00 2.600000000000000089e+00 2.666666666666666519e+00 2.666666666666666519e+00 2.666666666666666519e+00 2.700000000000000178e+00 2.666666666666666519e+00 2.666666666666666519e+00 2.666666666666666519e+00 2.700000000000000178e+00 2.733333333333333393e+00
2.366666666666666696e+00 2.399999999999999911e+00 2.466666666666666785e+00 2.399999999999999911e+00 2.466666666666666785e+00 2.466666666666666785e+00 2.500000000000000000e+00 2.500000000000000000e+00 2.533333333333333215e+00 3.066666666666666874e+00 3.000000000000000000e+00 2.966666666666666785e+00 2.866666666666666696e+00 2.533333333333333215e+00 2.566666666666666874e+00 2.566666666666666874e+00 2.566666666666666874e+00 2.566666666666666874e+00 2.566666666666666874e+00 2.566666666666666874e+00 2.566666666666666874e+00
1.766666666666666607e+00 2.399999999999999911e+00 2.466666666666666785e+00 2.399999999999999911e+00 2.466666666666666785e+00 2.466666666666666785e+00 2.533333333333333215e+00 2.466666666666666785e+00 2.500000000000000000e+00 3.066666666666666874e+00 3.000000000000000000e+00 2.966666666666666785e+00 2.899999999999999911e+00 2.566666666666666874e+00 2.566666666666666874e+00 2.533333333333333215e+00 2.533333333333333215e+00 2.533333333333333215e+00 2.533333333333333215e+00 2.533333333333333215e+00 2.533333333333333215e+00
1.899999999999999911e+00 1.899999999999999911e+00 1.866666666666666696e+00 1.899999999999999911e+00 1.899999999999999911e+00 1.966666666666666563e+00 2.133333333333333304e+00 2.600000000000000089e+00 2.600000000000000089e+00 2.666666666666666519e+00 2.666666666666666519e+00 2.666666666666666519e+00 2.700000000000000178e+00 2.666666666666666519e+00 2.666666666666666519e+00 2.666666666666666519e+00 2.700000000000000178e+00 2.733333333333333393e+00 2.733333333333333393e+00 2.733333333333333393e+00 2.733333333333333393e+00
2.333333333333333481e+00 2.399999999999999911e+00 2.466666666666666785e+00 2.433333333333333126e+00 2.466666666666666785e+00 2.500000000000000000e+00 2.533333333333333215e+00 2.533333333333333215e+00 3.100000000000000089e+00 3.066666666666666874e+00 3.033333333333333215e+00 3.000000000000000000e+00 2.933333333333333126e+00 2.866666666666666696e+00 2.866666666666666696e+00 2.600000000000000089e+00 2.600000000000000089e+00 2.600000000000000089e+00 2.600000000000000089e+00 2.600000000000000089e+00 2.600000000000000089e+00
2.399999999999999911e+00 2.333333333333333481e+00 2.399999999999999911e+00 2.399999999999999911e+00 2.433333333333333126e+00 2.399999999999999911e+00 2.466666666666666785e+00 2.466666666666666785e+00 3.066666666666666874e+00 3.033333333333333215e+00 2.933333333333333126e+00 2.933333333333333126e+00 2.899999999999999911e+00 2.799999999999999822e+00 2.799999999999999822e+00 2.533333333333333215e+00 2.533333333333333215e+00 2.533333333333333215e+00 2.533333333333333215e+00 2.566666666666666874e+00 2.566666666666666874e+00
1.833333333333333259e+00 1.833333333333333259e+00 1.866666666666666696e+00 1.866666666666666696e+00 1.899999999999999911e+00 1.866666666666666696e+00 2.533333333333333215e+00 2.533333333333333215e+00 2.566666666666666874e+00 2.533333333333333215e+00 2.600000000000000089e+00 2.600000000000000089e+00 2.633333333333333304e+00 2.600000000000000089e+00 2.633333333333333304e+00 2.666666666666666519e+00 2.666666666666666519e+00 2.700000000000000178e+00 2.700000000000000178e+00 2.666666666666666519e+00 2.666666666666666519e+00
1.833333333333333259e+00 1.833333333333333259e+00 1.833333333333333259e+00 1.833333333333333259e+00 1.833333333333333259e+00 2.466666666666666785e+00 3.266666666666666607e+00 2.533333333333333215e+00 2.500000000000000000e+00 2.533333333333333215e+00 2.533333333333333215e+00 2.533333333333333215e+00 2.566666666666666874e+00 2.600000000000000089e+00 2.600000000000000089e+00 2.600000000000000089e+00 2.633333333333333304e+00 2.600000000000000089e+00 2.600000000000000089e+00 2.600000000000000089e+00 2.633333333333333304e+00
2.333333333333333481e+00 2.366666666666666696e+00 2.333333333333333481e+00 2.399999999999999911e+00 2.399999999999999911e+00 2.433333333333333126e+00 2.399999999999999911e+00 3.066666666666666874e+00 2.966666666666666785e+00 2.933333333333333126e+00 2.933333333333333126e+00 2.866666666666666696e+00 2.799999999999999822e+00 2.799999999999999822e+00 2.766666666666666607e+00 2.466666666666666785e+00 2.466666666666666785e+00 2.466666666666666785e+00 2.466666666666666785e+00 2.466666666666666785e+00 2.466666666666666785e+00
1.766666666666666607e+00 1.766666666666666607e+00 1.766666666666666607e+00 1.766666666666666607e+00 1.766666666666666607e+00 1.833333333333333259e+00 1.966666666666666563e+00 2.466666666666666785e+00 2.466666666666666785e+00 2.466666666666666785e+00 2.533333333333333215e+00 2.533333333333333215e+00 2.533333333333333215e+00 2.566666666666666874e+00 2.566666666666666874e+00 2.533333333333333215e+00 2.533333333333333215e+00 2.533333333333333215e+00 2.566666666666666874e+00 2.566666666666666874e+00 2.600000000000000089e+00
1.766666666666666607e+00 2.366666666666666696e+00 2.399999999999999911e+00 2.466666666666666785e+00 2.399999999999999911e+00 2.466666666666666785e+00 2.466666666666666785e+00 2.500000000000000000e+00 2.533333333333333215e+00 2.533333333333333215e+00 3.033333333333333215e+00 2.933333333333333126e+00 2.566666666666666874e+00 2.566666666666666874e+00 2.533333333333333215e+00 2.533333333333333215e+00 2.566666666666666874e+00 2.600000000000000089e+00 2.600000000000000089e+00 2.600000000000000089e+00 2.600000000000000089e+00
1.800000000000000044e+00 1.833333333333333259e+00 1.800000000000000044e+00 2.433333333333333126e+00 2.466666666666666785e+00 2.533333333333333215e+00 2.466666666666666785e+00 2.533333333333333215e+00 2.533333333333333215e+00 2.533333333333333215e+00 2.533333333333333215e+00 3.033333333333333215e+00 2.566666666666666874e+00 2.600000000000000089e+00 2.600000000000000089e+00 2.600000000000000089e+00 2.633333333333333304e+00 2.633333333333333304e+00 2.633333333333333304e+00 2.600000000000000089e+00 2.600000000000000089e+00
2.399999999999999911e+00 2.333333333333333481e+00 2.399999999999999911e+00 2.433333333333333126e+00 2.433333333333333126e+00 2.433333333333333126e+00 2.466666666666666785e+00 2.466666666666666785e+00 3.066666666666666874e+00 3.000000000000000000e+00 3.000000000000000000e+00 2.933333333333333126e+00 2.866666666666666696e+00 2.866666666666666696e+00 2.799999999999999822e+00 2.566666666666666874e+00 2.566666666666666874e+00 2.566666666666666874e+00 2.533333333333333215e+00 2.533333333333333215e+00 2.533333333333333215e+00
1.833333333333333259e+00 1.833333333333333259e+00 1.833333333333333259e+00 1.866666666666666696e+00 1.866666666666666696e+00 1.899999999999999911e+00 2.533333333333333215e+00 2.566666666666666874e+00 2.533333333333333215e+00 2.600000000000000089e+00 2.600000000000000089e+00 2.633333333333333304e+00 2.633333333333333304e+00 2.600000000000000089e+00 2.600000000000000089e+00 2.666666666666666519e+00 2.666666666666666519e+00 2.666666666666666519e+00 2.666666666666666519e+00 2.666666666666666519e+00 2.666666666666666519e+00
2.333333333333333481e+00 2.399999999999999911e+00 2.333333333333333481e+00 2.399999999999999911e+00 2.399999999999999911e+00 2.399999999999999911e+00 2.466666666666666785e+00 3.000000000000000000e+00 3.000000000000000000e+00 2.933333333333333126e+00 2.866666666666666696e+00 2.866666666666666696e+00 2.833333333333333481e+00 2.733333333333333393e+00 2.733333333333333393e+00 2.500000000000000000e+00 2.466666666666666785e+00 2.500000000000000000e+00 2.500000000000000000e+00 2.500000000000000000e+00 2.500000000000000000e+00
1.833333333333333259e+00 1.833333333333333259e+00 1.833333333333333259e+00 1.866666666666666696e+00 1.866666666666666696e+00 1.899999999999999911e+00 2.033333333333333215e+00 2.600000000000000089e+00 2.600000000000000089e+00 3.200000000000000178e+00 2.633333333333333304e+00 2.633333333333333304e+00 2.600000000000000089e+00 2.600000000000000089e+00 2.666666666666666519e+00 2.666666666666666519e+00 2.666666666666666519e+00 2.666666666666666519e+00 2.666666666666666519e+00 2.666666666666666519e+00 2.666666666666666519e+00
2.366666666666666696e+00 2.366666666666666696e+00 2.399999999999999911e+00 2.399999999999999911e+00 2.466666666666666785e+00 2.399999999999999911e+00 2.433333333333333126e+00 2.466666666666666785e+00 3.066666666666666874e+00 3.033333333333333215e+00 2.466666666666666785e+00 2.933333333333333126e+00 2.866666666666666696e+00 2.533333333333333215e+00 2.533333333333333215e+00 2.533333333333333215e+00 2.533333333333333215e+00 2.533333333333333215e+00 2.566666666666666874e+00 2.566666666666666874e+00 2.566666666666666874e+00
1.833333333333333259e+00 2.433333333333333126e+00 2.466666666666666785e+00 2.500000000000000000e+00 2.466666666666666785e+00 2.533333333333333215e+00 2.533333333333333215e+00 2.566666666666666874e+00 2.566666666666666874e+00 2.566666666666666874e+00 3.066666666666666874e+00 3.066666666666666874e+00 3.000000000000000000e+00 2.633333333333333304e+00 2.600000000000000089e+00 2.600000000000000089e+00 2.600000000000000089e+00 2.600000000000000089e+00 2.633333333333333304e+00 2.633333333333333304e+00 2.666666666666666519e+00
1.833333333333333259e+00 1.766666666666666607e+00 2.433333333333333126e+00 2.466666666666666785e+00 2.466666666666666785e+00 2.500000000000000000e+00 2.500000000000000000e+00 2.533333333333333215e+00 2.533333333333333215e+00 2.566666666666666874e+00 3.100000000000000089e+00 3.033333333333333215e+00 2.600000000000000089e+00 2.600000000000000089e+00 2.600000000000000089e+00 2.633333333333333304e+00 2.633333333333333304e+00 2.633333333333333304e+00 2.600000000000000089e+00 2.600000000000000089e+00 2.600000000000000089e+00
1.833333333333333259e+00 1.800000000000000044e+00 1.833333333333333259e+00 2.500000000000000000e+00 2.466666666666666785e+00 2.533333333333333215e+00 2.600000000000000089e+00 2.600000000000000089e+00 2.533333333333333215e+00 2.600000000000000089e+00 2.600000000000000089e+00 2.600000000000000089e+00 2.633333333333333304e+00 2.600000000000000089e+00 2.600000000000000089e+00 2.633333333333333304e+00 2.666666666666666519e+00 2.666666666666666519e+00 2.666666666666666519e+00 2.666666666666666519e+00 2.666666666666666519e+00
1.833333333333333259e+00 1.833333333333333259e+00 1.833333333333333259e+00 2.466666666666666785e+00 1.833333333333333259e+00 1.966666666666666563e+00 2.533333333333333215e+00 2.533333333333333215e+00 2.566666666666666874e+00 2.566666666666666874e+00 2.600000000000000089e+00 2.633333333333333304e+00 2.633333333333333304e+00 2.600000000000000089e+00 2.633333333333333304e+00 2.666666666666666519e+00 2.666666666666666519e+00 2.666666666666666519e+00 2.666666666666666519e+00 2.666666666666666519e+00 2.700000000000000178e+00
1.866666666666666696e+00 1.866666666666666696e+00 1.899999999999999911e+00 1.899999999999999911e+00 1.899999999999999911e+00 1.966666666666666563e+00 2.600000000000000089e+00 2.600000000000000089e+00 2.600000000000000089e+00 3.200000000000000178e+00 2.633333333333333304e+00 2.600000000000000089e+00 2.666666666666666519e+00 2.666666666666666519e+00 2.666666666666666519e+00 2.700000000000000178e+00 2.700000000000000178e+00 2.700000000000000178e+00 2.666666666666666519e+00 2.666666666666666519e+00 2.666666666666666519e+00
2.366666666666666696e+00 2.399999999999999911e+00 2.433333333333333126e+00 2.466666666666666785e+00 2.466666666666666785e+00 2.500000000000000000e+00 2.466666666666666785e+00 2.533333333333333215e+00 2.533333333333333215e+00 2.533333333333333215e+00 3.066666666666666874e+00 3.000000000000000000e+00 2.966666666666666785e+00 2.600000000000000089e+00 2.600000000000000089e+00 2.600000000000000089e+00 2.633333333333333304e+00 2.600000000000000089e+00 2.600000000000000089e+00 2.600000000000000089e+00 2.600000000000000089e+00
