3.732194322917746554e+00 3.928244074898520566e+00 3.926566321082905375e+00 3.707059889611993952e+00 3.886864480305396441e+00 3.185330858931390452e+00 3.292610148098860545e+00 3.753594243544525977e+00 3.511961327108209296e+00 3.633720930232557933e+00 3.767713486321106586e+00 3.887547571305807192e+00 3.995150713616575811e+00 4.112856790326561374e+00 4.450563969903060801e+00 4.516272477140712560e+00 4.576436897175783614e+00 4.631994823064609967e+00 4.683614924201202179e+00 4.731861198738169350e+00 4.777103136964393038e+00
0.000000000000000000e+00 3.438765413037832896e+00 3.876891685087570316e+00 4.012396922906635410e+00 3.787278874558437813e+00 3.809075295030194930e+00 3.812296388715602724e+00 4.003092043509469455e+00 4.196713972959172700e+00 3.949205052258877746e+00 3.901188469201510411e+00 3.854041926470385349e+00 4.209015573357620887e+00 4.290865301433287371e+00 4.361280139560964386e+00 4.425298880537673618e+00 4.483933720561250169e+00 4.537984997146569555e+00 4.588161174569260758e+00 4.635025799371544686e+00 4.678974203714279412e+00
3.344225289310323035e+00 3.796297574510967721e+00 3.677337884906262566e+00 3.839093136399489126e+00 3.823879081990920081e+00 3.118935403382311566e+00 3.217953381649270916e+00 3.732552079665338418e+00 3.533693770097883213e+00 3.543118360995129557e+00 3.656256683016342990e+00 3.765926731803251215e+00 3.865561300209154449e+00 3.967397735103117551e+00 4.312893464575144442e+00 4.379470709682800944e+00 4.440497335701598658e+00 4.496831777611228098e+00 4.549308298351909308e+00 4.598395365915595612e+00 4.644650114408659825e+00
3.053053747623474923e+00 4.162648554520289146e+00 3.758430368117374076e+00 3.813986433105402085e+00 3.536631878228910342e+00 3.742012920535178200e+00 3.818531627722539401e+00 4.172081252992271061e+00 3.579812610578346543e+00 3.683983707060736634e+00 3.604902667627973400e+00 3.716423149186860897e+00 3.821567537520844660e+00 4.153772664022097771e+00 4.221657796571459897e+00 4.284934309192565571e+00 4.342820903444614800e+00 4.396178072688056382e+00 4.445710236942462146e+00 4.492052522460262765e+00 4.535583715880040501e+00
3.237026068390784772e+00 3.725859535095526809e+00 3.801729441284016353e+00 3.743552770229050086e+00 3.741451821879178574e+00 3.059379780280906402e+00 3.152209698998997833e+00 3.230200974678032910e+00 3.335647864504622362e+00 3.470848344752424985e+00 3.579245880425655280e+00 3.671071953010278666e+00 3.750937734433607673e+00 3.824012014350474331e+00 3.893837307133370729e+00 4.344857550741729746e+00 4.407015417668000090e+00 4.464469689685014231e+00 4.517936206740760241e+00 4.568109143718167786e+00 4.615405811278122883e+00
3.624204213650257245e+00 3.668073915149836939e+00 3.758011872533804532e+00 3.718060824720973212e+00 3.538766843836300247e+00 3.037538322431160509e+00 3.201715005603001263e+00 3.223771813021234944e+00 3.314024537590014141e+00 3.441985337142463575e+00 3.550468870742047756e+00 3.640860067321562976e+00 3.722520560032537063e+00 3.786574870912220003e+00 3.864494268816981659e+00 4.287493449662784784e+00 4.348516327643449308e+00 4.404861866284911720e+00 4.457305867186000192e+00 4.506440743770713020e+00 4.552728878097235032e+00
2.937350509840123802e+00 3.867136247496719914e+00 3.535283515874116045e+00 3.607053176287787544e+00 3.655638822884299088e+00 3.007392590623928719e+00 3.151790216843166625e+00 3.326703029378946130e+00 3.270680092692464846e+00 3.380138867371801137e+00 3.503559616570436130e+00 3.605627552541620595e+00 3.697992617969453111e+00 3.767713486321106586e+00 3.848003848003848315e+00 3.920651515985252633e+00 3.978188552419492652e+00 4.305690345685424525e+00 4.355129720649535408e+00 4.401378181543094570e+00 4.444869936267403787e+00
0.000000000000000000e+00 4.198817447807321912e+00 3.747813775297742733e+00 3.764879831881001948e+00 3.597868954542309261e+00 3.813300793166564784e+00 3.187648554817160473e+00 3.784047830364576370e+00 3.636887647619897024e+00 4.397809341221903701e+00 3.614097761344444049e+00 3.727582731627848922e+00 3.833634215533885836e+00 4.154175292350085869e+00 4.222797568776218924e+00 4.286296985074008248e+00 4.344438084861357297e+00 4.398020890599230626e+00 4.447820225949267403e+00 4.494351417423103179e+00 4.538109808505518039e+00
3.185816192257080903e+00 4.116805637930432304e+00 3.634942080970049449e+00 3.815125933838779737e+00 3.775405331711307433e+00 3.081793603877456711e+00 3.176444591757816127e+00 3.256742149172648926e+00 3.381409150507211248e+00 3.499415597595201710e+00 3.606527815345775156e+00 3.705904975002622059e+00 3.776486905889946399e+00 3.857413466505940747e+00 3.930763395627887569e+00 4.371326871170752248e+00 4.434257023180931512e+00 4.492424139292374718e+00 4.546581797139786829e+00 4.597417212181095891e+00 4.645325900811891451e+00
3.302185062882034838e+00 3.616108371986286318e+00 3.662041899286937685e+00 3.603104212860310351e+00 3.767687198236163493e+00 3.015893055029527314e+00 3.293692228988696069e+00 3.263163741390802119e+00 3.280977312390924716e+00 3.397634137208947358e+00 3.509831036733891629e+00 3.607828988905926071e+00 3.693920364652666599e+00 3.761991347419900933e+00 3.844083954793572122e+00 3.909413308759877470e+00 4.268149963514201062e+00 4.323389537397319238e+00 4.374722307666017329e+00 4.422852325107288429e+00 4.468121670390101663e+00
2.849280035581252868e+00 2.990825815695575596e+00 3.512814748201439130e+00 3.571103470972530225e+00 3.500224014336917211e+00 3.497383956800312887e+00 3.619733114293073317e+00 3.174493633760049338e+00 3.507024570214138937e+00 3.370597157463063986e+00 3.455592184832714686e+00 3.557282509799629455e+00 3.647535808981355654e+00 3.729874220352680236e+00 3.808917021011371418e+00 4.105511649389304907e+00 4.163026861760209307e+00 4.216055568994712566e+00 4.265272427077600348e+00 4.311318236876141796e+00 4.354648068402535266e+00
3.279002090363832167e+00 3.791273178465568883e+00 3.954543562419347680e+00 4.003617060930909410e+00 3.938835511415589519e+00 4.140329570233789447e+00 3.356455582904453117e+00 3.705412699078541205e+00 4.201507032358491323e+00 3.879217783442666878e+00 3.909062853615883348e+00 3.982477100756670385e+00 4.349056668898722222e+00 4.431536174970683639e+00 4.505611534365526971e+00 4.572941834909974190e+00 4.634741476846740760e+00 4.691823118268441561e+00 4.744974796619376711e+00 4.794663331248695926e+00 4.841360217656645482e+00
2.813533094183020111e+00 2.966017909098612293e+00 3.095321843123461036e+00 3.647023203324983864e+00 2.860551598071569668e+00 3.586346567655372741e+00 3.388260024755042732e+00 3.898715475848482992e+00 3.893377087475839993e+00 4.150755437489623390e+00 3.737153534724384496e+00 3.668480141755609658e+00 3.769054665252107750e+00 4.084232095141841157e+00 4.152823920265779734e+00 4.216463562151363753e+00 4.274594430617126406e+00 4.328158159276219941e+00 4.377954264059047418e+00 4.424503453186678925e+00 4.468305962095016071e+00
3.827018752391886380e+00 3.711442238961895956e+00 3.740363369374735569e+00 3.822576833794359086e+00 3.870450492791285502e+00 3.106510964571654210e+00 3.204659295950285536e+00 4.137531548678058613e+00 3.410455091127359672e+00 3.532810107993156201e+00 3.641252590891266294e+00 3.741970355279296889e+00 3.835024230380364774e+00 3.920085279048175497e+00 4.004968876640169206e+00 4.381419997357238749e+00 4.443549562935241504e+00 4.500941105867589442e+00 4.554393955077114420e+00 4.604526180511171241e+00 4.651744056876248479e+00
0.000000000000000000e+00 3.505303524232163070e+00 4.009179638897336417e+00 4.024340320420751738e+00 3.653710929421335241e+00 3.950870577797493510e+00 3.849432208749209661e+00 3.722955886484967891e+00 4.338394793926247495e+00 4.076443682894137055e+00 4.392355906324294956e+00 3.943244474358712282e+00 4.111588512221696412e+00 4.269590188206290549e+00 4.402316719173464676e+00 4.466340967340740598e+00 4.524948922925037031e+00 4.578942332663577197e+00 4.629053876659895650e+00 4.675885495815769843e+00 4.719723656759806651e+00
2.834286362122597325e+00 2.974019812636751858e+00 3.005878939973296582e+00 3.524704028529369371e+00 3.538545865798913059e+00 3.408482251545990049e+00 3.719904935762752718e+00 3.460399191650748385e+00 3.689827429609445986e+00 3.353752438314910211e+00 3.453062521150008113e+00 3.545754133236925121e+00 3.643829664977891625e+00 3.731369066950435354e+00 4.013563075219707343e+00 4.076190212998210605e+00 4.133569406074968811e+00 4.186435947530003254e+00 4.235522844049437019e+00 4.281442708081567794e+00 4.324656120085935029e+00
3.585934860114059486e+00 4.279964931900235747e+00 3.962804298959421878e+00 3.960396039603960361e+00 3.831024456986488858e+00 3.969635768507556062e+00 3.313756319051278432e+00 4.315174799379170700e+00 4.402680131530068763e+00 3.661662394727205783e+00 3.795511634968394166e+00 3.907340217694668993e+00 4.025988449577965866e+00 4.139472631186785989e+00 4.474827374928574741e+00 4.542513799606314961e+00 4.604589469922409251e+00 4.662004662004662237e+00 4.715443771800258865e+00 4.765470760432976682e+00 4.812518046942675376e+00
3.574546479415423583e+00 4.218796467276662909e+00 3.815701612133931331e+00 3.717753650627543038e+00 3.958333333333332593e+00 3.697554033124502926e+00 3.277111121957341666e+00 3.482964207420762293e+00 3.646921857685887947e+00 3.619229243372285687e+00 3.751193561587777392e+00 3.861216834905400574e+00 3.974729090833018841e+00 4.085189825153875631e+00 4.191690831878839951e+00 4.492546457014498174e+00 4.552728878097235032e+00 4.608263235000791269e+00 4.659864178664674839e+00 4.708097928436910884e+00 4.753408331553674593e+00
3.069945927088784110e+00 3.610358952995903703e+00 3.800757387290267353e+00 3.876103132029762754e+00 3.901029438324001841e+00 3.885408210700136866e+00 3.270816660287414468e+00 3.928352366315412514e+00 3.921056071101816087e+00 3.739922985289636070e+00 3.726219474327037595e+00 3.832485541077276903e+00 3.946679005709074595e+00 4.056571990401737438e+00 4.385873310916647227e+00 4.454373986455919088e+00 4.517182667917578165e+00 4.575283906609577400e+00 4.629377484886443739e+00 4.680133521456347090e+00 5.118132020140540028e+00
4.049416609471516715e+00 3.736610479116499572e+00 3.896556674391419062e+00 3.829763529510068487e+00 3.689317685057567076e+00 3.094320515345016620e+00 3.191696039521523254e+00 3.297782767330900811e+00 3.401053632533507010e+00 3.520883672764929528e+00 3.633847895512896553e+00 3.731188590854442211e+00 3.809316499782324339e+00 3.883791412659773012e+00 3.965576017309392132e+00 4.424778761061946675e+00 4.487079251337624974e+00 4.544672060595627450e+00 4.598300687686162291e+00 4.648581142024561075e+00 4.695953993262325987e+00
0.000000000000000000e+00 3.283735248845561561e+00 4.182058967031434982e+00 4.147111882166727881e+00 3.701774109517672606e+00 4.001296972121997086e+00 4.071183610380828100e+00 3.526190607887604411e+00 4.505347500918396975e+00 4.274594430617126406e+00 4.210177586670990735e+00 4.079318546379777644e+00 4.386445882223927839e+00 4.386355692324563016e+00 4.530166792504632944e+00 4.608009683697961378e+00 4.669143143569284504e+00 4.725638988576280397e+00 4.778124381403539900e+00 5.297401556621072594e+00 4.873227449311569259e+00
3.140484332472607942e+00 3.573305307409353482e+00 3.620787418788470990e+00 3.617139677239843643e+00 3.755006675567423180e+00 3.013187952854119445e+00 3.235403757288449977e+00 3.199287810713441260e+00 3.284829678086691906e+00 3.401998153201002406e+00 3.506793553000715047e+00 3.606903057543976221e+00 3.689240642902388512e+00 3.755830072589952273e+00 3.828403973187251008e+00 3.890509934695011829e+00 4.286771162475540464e+00 4.342581423401688845e+00 4.394517838995852799e+00 4.443148526124324427e+00 4.488981277495009969e+00
2.896032435563278273e+00 3.713539002669544065e+00 3.639112056658175387e+00 3.617416468984131939e+00 3.711354644445222117e+00 2.974462118100309915e+00 3.558296761949946152e+00 3.144331658634949900e+00 3.236245954692556825e+00 3.348138025281858443e+00 3.459465443399685647e+00 3.566583213281675491e+00 3.642937169644023143e+00 3.713096722666703542e+00 3.768344510429241900e+00 3.840111712340722239e+00 3.890185617428031595e+00 4.277012437828105362e+00 4.326774492634180902e+00 4.373317297836575079e+00 4.417113554327045222e+00
3.422055834262992313e+00 3.647714917049559968e+00 3.833206721353748403e+00 3.812824956672443921e+00 3.843976488841984285e+00 3.081923120026896612e+00 3.177651439268863953e+00 3.350621610113292625e+00 3.385731559854897377e+00 3.501915547804649087e+00 3.614638604340294048e+00 3.710731014009759576e+00 3.780614384206655298e+00 3.859008372669950671e+00 3.931549651333622997e+00 4.385110114987331720e+00 4.447687549949615793e+00 4.505534876305738123e+00 4.559404963626836782e+00 4.609911998844081538e+00 4.657566147713340321e+00
2.999441964285713969e+00 3.148614609571787959e+00 3.768607499528923821e+00 3.970291268781873217e+00 3.825868335473997739e+00 3.882489970234243248e+00 3.934399072310113432e+00 4.079205730246964201e+00 3.613775986799489637e+00 3.579812610578346543e+00 3.690642171737882116e+00 3.805912311780336843e+00 3.906876800826024621e+00 4.013590849012864226e+00 4.342222252855183484e+00 4.410356067340623909e+00 4.472825862567264110e+00 4.530602158214119157e+00 4.584447608793803752e+00 4.634899429498407386e+00 5.054631565827920170e+00
0.000000000000000000e+00 0.000000000000000000e+00 3.775748507180914260e+00 3.924484653199487472e+00 3.992538083994741083e+00 4.002346202946554854e+00 4.036699758482201084e+00 3.486337045120174061e+00 4.393703273995455127e+00 4.362578768783325067e+00 4.261344110410051123e+00 4.008570046305894863e+00 4.165480661756027381e+00 4.425666097323163406e+00 4.498301026304680761e+00 4.564346918028478584e+00 4.624836059915786279e+00 4.680713395788735021e+00 4.732607666824420356e+00 4.781094187555495090e+00 4.826587602564987201e+00
2.685303615973316571e+00 2.805580299215138851e+00 2.944681084190486242e+00 3.066137990146547754e+00 3.580995930060394628e+00 3.454303025278589345e+00 2.999818615618589757e+00 3.199577099374691258e+00 3.708256364123306614e+00 4.020552519319095630e+00 4.253894754459616401e+00 3.609381615753561867e+00 3.716325185465662706e+00 4.011703106303215804e+00 4.080390610952045805e+00 4.142244682393388722e+00 4.198990865473969158e+00 4.251263379480111126e+00 4.299762819534794112e+00 4.345127250155182530e+00 4.387767183680292504e+00
3.705153659014009282e+00 4.249311200361876040e+00 3.900262754543463384e+00 4.069161959542874740e+00 4.029806910777343099e+00 3.765541740674955395e+00 3.876398272233912756e+00 3.593542680229986797e+00 4.484273996040041510e+00 3.674844329511041341e+00 3.820319934429417863e+00 3.932553261949442103e+00 4.053172122419537615e+00 4.177574778588536653e+00 4.506503230816162109e+00 4.573097898422622265e+00 4.634141354941153423e+00 4.690495289111253463e+00 4.742919989001923575e+00 4.791894852135816230e+00 4.837830471518124398e+00
2.866291019420868835e+00 3.019408476813751463e+00 3.540486504498500331e+00 3.773118928708632414e+00 3.576882334328440383e+00 3.625741395705206482e+00 3.127193378689219205e+00 4.098930109767959351e+00 3.312812301576346208e+00 3.422079255355554572e+00 3.549584971603319872e+00 3.648052421824989899e+00 3.739534497205736496e+00 3.818407451349397963e+00 3.903064602688932183e+00 3.977780259044215949e+00 4.319203037375039855e+00 4.373317297836575079e+00 4.423647158843492022e+00 4.470733888162871317e+00 4.515017643299712446e+00
0.000000000000000000e+00 3.205105873008130768e+00 3.736636335328512359e+00 3.833313585960314462e+00 3.650137741046832307e+00 3.564115645069989569e+00 3.344108795006130563e+00 3.997766764772781478e+00 3.989379995322795747e+00 3.778707681972765187e+00 3.855660591706198570e+00 3.766581519096567909e+00 3.884357138893512751e+00 4.167129681075675052e+00 4.239258266553619592e+00 4.304572412473693710e+00 4.364392102528575457e+00 4.419645323462791708e+00 4.470949148112227434e+00 4.519062226117440240e+00 4.901351668530561589e+00
3.458245148082057518e+00 3.505757002921464416e+00 3.900156006240248718e+00 3.996719933296121852e+00 4.029652685624561137e+00 4.000551800248310030e+00 3.339130434782608514e+00 3.423245935768728376e+00 4.263424630216678501e+00 3.705412699078541205e+00 3.816661462128309257e+00 3.950765290483424064e+00 4.068965517241379004e+00 4.187575942719452549e+00 4.308281474389659138e+00 4.595462152596779148e+00 4.656194793278646493e+00 4.712274088036368269e+00 4.764367972557240982e+00 4.813014390913028961e+00 5.333187468376933360e+00
2.941217664112942387e+00 3.091602785253054098e+00 3.850305618008429853e+00 3.858450005512071623e+00 3.765885188431200348e+00 3.771028722668770872e+00 3.166316026484474300e+00 3.798054015233649050e+00 3.745188473142142982e+00 3.693843130148728893e+00 3.602954422626553743e+00 3.713203187853700182e+00 3.811160463714287072e+00 3.909003971827250012e+00 4.011869600403953129e+00 4.315505192527215428e+00 4.372241730314664565e+00 4.424507688432975705e+00 4.472948980855778522e+00 4.518187442219333327e+00 4.560584299337693714e+00
2.831076729257054669e+00 2.983334952197260304e+00 3.112786635769376531e+00 3.694692887367635681e+00 3.618599601954043621e+00 3.662497408610323912e+00 3.148959474260678792e+00 4.046000973783285382e+00 3.827871077302116287e+00 3.906062620351271608e+00 3.812190692709705342e+00 3.675935109341730733e+00 3.775695706894139914e+00 4.103911027208930307e+00 4.171653274063942263e+00 4.235059461600989117e+00 4.293004479957899910e+00 4.346416276294092995e+00 4.396027090516945179e+00 4.442439651165970282e+00 4.486069030249907996e+00
3.579801496497409641e+00 4.292945029531306744e+00 3.886729594669628085e+00 4.021020229891432152e+00 3.968742729673878422e+00 3.265612406547900637e+00 3.305056736807315154e+00 3.592698531139023377e+00 3.577591649480197145e+00 3.627738244732803707e+00 3.773843831480718780e+00 3.886972395554969317e+00 3.995480973244054823e+00 4.104262171919890179e+00 4.486967086370664326e+00 4.555436947993227292e+00 4.618237211963301725e+00 4.676367837592494858e+00 4.730466259435223364e+00 4.781174644530058693e+00 5.256762107620255975e+00
3.117358142885841676e+00 3.682013019042259749e+00 3.754932616027417680e+00 3.979116498926324130e+00 3.884626590269010471e+00 3.730660397280137541e+00 3.555915020603390264e+00 3.813801724685890626e+00 3.965631196298744499e+00 3.613796362574968501e+00 3.720238095238094900e+00 3.842096806868272374e+00 4.209770809035133787e+00 4.294917680744451793e+00 4.176353486559102102e+00 4.435204435204434859e+00 4.496309567455019973e+00 4.714757190004713827e+00 4.605317423221797490e+00 4.654490889007758980e+00 4.700752801716797435e+00
2.806840269737349569e+00 2.957996450404259736e+00 0.000000000000000000e+00 3.651093261321833872e+00 3.437318050128724156e+00 3.406373394138256572e+00 3.777939580442637002e+00 3.836308215977177305e+00 3.720827677445582626e+00 4.114295118388842099e+00 3.669546914811121940e+00 3.614801220690566197e+00 3.719161948840860710e+00 4.011564371775186544e+00 4.080955081826607156e+00 4.143159988122941506e+00 4.200060591038035085e+00 4.252517215835825759e+00 4.301224461479759675e+00 4.346716159434788729e+00 4.389540352417381719e+00
3.057636447026448323e+00 4.225810697535866467e+00 3.762174815723103638e+00 3.744196495432079885e+00 3.686930873524357999e+00 3.303345515884172023e+00 3.213636998742489759e+00 3.539258004968840243e+00 3.413435281267067634e+00 3.533593387330335567e+00 3.640409923894826427e+00 3.744461317634331987e+00 3.844057087742349665e+00 3.931549651333622997e+00 4.303219901367467237e+00 4.372420954827425987e+00 4.435921409121618808e+00 4.494596269485096052e+00 4.549308298351909308e+00 4.600637222588441766e+00 4.649097242460829449e+00
3.078666937216184785e+00 4.183808660483927966e+00 3.794071590681760586e+00 3.831390934232433043e+00 3.758447965996296158e+00 3.879979306777030512e+00 3.196730995086763283e+00 3.648228200115641862e+00 3.599238622599064907e+00 3.500297525289649769e+00 3.633517804237240689e+00 3.737360454573767310e+00 3.837593061631743740e+00 3.938204731372982881e+00 4.026128183591444198e+00 4.350438151270949128e+00 4.410751206064782437e+00 4.466433037861608391e+00 4.518250255454917763e+00 4.566708016958163086e+00 4.612323853975203392e+00
3.114898212048425652e+00 3.559637894090303067e+00 3.894080996884735413e+00 3.922729118349425725e+00 3.878223773511731309e+00 3.909518649089835485e+00 3.297609233305853316e+00 3.498950314905528103e+00 4.189300526455432383e+00 3.575108830518811676e+00 3.689702944104480409e+00 3.804306474929620485e+00 3.905242090141356037e+00 4.023349063037014339e+00 4.119803897334485931e+00 4.405983876852750392e+00 4.465849988663610937e+00 4.521110106419976127e+00 4.572473708276176829e+00 4.620498462132601070e+00 5.056767409480399600e+00
2.907904535621830266e+00 3.055704096726923780e+00 1.587061668681983173e+00 3.805991322339784766e+00 3.576563494731721971e+00 3.699961577322081308e+00 3.622002270716808248e+00 4.157494053420389690e+00 3.751745603857350453e+00 4.188668621378690560e+00 3.630676422945874116e+00 3.696599825632083558e+00 3.805543639206786732e+00 4.128052178579537212e+00 4.195756095883344194e+00 4.259002294365751951e+00 4.316812958661376598e+00 4.370092181631956230e+00 4.419584282853394441e+00 4.465849988663610937e+00 4.509336375996666035e+00
3.710014290425414529e+00 3.729127246108586480e+00 3.865161094392755015e+00 3.945810864132579088e+00 3.890714162199550241e+00 3.196953164636137767e+00 3.306081122965554453e+00 3.710957633233687325e+00 3.531000103852944161e+00 3.656155793627251960e+00 3.773559015032486919e+00 3.889510130090222173e+00 4.000827757467061652e+00 4.111419467571178821e+00 4.467783841744222606e+00 4.536207180953428342e+00 4.598963517177471871e+00 4.657023887793117822e+00 4.711131433638863442e+00 4.761807582158186669e+00 5.232502099885710578e+00
2.721259315079962882e+00 2.862588757706297837e+00 3.450227024938240739e+00 3.455950455494269935e+00 3.728535030967554675e+00 3.578728587847463505e+00 3.056807997721288750e+00 3.420569489916300832e+00 3.396762677203563285e+00 3.329125688366092906e+00 3.451822907677544627e+00 3.550918117193954782e+00 3.637050352164394429e+00 3.703367269220824820e+00 3.777808870854904466e+00 3.853988878489236214e+00 3.914797234475381860e+00 4.232110799391121780e+00 4.281590541828377283e+00 4.327844527337551206e+00 4.371435401796387232e+00
0.000000000000000000e+00 0.000000000000000000e+00 3.363794360038122822e+00 3.956168637286516354e+00 3.924646781789638439e+00 3.347140287017279725e+00 3.929137657682498119e+00 3.451287541556319116e+00 4.366067469386362809e+00 4.297706272571621966e+00 4.240764171799613180e+00 3.949556541019955347e+00 4.291696950818537637e+00 4.373785059705636691e+00 4.447059467447523673e+00 4.513653802753328392e+00 4.574659119617093594e+00 4.631037628908733161e+00 4.683485890998753121e+00 4.732542747206770706e+00 4.778581034494528090e+00
2.972528308147492471e+00 4.185334861094910153e+00 3.706993628167555954e+00 3.673030943553137639e+00 3.755035160783778192e+00 3.032097929711738971e+00 3.119670562788569246e+00 3.288737124944021595e+00 3.300028787485167481e+00 3.431516730394834180e+00 3.534866957311282754e+00 3.639366750185467847e+00 3.721776527996030648e+00 3.789966923925027320e+00 3.873636445385184590e+00 3.936600020718947768e+00 4.318090011282750496e+00 4.373347182266076771e+00 4.424718519829546004e+00 4.472825862567264110e+00 4.518093225640526178e+00
0.000000000000000000e+00 3.923701220477590290e+00 3.848441381240597092e+00 3.935078114752401213e+00 3.999696574742605648e+00 3.904180261580077360e+00 3.949645609071258612e+00 4.046803374196744407e+00 3.700006283029536824e+00 3.708078116845661132e+00 3.712616019250600807e+00 3.822736245099946473e+00 4.198355070718193360e+00 4.279433182172708960e+00 4.348096155040686028e+00 4.411085609522430673e+00 4.468705312946871011e+00 4.521817770743838949e+00 4.571101089559468811e+00 4.617059691001556665e+00 4.660091532544130999e+00
3.262099264986569658e+00 4.192411048721313982e+00 3.788348417847942962e+00 3.871708183823173499e+00 4.064984635736037966e+00 3.944523100113405345e+00 3.202071601105410448e+00 3.552793819532006570e+00 3.403768652652216176e+00 3.521831905034838783e+00 3.650514860350587476e+00 3.760917106601105342e+00 3.851629720825623604e+00 3.938395207594883818e+00 4.032622525673204450e+00 4.109350513668814209e+00 4.465635219434444636e+00 4.520324072464272369e+00 4.571101089559468811e+00 4.618619239651190256e+00 4.663187563004464131e+00
3.142567827088933896e+00 3.372231082134903080e+00 3.780380512482129696e+00 3.964693362268639554e+00 4.043107895213796432e+00 3.726965284008557866e+00 3.266157053509381125e+00 3.608029252791018493e+00 3.910314151845877717e+00 3.651546050818497147e+00 3.712836607167876668e+00 3.849564518013899761e+00 3.960230943993996888e+00 4.321370571466408350e+00 4.185880544576195739e+00 4.456847431827374528e+00 4.515833205963678765e+00 4.570225672204025535e+00 4.620726677221854928e+00 5.033260328386227833e+00 5.138746145940389809e+00
3.383627386665745806e+00 3.944800476144338486e+00 3.886298023539861646e+00 3.951308784383318340e+00 3.898228394417179832e+00 3.903975891236600493e+00 3.275355000716484444e+00 3.492528727760809026e+00 4.411207223351827800e+00 3.627510481412496546e+00 3.746542962629936468e+00 3.862814888392241297e+00 3.976892163429337046e+00 4.088335298005573826e+00 4.193390940900685315e+00 4.491934935003062179e+00 4.551284703545865007e+00 4.606045606726200781e+00 4.656896315573209044e+00 4.704406460718206340e+00 4.748926329699372673e+00
1.699632454481718069e+00 4.074276125432460205e+00 4.085561349204699155e+00 3.926863882497209968e+00 3.850219462509362423e+00 3.540683143571230040e+00 3.821716906320164142e+00 3.497654514031766748e+00 4.293747749245130585e+00 4.293659015320865358e+00 4.430292122386820353e+00 4.044320170698203043e+00 4.223404472721574265e+00 4.358841637834744986e+00 4.475443585312282480e+00 4.541018272515316312e+00 4.601047940172642292e+00 4.656449867838996504e+00 4.707937309379711444e+00 4.756016360696280643e+00 4.801097393689986781e+00
0.000000000000000000e+00 0.000000000000000000e+00 0.000000000000000000e+00 0.000000000000000000e+00 3.993722149042907343e+00 3.592789061014011409e+00 3.828270735306401384e+00 3.389009924957636866e+00 4.240621045791868049e+00 4.211813457423320806e+00 4.293480142654340526e+00 4.247331716607066099e+00 4.177395496630690097e+00 4.265243084458692380e+00 4.335409283281148163e+00 4.399230134726423103e+00 4.457642113059519851e+00 4.511494056448360546e+00 4.561484729238435953e+00 4.608168149992433626e+00 5.043758008669811055e+00
