1.900445873839631483e+00 1.906172332641734801e+00 1.910462968859453659e+00 1.913400892920416485e+00 1.918144940715112989e+00 1.987309608641957714e+00 2.624381889002458834e+00 2.641640597844977290e+00 3.330257470530690433e+00 2.671259358194790767e+00 2.683862218989031323e+00 2.695131033015354838e+00 2.705184700044849233e+00 2.714081909600194464e+00 2.721943048576214164e+00 2.728818421623436574e+00 2.734788614864627654e+00 2.739894925029624950e+00 2.744198482950787277e+00 2.747755999267264659e+00 2.750604780410051298e+00
1.864373964734649336e+00 1.869387344247679383e+00 2.504508114606291080e+00 2.527362206106387621e+00 2.548542853403682251e+00 2.567998459200924621e+00 2.585875528531991208e+00 2.602243555930653596e+00 2.617189986772579857e+00 2.630811783192668063e+00 3.161142684359902422e+00 3.113765674979477538e+00 3.067334973892796413e+00 2.673998450452179654e+00 2.682365564073242670e+00 2.689922700116091026e+00 2.696680244688248962e+00 2.702721925475998876e+00 2.708070048745260916e+00 2.712798146950188727e+00 2.716918039639137472e+00
1.832884887497525206e+00 1.836817163219573112e+00 1.839560860031493217e+00 2.480261254185440745e+00 2.499714318363615462e+00 2.517940324814301523e+00 2.535014893212497178e+00 2.550911951022490687e+00 2.565702794535746012e+00 2.579461752314350154e+00 2.592252667568116564e+00 3.051723159030261812e+00 2.615155177653851748e+00 2.625398244531011560e+00 2.634877228963709239e+00 2.643662167802977248e+00 2.651760978639367217e+00 2.659276676743925538e+00 2.666180205716851326e+00 2.672532532944102535e+00 2.678395218359693963e+00
2.423638088511263167e+00 2.444231971991976948e+00 2.464181363748371822e+00 2.483049736865701185e+00 2.500643022491497725e+00 2.516954485073061409e+00 2.531983879702631945e+00 2.545806843977398870e+00 3.154463565945812675e+00 3.107970909392288483e+00 3.062893738470641392e+00 3.018708975394011507e+00 2.975181451473406735e+00 2.932244214053827847e+00 2.614711639706869484e+00 2.621343403070513833e+00 2.627337087348307065e+00 2.632702433470897940e+00 2.637525573305389504e+00 2.641824249165739769e+00 2.645613155659523485e+00
1.816530426884650273e+00 1.820419278968332222e+00 1.823100875817660782e+00 1.824644376810959479e+00 1.828715217836556883e+00 1.886409147633282046e+00 2.533462821433095424e+00 2.547338031756814392e+00 2.560057566699878162e+00 2.571648998485584148e+00 2.582162991866186807e+00 2.591726089575657088e+00 2.600359833576970647e+00 2.608152535741985023e+00 2.615118210410997790e+00 2.621343403070513833e+00 2.626852108226306548e+00 2.631691252827289773e+00 2.635909638167971636e+00 2.639530441426735319e+00 2.642577486630643957e+00
1.798807031176923532e+00 1.802945291428076802e+00 1.805823419362760918e+00 2.494458738088959571e+00 2.511012583760205530e+00 2.526049889485317390e+00 2.539575044442563545e+00 2.551707517613869936e+00 2.562504328554608524e+00 2.572070099337517846e+00 3.051614872009594581e+00 3.005458751825991204e+00 2.594270168697676127e+00 2.599738620873793149e+00 2.604349968325473164e+00 2.608170437074456505e+00 2.611235182958254519e+00 2.613621914866564033e+00 2.615340029546273648e+00 2.616449689915354426e+00 2.616949344348096673e+00
2.425720958922148007e+00 2.443582003737242658e+00 2.461097086764219899e+00 2.477490231609943638e+00 2.492557934167983991e+00 2.506265664160400863e+00 2.518644969006674561e+00 2.529760829183320681e+00 3.100381910680815700e+00 3.054770649208189415e+00 3.010192652329749308e+00 2.966269280750324366e+00 2.922918464493499791e+00 2.880006582872189469e+00 2.837543538558669365e+00 2.582464368971341351e+00 2.585514132979280788e+00 2.587955515143037122e+00 2.589803174958702936e+00 2.591145286216507415e+00 2.591980272928517071e+00
2.418346265727887801e+00 2.438709492318064775e+00 2.458503965215681042e+00 2.477314873798502237e+00 2.494938838356476563e+00 2.511318372386659004e+00 2.526510818378962409e+00 2.540560758216244164e+00 3.150620672272437695e+00 3.104406846628190664e+00 3.059571242811745417e+00 3.015702693793964606e+00 2.972504334902155154e+00 2.929891873038018790e+00 2.611998249255226945e+00 2.619098180788560715e+00 2.625565915896737046e+00 2.631447936446976055e+00 2.636792520061002509e+00 2.641603870644829044e+00 2.645944741532976874e+00
1.824697647599792916e+00 1.828581459646864138e+00 1.831260346620958490e+00 1.832777390858106425e+00 1.833274668543939612e+00 1.870395948434622202e+00 1.988608116361983535e+00 2.549502846944845746e+00 2.562824802448921524e+00 3.128302096657582965e+00 2.586164717723615780e+00 2.596327249507048407e+00 2.605597104266136999e+00 2.613972744035549578e+00 2.621566279572330238e+00 2.628382266233812103e+00 2.634520766431933225e+00 2.639952202970640815e+00 2.644747739784661711e+00 2.648951224442848584e+00 2.652593957670184466e+00
2.419601619709790263e+00 2.437101283062146351e+00 2.454228635939723624e+00 2.470251118670863555e+00 2.485020846563767982e+00 2.498465228502491087e+00 2.510652339210650563e+00 2.521608786405726832e+00 2.531407534915342428e+00 3.046648340615284223e+00 2.547860858487561497e+00 2.957309130339879299e+00 2.913711499921826764e+00 2.870665994510726460e+00 2.570070105801219640e+00 2.573726541554959724e+00 2.576709333259049828e+00 2.579098152111026554e+00 2.580897175661442056e+00 2.582139965943667459e+00 2.582860972272638111e+00
2.416403112895774363e+00 2.430950287066629301e+00 2.445849609023746485e+00 2.459782555222118194e+00 2.472502242912748560e+00 2.483974911853390033e+00 2.494232088295815775e+00 2.503302969195466243e+00 3.041698927109833139e+00 2.997643712616594236e+00 2.954355211974986073e+00 2.911571416687463554e+00 2.869199493341357599e+00 2.827234752369575776e+00 2.785651111126586699e+00 2.542151622167561520e+00 2.543707074943109880e+00 2.544691138113110984e+00 2.545140901828259583e+00 2.545086921788064949e+00 2.544565232757036277e+00
1.918226705978473223e+00 1.923926520258233408e+00 1.928172021509830136e+00 1.931068023659159305e+00 1.932712956335003618e+00 1.953322819151244616e+00 2.151268901673132117e+00 2.645918848953789482e+00 2.662705308593530606e+00 2.677946084018841599e+00 2.691790040376850435e+00 2.704318369438355685e+00 2.715650502743503392e+00 2.725843089288834342e+00 2.734980399307137766e+00 2.743156177025011466e+00 2.750391401853340412e+00 2.756807193146153079e+00 2.762391806320918963e+00 2.767213486972810443e+00 2.771330585097169674e+00
2.441458843466584039e+00 2.459886282971261551e+00 2.478367393182365763e+00 2.495543672014259862e+00 2.511138693777398512e+00 2.525181672792569998e+00 2.537713238404060156e+00 2.548798878528493184e+00 3.123351564452094831e+00 3.076502358651807878e+00 3.030772917577072789e+00 2.985758625717796821e+00 2.941258858791562680e+00 2.897198903304219808e+00 2.593979164037633289e+00 2.596746347009530442e+00 2.598807358136725476e+00 2.600195366030204180e+00 2.600926492193705641e+00 2.601072766768131928e+00 2.600670551271868636e+00
1.828300631129377907e+00 1.831864178262366805e+00 2.441721844792668961e+00 1.835697711986371550e+00 2.481714589034957452e+00 2.500267885844911664e+00 2.517781834204066094e+00 2.534318901795142409e+00 2.549864007252946152e+00 2.564493547179750088e+00 2.578235511361656407e+00 2.591145286216507415e+00 2.603287177755262416e+00 2.614674685002367216e+00 2.625379615701188829e+00 2.635440260979813765e+00 2.644858186880111095e+00 2.653705410765663686e+00 2.661996497373029680e+00 2.669814237135710311e+00 2.677093240339567970e+00
1.884754510724977683e+00 1.890414146114471450e+00 1.894657067070859791e+00 1.897588602790914569e+00 1.924283026398312169e+00 2.598953394443859199e+00 2.617301067434408157e+00 2.633858949922023740e+00 2.648760093923601122e+00 2.662108389844756839e+00 2.674079026072270437e+00 2.684734458566775395e+00 2.694194719378349312e+00 2.702529710047009370e+00 2.709838799332962456e+00 2.716217910323020845e+00 2.721677111393359105e+00 2.726338527357758057e+00 2.730212956610615471e+00 2.733370245512717123e+00 2.735824570510616560e+00
2.363376013123687613e+00 2.375844144624112531e+00 2.388747593688085757e+00 1.754321844961806764e+00 1.801204645667021875e+00 2.425788207896979909e+00 3.080103217681160910e+00 3.034687180211016688e+00 2.992303517000459046e+00 2.951241278028008619e+00 2.910986200539225521e+00 2.871409862242360944e+00 2.832379765478955314e+00 2.793900914304074057e+00 2.755930550550126146e+00 2.718452015836725355e+00 2.518274981637578236e+00 2.523818537447157340e+00 2.528977871443624625e+00 2.533801617410032403e+00 2.538332247110074658e+00
1.900140318054256650e+00 1.905068948841571519e+00 1.908666760921815087e+00 1.911057947523764122e+00 1.912343825254270602e+00 1.931206145527111895e+00 2.077929522362821135e+00 2.609658557916787469e+00 2.627355743967733304e+00 2.643809311774691473e+00 2.659090591017871485e+00 2.673288919217429616e+00 2.686461647225167670e+00 2.698671969320360464e+00 2.710027100271002798e+00 2.720518991315266533e+00 2.730251183108846291e+00 2.739238217851614809e+00 2.747543062453766893e+00 2.755190708649179143e+00 2.762196158422573600e+00
1.888875973497617045e+00 1.894242958516079156e+00 1.898239747680131817e+00 1.900932187899835535e+00 1.907628393988850979e+00 1.982988789031238985e+00 2.607615610010499019e+00 2.624727773166769751e+00 2.640264026402640241e+00 2.654391271243861983e+00 2.667153305164450927e+00 2.678681813811008450e+00 2.689085144927536142e+00 2.698422842859475423e+00 2.706773179348014313e+00 2.714195241111009960e+00 2.720784702213602468e+00 2.726548189991470750e+00 2.731570653125546588e+00 2.735882146615222332e+00 2.739514333279479352e+00
1.859320918790583033e+00 1.863598896176038577e+00 1.866649436056487810e+00 1.868514100094862851e+00 1.869314169401403936e+00 1.893718680806432575e+00 2.038261072125323814e+00 2.574324935467935394e+00 2.589821302330139297e+00 2.604166666666666519e+00 2.617430673457838086e+00 2.629671220025301626e+00 2.640933034503432975e+00 2.651353934818556191e+00 2.660915354882079420e+00 2.669682940023464734e+00 2.677715767517898193e+00 2.685056951471128439e+00 2.691751905477006268e+00 2.697809804408788814e+00 2.703298735852143420e+00
1.846722068328716437e+00 1.850639182302194818e+00 1.853383137064811503e+00 2.478826688700681569e+00 1.855671574680074931e+00 1.888006265383754823e+00 1.994571915002742557e+00 2.554006597850377869e+00 2.570033410434335419e+00 2.585008348878315765e+00 2.599062932445437291e+00 2.612186537615485804e+00 2.624467126775948511e+00 2.635965974666229172e+00 2.646718765236045101e+00 2.656766714907956572e+00 2.666142792995060073e+00 2.674878773122269404e+00 2.683047376968156428e+00 2.690646463216030515e+00 2.697733194187094785e+00
1.937692423622623616e+00 1.943890975486146422e+00 1.948586192462579803e+00 1.951868371780320466e+00 1.953831681018887156e+00 1.975684962920626564e+00 2.189064563281619691e+00 2.670738972929663557e+00 2.687943864414452655e+00 2.703491060693374415e+00 2.717523848013768450e+00 2.730117395047987117e+00 2.741415941333698481e+00 2.751478037561202683e+00 2.760436573661187776e+00 2.768333108554149380e+00 2.775253068389173183e+00 2.781273684283717795e+00 2.786407902252810764e+00 2.790743105120315537e+00 2.794310783245312457e+00
2.383689952045767058e+00 2.400350168730497114e+00 2.417076994261168288e+00 2.433333810457609658e+00 2.448888204755040654e+00 2.463608975983331728e+00 2.477496077297877353e+00 2.490518241267175803e+00 3.078214635511403063e+00 3.033787931168290264e+00 2.990763409748497637e+00 2.948679265984584408e+00 2.907347789706570484e+00 2.866711881471951440e+00 2.560418770714498748e+00 2.567833604382435464e+00 2.574701125909843569e+00 2.581059210893465128e+00 2.586924147188991885e+00 2.592343478504568477e+00 2.597329664312689967e+00
2.403217484114025471e+00 2.419449609777341248e+00 2.435460301997077526e+00 2.450671483986612387e+00 2.464858165018732894e+00 2.478007681823813702e+00 2.490075271418204839e+00 3.111387678904791176e+00 3.065326283082881798e+00 3.021105584127251831e+00 2.977901202933578517e+00 2.935400227842969834e+00 2.893457257990529108e+00 2.852035031337603943e+00 2.811101037999058416e+00 2.559181062060140732e+00 2.563408764009740715e+00 2.567101172309535162e+00 2.570271949051498250e+00 2.572982295100207040e+00 2.575238731590522967e+00
1.830321843793012215e+00 1.834135461908674714e+00 1.836763182449360210e+00 1.838274284663843128e+00 1.838807321282072804e+00 1.877202102466354550e+00 1.980296054260112015e+00 2.547139774295114290e+00 2.561457184531644504e+00 2.574738950078672595e+00 2.587032673523468329e+00 2.598387595157167329e+00 2.608868780765771334e+00 2.618523577327831919e+00 2.627430373095112959e+00 2.635571669741500145e+00 2.643073755668697622e+00 2.649911785831339905e+00 2.656135323104882318e+00 2.661791385602510385e+00 2.666909963715987875e+00
1.839669153899362586e+00 1.843422526623275326e+00 1.846014029706625648e+00 1.847554576762197254e+00 2.492096493976246219e+00 2.511108165984249574e+00 2.529031170309174126e+00 2.545877398801373204e+00 2.561694133720433975e+00 2.576529901674048162e+00 2.590419647982973306e+00 2.603452036673491676e+00 2.615654337744599101e+00 2.627057269848482424e+00 2.637751210157480930e+00 2.647769950598187094e+00 2.657119682264425187e+00 2.665862231046070452e+00 2.674035118994562588e+00 2.681646248518037456e+00 2.688780708705988953e+00
1.920450665756230801e+00 1.926411096127913725e+00 1.930902303494932859e+00 1.934014297379768932e+00 1.935872433176551555e+00 1.979707993071021965e+00 2.130772618151341558e+00 2.656543836468753916e+00 2.673100867350886922e+00 2.688057948870308689e+00 2.701530630380844844e+00 2.713666441687482500e+00 2.724510112124070016e+00 2.734213422884665512e+00 2.742806988672207069e+00 2.750410798535935175e+00 2.757060549291293849e+00 2.762841901685333390e+00 2.767783005812344488e+00 2.771964352538426102e+00 2.775387860453498057e+00
1.747373479239018756e+00 2.403472310585174743e+00 2.418947473267072379e+00 1.793038527915368663e+00 2.448121426822770452e+00 2.461512493934129520e+00 3.143336127409890324e+00 3.094929942040403059e+00 3.050767545380167256e+00 3.008217904366017770e+00 2.966562601534135979e+00 2.925524504750494525e+00 2.885048412519702676e+00 2.845068663303471634e+00 2.805580299215138851e+00 2.766565698841588983e+00 2.559363002985923341e+00 2.564778467259890338e+00 2.569794916089057413e+00 2.574378670229049870e+00 2.578594874868456177e+00
1.919836173979820648e+00 1.925394527600887029e+00 1.929536196669763504e+00 1.932367149758454028e+00 1.934014297379768932e+00 1.962523077817674100e+00 2.130954241309258368e+00 2.639933862709544776e+00 2.657602842236302720e+00 2.673834419285382236e+00 2.688761683730868768e+00 2.702433612584806522e+00 2.714988826776751019e+00 2.726452884796878973e+00 2.736957345572445188e+00 2.746517556585303943e+00 2.755229637793272790e+00 2.763135521169869158e+00 2.770260191361050062e+00 2.776697950796911840e+00 2.782453846046828883e+00
2.455364972464835649e+00 2.475370067825139575e+00 2.495312377462338915e+00 2.513753824496889777e+00 2.530453302593011600e+00 2.545387002015671030e+00 2.558653579627431451e+00 2.570308651230534647e+00 2.580483178039390424e+00 3.109560169989288969e+00 3.062403429891841444e+00 3.016074305103334297e+00 2.970318036195446432e+00 2.612772928847837850e+00 2.616135190553630530e+00 2.618634771223326663e+00 2.620359484993130206e+00 2.621324831739284100e+00 2.621603429340702007e+00 2.621250549045722966e+00 2.620266700659315884e+00
1.810471488555731145e+00 2.469902474136592474e+00 2.490504949878587837e+00 2.509608214306200846e+00 2.527025129861013575e+00 2.542749984107812722e+00 2.556908981142795856e+00 2.569519785302346815e+00 2.580700660229252374e+00 3.123980367518935264e+00 3.076320720418379562e+00 3.029677063967499695e+00 2.983781018890175663e+00 2.618745974562775469e+00 2.623369256948383299e+00 2.627150535725697456e+00 2.630138544324942540e+00 2.632421472021628794e+00 2.633995628991037119e+00 2.634952285999145438e+00 2.635271326111265466e+00
1.936483346243222270e+00 1.943162496963808605e+00 1.948262799004221391e+00 1.951910703699955230e+00 1.954185213331885329e+00 1.986097318768619502e+00 2.198768689533860954e+00 2.688210076543244842e+00 2.704356861238025544e+00 2.718641515747207915e+00 2.731226320617957448e+00 2.742205281487372304e+00 2.751730415087949577e+00 2.759967729608084230e+00 2.766919000219934421e+00 2.772732944226476537e+00 2.777469170092211836e+00 2.781196331602038274e+00 2.784022494901758460e+00 2.785942135981835488e+00 2.787048585224461750e+00
2.449093835280945708e+00 2.471786324665602663e+00 2.493658981447177236e+00 2.514019148445847396e+00 2.532767681884378952e+00 2.549895247546587473e+00 2.565453738628799218e+00 2.579547672829693550e+00 3.198353543219490280e+00 3.150201612903225090e+00 3.103552862674839208e+00 3.057785190590360802e+00 3.012639071826920034e+00 2.968009101894579338e+00 2.923874830310835282e+00 2.650725112830206953e+00 2.655615578679599853e+00 2.659816472663385944e+00 2.663377162241722385e+00 2.666348575959359035e+00 2.668764221704075901e+00
2.424779864628004322e+00 2.443863028665075543e+00 2.462430348398716884e+00 2.479851208927464246e+00 2.495988589766446886e+00 2.510778413044569390e+00 2.524243252908138224e+00 2.536479507359313157e+00 3.123394922053944089e+00 3.077301821762678191e+00 3.032440056417489149e+00 2.988331607513916577e+00 2.944826570749458305e+00 2.901853647488481069e+00 2.859354622739540552e+00 2.598606585009551662e+00 2.602865966472272863e+00 2.606506663740062457e+00 2.609584934936699963e+00 2.612108889641929110e+00 2.614138959148779584e+00
1.902838156296198679e+00 1.907736223671473885e+00 1.911301454712773573e+00 1.913658560787010021e+00 1.914893617021276251e+00 1.924941538812525055e+00 2.590056981253587409e+00 2.609272083609539994e+00 2.627150535725697456e+00 2.643809311774691473e+00 2.659258066999306891e+00 2.673646290667566650e+00 2.686993537073439686e+00 2.699400448952916864e+00 2.710912465331600352e+00 2.721582146421118953e+00 2.731474996498108432e+00 2.740627055470291396e+00 2.749073068952391452e+00 2.756865655815925908e+00 2.764036343534280959e+00
1.856983687112533365e+00 1.861330851558864685e+00 1.864440811175171131e+00 1.866394843007479709e+00 1.870705471813505216e+00 2.539807962297961463e+00 3.373914021424353926e+00 2.574844465476206601e+00 2.590510330535115369e+00 2.605046750028162439e+00 2.618523577327831919e+00 2.630998855159957461e+00 2.642559109874826007e+00 2.653242192136628042e+00 2.663115845539281157e+00 2.672254961252302774e+00 2.680662546911594557e+00 2.688400260350340965e+00 2.695513388898740370e+00 2.702030077861129698e+00 2.707994833979085580e+00
2.416259354375500212e+00 2.432532982285435796e+00 2.448631215150730789e+00 2.463747712234267251e+00 2.477666588666051606e+00 2.490358753966785521e+00 2.501841633424604083e+00 3.113217337161437115e+00 3.067313590987674754e+00 3.023080870928507746e+00 2.979696486729956462e+00 2.936857562408222933e+00 2.894478605567282425e+00 2.852531099546377735e+00 2.810991663010092179e+00 2.561402510174459302e+00 2.564285205498967102e+00 2.566625315481028569e+00 2.568419851031648715e+00 2.569721542118449609e+00 2.570583950987532784e+00
1.824125149578262217e+00 1.828100092136244914e+00 1.830831197363602891e+00 1.832387821217585033e+00 1.832898325464089595e+00 1.860225516570316540e+00 2.017363236685402406e+00 2.552956110429534853e+00 2.565773962248449891e+00 2.577445264118478629e+00 2.588027922722885066e+00 2.597603184521093400e+00 2.606202762574927778e+00 2.613911512216597011e+00 2.620804941279802680e+00 2.626908058217962250e+00 2.632252923935004318e+00 2.636924063713786737e+00 2.640924601602624211e+00 2.644306043631049707e+00 2.647087507140169826e+00
1.824617742582928637e+00 2.448597457779698061e+00 2.469710761588235659e+00 2.489643773470079147e+00 2.508259339682812339e+00 2.525518257392401988e+00 2.541439584333436752e+00 2.556110168348255662e+00 2.569587199288848822e+00 2.581923742533355437e+00 3.087669221427051358e+00 3.042201705047932414e+00 2.612994835897047619e+00 2.621584854324906289e+00 2.629372219616538331e+00 2.636435539151067875e+00 2.642779647814838206e+00 2.648489663920600812e+00 2.653594223544363917e+00 2.658123364904377173e+00 2.662089740446250019e+00
1.851245318485396307e+00 1.855949746591476934e+00 1.859360808964979572e+00 2.516479445256086578e+00 2.536658234626794517e+00 2.555239305258824256e+00 2.572273747088328566e+00 2.587846911369740432e+00 2.602042251540127804e+00 2.614954788807993591e+00 2.626721567513843336e+00 3.088622886009224189e+00 2.646995312031986902e+00 2.655671255852959600e+00 2.663470502064189560e+00 2.670433383228272728e+00 2.676659528907922692e+00 2.682157301467422261e+00 2.686955537956781992e+00 2.691141893997337053e+00 2.694729676065127144e+00
2.425502425502425563e+00 2.445392233721958686e+00 2.464684590791938135e+00 2.482844236008137973e+00 2.499678612749789419e+00 2.515195975686438601e+00 2.529422097312489015e+00 2.542390836093475048e+00 3.139651707970529060e+00 3.093319835210415647e+00 3.048273568697001501e+00 3.004072964041944793e+00 2.960498491555530354e+00 2.917456811219705237e+00 2.874913226704437719e+00 2.610431850090659811e+00 2.615432465292504283e+00 2.619821427307035933e+00 2.623629685306255510e+00 2.626926708744826033e+00 2.629689909808743398e+00
1.897644001985227424e+00 1.902907789479847178e+00 1.906752729481222097e+00 1.909314626764347933e+00 1.910652240062838958e+00 1.925270964061608803e+00 2.606166047995717161e+00 2.623666893578397552e+00 2.639595357165787526e+00 2.654094639427274416e+00 2.667246909854072978e+00 2.679178659998488587e+00 2.689960783203318329e+00 2.699649755965870312e+00 2.708352141334314567e+00 2.716123325927834564e+00 2.723026329569971704e+00 2.729085756271648844e+00 2.734385955071935381e+00 2.738938113693321075e+00 2.742808917645403355e+00
2.410338936189821091e+00 2.425485616870291405e+00 2.440547544019581849e+00 2.454693373730572503e+00 2.467743072692660355e+00 2.479594999483417883e+00 2.490287877278613227e+00 3.090755830289406703e+00 3.045088065330980864e+00 3.001011969152388215e+00 2.957808967795094279e+00 2.915148360229047331e+00 2.872973527601066390e+00 2.831237038242933934e+00 2.789925578735187539e+00 2.544354284142483547e+00 2.546725335672547441e+00 2.548528224950091126e+00 2.549845946807379971e+00 2.550640848513188175e+00 2.551002331332685724e+00
1.896163186721023131e+00 1.901808180701036077e+00 1.905998955230202574e+00 1.908855676371194576e+00 1.910652240062838958e+00 1.960855513998329691e+00 2.077490391606938491e+00 2.637478570486614604e+00 2.652723579222193262e+00 3.265793935351176902e+00 2.678626620053984109e+00 2.689522892794201869e+00 2.699189532827116267e+00 2.707750414841249231e+00 2.715215650781494627e+00 2.721715099237919322e+00 2.727272727272727071e+00 2.732010759919300646e+00 2.735920532031316021e+00 2.739069401170951767e+00 2.741517113393365346e+00
2.418647077928808287e+00 2.437625466016632991e+00 2.456071408521865784e+00 2.473463272603920515e+00 2.489626556016597547e+00 2.504508114606291080e+00 2.518134062659568961e+00 2.530560026992640044e+00 3.122398001665279033e+00 3.075598203850648638e+00 2.561366061899679636e+00 2.985820822975543631e+00 2.942124213682278278e+00 2.583834969762147438e+00 2.589748794366946161e+00 2.594961566515177065e+00 2.599519440189975494e+00 2.603470355619977639e+00 2.606828518703994568e+00 2.609658557916787469e+00 2.611942932576575949e+00
1.864507662409374156e+00 2.501304251502569187e+00 2.526298061066237555e+00 2.549385735842296441e+00 2.570473824008224994e+00 2.589603790620035095e+00 2.606845435202276740e+00 2.622309475041992410e+00 2.636172562430978417e+00 2.648513611212517826e+00 3.171560266692978303e+00 3.122983073431741641e+00 3.075224176853346592e+00 2.685056951471128439e+00 2.691465928166190569e+00 2.696948190205818996e+00 2.701569042862525638e+00 2.705346180259296407e+00 2.708408566904636050e+00 2.710761724044456145e+00 2.712439665604874151e+00
1.854480353207180743e+00 1.859427296392710760e+00 2.504436430247867662e+00 2.526546281415146478e+00 2.546911353717802307e+00 2.565546140634687777e+00 2.582536469602847440e+00 2.597949726162055217e+00 2.611924494204351355e+00 2.624563148370699039e+00 3.145071672688896314e+00 3.097445639829020880e+00 2.655337227827933688e+00 2.663507839825049572e+00 2.670771220331597195e+00 2.677168682762555818e+00 2.682763246143527791e+00 2.687620677704771754e+00 2.691751905477006268e+00 2.695245728390157858e+00 2.698135446399409609e+00
1.879581479857151960e+00 1.885219156726969381e+00 1.889438764016365457e+00 2.556691073597193054e+00 2.578556438154040009e+00 2.598369347668840756e+00 2.616264681133902759e+00 2.632326353050381318e+00 2.646732715762365906e+00 2.659555854172352962e+00 2.670958944549486347e+00 2.681040808263249531e+00 2.689884618107170500e+00 2.697637437528396021e+00 2.704318369438355685e+00 2.710027100271002798e+00 2.714856530274130986e+00 2.718831042079138616e+00 2.722019040174208815e+00 2.724472046218222587e+00 2.726224179511376633e+00
1.890496618919508487e+00 1.895776065098033314e+00 1.899696048632218970e+00 2.539449644829750774e+00 1.914418406778459314e+00 2.010252286661975862e+00 2.602591336887863260e+00 2.620378042648423111e+00 2.636660989531742771e+00 2.651612948244702395e+00 2.665282590093565496e+00 2.677780600509465092e+00 2.689199326284799962e+00 2.699611398043491928e+00 2.709104675636813564e+00 2.717694280298806664e+00 2.725500199171168259e+00 2.732546733555673679e+00 2.738863097928049939e+00 2.744526780247851683e+00 2.749538218581237814e+00
1.911572091047470723e+00 1.917395750482899341e+00 1.921776575678849852e+00 1.924804311561657988e+00 1.928268414963362876e+00 1.989046039312073910e+00 2.630376697631276350e+00 2.648378913328314876e+00 2.664684515378034302e+00 3.291823670313353656e+00 2.692781927181507662e+00 2.704780343364746376e+00 2.715555957860141589e+00 2.725214523297090352e+00 2.733791769183857578e+00 2.741397153059056180e+00 2.748085148361365970e+00 2.753926110044062181e+00 2.758952446978593098e+00 2.763233408200426400e+00 2.766801223068027671e+00
2.450945055578783727e+00 2.475685234305923466e+00 2.499393004556035969e+00 2.521538138264341367e+00 2.542067689613535020e+00 2.560928763498228733e+00 2.578235511361656407e+00 2.594033722438391809e+00 2.608462698983404326e+00 2.621603429340702007e+00 3.144346465055829043e+00 3.097479074416934708e+00 3.051444581605336825e+00 2.663078518767695080e+00 2.671071591747794738e+00 2.678263075914662394e+00 2.684677556095630635e+00 2.690379768344141720e+00 2.695417789757412752e+00 2.699822380106571718e+00 2.703658257596239789e+00
