3.888348840438827558e+00 2.710855935384315352e+00 2.773885644786161730e+00 2.834125707645762660e+00 2.891725533936464476e+00 2.946851429573759340e+00 2.999630278128509797e+00 3.050323403606313821e+00 3.099049859486262104e+00 3.145929167657051551e+00 3.191186774612027932e+00 3.234880450070322766e+00 3.277179673118759240e+00 3.318217011392544880e+00 3.358099315787264061e+00 3.396927513726360370e+00 3.669318268358706447e+00 3.471908786012373849e+00 3.508289193093485192e+00 3.543980098119605682e+00 3.579173421479250994e+00
3.814358632933865678e+00 2.680643636645809291e+00 2.739783767834937933e+00 2.796420581655480575e+00 2.850666777912199468e+00 2.902675417171094896e+00 2.952610599872053321e+00 3.000655957348815850e+00 3.046922608165752333e+00 3.091581062660726964e+00 3.134818076057652725e+00 3.176707825750669567e+00 3.685315755072524624e+00 3.257012972613372082e+00 3.295684712829139329e+00 3.333518528807155601e+00 3.370639664862113083e+00 3.407155025553662675e+00 3.443146760687527674e+00 3.478769072351438840e+00 3.514139242599636059e+00
3.751347074631344647e+00 2.642981839932673882e+00 2.697860389183654561e+00 2.750546582974821685e+00 2.801179296483819137e+00 2.849855369839980668e+00 2.896771479215664247e+00 2.942000560381059060e+00 2.985737893874376603e+00 3.028126364417402350e+00 3.069239247199319287e+00 3.109233008748251148e+00 3.148240133765225046e+00 3.186367886953208384e+00 3.223704516615795601e+00 3.260379452672470091e+00 3.296464366622947395e+00 3.493533537921964083e+00 3.474828343479831716e+00 3.402446984320969037e+00 3.437394729786400038e+00
3.690191054419873939e+00 2.637299975052567635e+00 2.690170259459842228e+00 2.740881298756061124e+00 2.789497541755291188e+00 2.836135198564915250e+00 2.880915307949268644e+00 2.924037678314082900e+00 2.965578111209179024e+00 3.005689840768337895e+00 3.044477041875397472e+00 3.082095825161109026e+00 3.539405379896177095e+00 3.154264565692816102e+00 3.189001488200694734e+00 3.222981257663338539e+00 3.256314418393928989e+00 3.289105363341171095e+00 3.321460877431026137e+00 3.353477486289167420e+00 3.385240352064996294e+00
3.714658181359424827e+00 2.640631467762885265e+00 2.694021344938347884e+00 2.745164287524283431e+00 2.794115592562064432e+00 2.841030157535122225e+00 2.886002886002886125e+00 2.929197121017686811e+00 2.970717216013579964e+00 3.010740642197980765e+00 3.049393240049621756e+00 3.086701228366784289e+00 3.122870769929592782e+00 3.157961220236214839e+00 3.192100615011385312e+00 3.225319443872578962e+00 3.257780550356969673e+00 3.443598771548846305e+00 3.422875763301295393e+00 3.402163498257258833e+00 3.381353245746891112e+00
3.674762700465239007e+00 2.641592951944426559e+00 2.693928300062167214e+00 2.743928179438831272e+00 2.791658524329303948e+00 2.837241633683732722e+00 2.880791444752040409e+00 2.922430348743354500e+00 2.962315119797433560e+00 3.000530326290228089e+00 3.037237949935017056e+00 3.072539873187899673e+00 3.106510964571654210e+00 3.495161599824556653e+00 3.472656304260254956e+00 3.201536737634063989e+00 3.429049536049597613e+00 3.407439344102695333e+00 3.385778348983921049e+00 3.315439366257292075e+00 3.342152903495334559e+00
3.685546399638399251e+00 2.623385409834933402e+00 2.673025654012000096e+00 2.720518991315266533e+00 2.765937830228153871e+00 2.809324146843373171e+00 2.850825348704612683e+00 2.890560557243673667e+00 2.928686484111875377e+00 2.965264049703473681e+00 3.000446578095344652e+00 3.034344546294923894e+00 3.457180351926849138e+00 3.098618704639664934e+00 3.129215748995173740e+00 3.158928436536441176e+00 3.187804169647853847e+00 3.215906151469179353e+00 3.243392450486508594e+00 3.270270458324925578e+00 3.296658012939382321e+00
3.689677257664782939e+00 2.633620658974595852e+00 2.686246418338109176e+00 2.736726874657908759e+00 2.785185597805273527e+00 2.831706828557417843e+00 2.876425935539995926e+00 2.919505074377866993e+00 2.961062034249617447e+00 3.001242374750477726e+00 3.040158371040723839e+00 3.077891165768378290e+00 3.114639497781684696e+00 3.515309171441628688e+00 3.185457325490028690e+00 3.219755298597306581e+00 3.253458567912411059e+00 3.286644336132808153e+00 3.319443463521435156e+00 3.351955307262569406e+00 3.384309495103327681e+00
3.732787701155781512e+00 2.642781634810433822e+00 2.696814210791514732e+00 2.748569334423364374e+00 2.798142033689629660e+00 2.845699081550621123e+00 2.891327394638652848e+00 2.935174573001984921e+00 2.977371973005160655e+00 3.018081049194720755e+00 3.057423981321919282e+00 3.095474275905249595e+00 3.132352326989739311e+00 3.168218634635517006e+00 3.203097255781242492e+00 3.237137543907982362e+00 3.270406991712649702e+00 3.459609064175747761e+00 3.438886081634944247e+00 3.418242476448309475e+00 3.397516346213849570e+00
2.567590073835563480e+00 2.618671837953755244e+00 2.667771217556742958e+00 2.714751100188603772e+00 2.759648420791191104e+00 2.802533490275208816e+00 2.843554727765179369e+00 2.882817004401569072e+00 2.920438900246150826e+00 2.956525326421022726e+00 2.991221113847266189e+00 3.024590625175848313e+00 3.056777871771722666e+00 3.425807291488239148e+00 3.117919723960173695e+00 3.147029204431017302e+00 3.175304415053703977e+00 3.343642898938393504e+00 3.229619042383595762e+00 3.255784325521810185e+00 3.281435453466452490e+00
3.514370259993111922e+00 2.602335068223379011e+00 2.648380908752540730e+00 2.692440455643769770e+00 2.734520161827501017e+00 2.774675536379464180e+00 2.813016720296944495e+00 2.849656303648254951e+00 2.884703332887728511e+00 2.918287937743190508e+00 3.420641125879593236e+00 2.981390576032393103e+00 3.011120136690848881e+00 3.355681238246376541e+00 3.067377740597441171e+00 3.094080679872661221e+00 3.119947811782057379e+00 3.145027711188610464e+00 3.169419238374776793e+00 3.193158311235752223e+00 3.216355868800648832e+00
3.927594451756047711e+00 3.962262861983454343e+00 2.780114341112901233e+00 2.841635645477536887e+00 2.900519263692573180e+00 2.956911608972507377e+00 3.011056880965218507e+00 3.063064317389155189e+00 3.113170835249583934e+00 3.161466639501471221e+00 3.208147329046701746e+00 3.253360652333420422e+00 3.297201500226682125e+00 3.339850680842476827e+00 3.381385816121619481e+00 3.421931086498037899e+00 3.461597042411487024e+00 3.680606675092709335e+00 3.657972654928945744e+00 3.576337269641804983e+00 3.613444794207369526e+00
3.632629394957631153e+00 2.636435539151067875e+00 2.687411598302686944e+00 2.736131671074878646e+00 2.782628053064716944e+00 2.826994975016432043e+00 2.869340051788088708e+00 2.909803197944685227e+00 2.948497294925155998e+00 2.985530591273918510e+00 3.021065062755760700e+00 3.055194872827512675e+00 3.482670232920984876e+00 3.119571767875500168e+00 3.150069301524633048e+00 3.179496395418760279e+00 3.208011660424991529e+00 3.235644409563739110e+00 3.262506854735147233e+00 3.288691100941825152e+00 3.314230477111095308e+00
3.743267317810326844e+00 3.772293204982221759e+00 2.684089705103301693e+00 2.736016500284125019e+00 2.786039157780362707e+00 2.834266279316941528e+00 2.880831928049465862e+00 2.925870969090262452e+00 2.969561989606532837e+00 3.011965718353823984e+00 3.053286793840687352e+00 3.093580819798917414e+00 3.133006572351565211e+00 3.171648222842761822e+00 3.209623287910186473e+00 3.247051183408980357e+00 3.284004843907144533e+00 3.482767267560111790e+00 3.357065924382090394e+00 3.447450996946543889e+00 3.429708131837980734e+00
3.854758217174324653e+00 2.703602029781215776e+00 2.765349462174982786e+00 2.824399991526799880e+00 2.880831928049465862e+00 2.934805394451819982e+00 2.986505163875789126e+00 3.036144238033708476e+00 3.083823941687692916e+00 3.129716308603937236e+00 3.173953829551626082e+00 3.216670745778118956e+00 3.742748424926704676e+00 3.298153034300791653e+00 3.337133958118968735e+00 3.375097292345416999e+00 3.412113699984680615e+00 3.448372930976241424e+00 3.483932105131134715e+00 3.518871708975233936e+00 3.553338396259936971e+00
3.216050143011591089e+00 2.563207997208950761e+00 2.606129334450916435e+00 2.647622864012364907e+00 2.687579249131704984e+00 2.726109841256526778e+00 2.763272564954618371e+00 2.799179840306790013e+00 3.455854909387484408e+00 3.397375007800095492e+00 2.900334599576975592e+00 2.932162330091664604e+00 2.963234723466702469e+00 2.993574258046100667e+00 3.294960769373339371e+00 3.052503052503052317e+00 3.081254070406655110e+00 3.109603145536337543e+00 3.137659584852773964e+00 3.165493369667691681e+00 3.193224809968414846e+00
3.892618366329533508e+00 2.688505604500144752e+00 2.750216844020393570e+00 2.809462268921727901e+00 2.866371174093597762e+00 2.921088870651402658e+00 2.973809237217930779e+00 3.024720213380262201e+00 3.073978076947259996e+00 3.121726522882255495e+00 3.168143960461563324e+00 3.213367609254498269e+00 3.257513525762683049e+00 3.300693145560567920e+00 3.343107278919619230e+00 3.384772667615323360e+00 3.665106115194976422e+00 3.644953491795348999e+00 3.625319780565549266e+00 3.606002607417269967e+00 3.586775348304017896e+00
3.865081063173368747e+00 3.898128898128897735e+00 2.760067345643233860e+00 2.818973756041885714e+00 2.875336624775583161e+00 2.929340131262336389e+00 2.981112522801962150e+00 3.030879730463160726e+00 3.078775605150449568e+00 3.124933417611839737e+00 3.169528429291954552e+00 3.212716771079961564e+00 3.254577181951638032e+00 3.295262534267224819e+00 3.334884981206533539e+00 3.373534620899046654e+00 3.642636719152709368e+00 3.448470005348647227e+00 3.484951977361751663e+00 3.520903604701111078e+00 3.556435754034113828e+00
3.806123013895808871e+00 2.661772740645269586e+00 2.719210174029451199e+00 2.774339493789747646e+00 2.827196248793269362e+00 2.877980640315594751e+00 2.926829268292682862e+00 2.973914521199762184e+00 3.019365109863715979e+00 3.063341548658395030e+00 3.105940817709509805e+00 3.147337352599700822e+00 3.187623520411415612e+00 3.226913834534843595e+00 3.265362837391878603e+00 3.302997294353280378e+00 3.563592660396606604e+00 3.543192207756117096e+00 3.523072672008841888e+00 3.503093231323258561e+00 3.483106931382792926e+00
3.781654164288808406e+00 2.645576317914728470e+00 2.701492218991490279e+00 2.755257375479586823e+00 2.806997845629152888e+00 2.856844232310211229e+00 2.904917103585092697e+00 2.951391272118275122e+00 2.996411274868471253e+00 3.040093889411282113e+00 3.082592940177145913e+00 3.124023742580443574e+00 3.164513421664533865e+00 3.204145886155302936e+00 3.243090806542583415e+00 3.281435453466452490e+00 3.319226620197493371e+00 3.522634654436446855e+00 3.393881115172769913e+00 3.486083009788374376e+00 3.467839258714680017e+00
3.967397735103117551e+00 2.734107997265892376e+00 2.800787021152943979e+00 2.864528750087332654e+00 2.925483749634314012e+00 2.983852500537787389e+00 3.039814500622100901e+00 3.093580819798917414e+00 3.145291498626556326e+00 3.195154478773060802e+00 3.243280543767036228e+00 3.289842087579796459e+00 3.334977662597530035e+00 3.378797699659361609e+00 3.421429319554516013e+00 3.463011573384678243e+00 3.503633267698603060e+00 3.728298488983933456e+00 3.582391492171420389e+00 3.620766488413547535e+00 3.658528167215445936e+00
3.502185363666928453e+00 2.596837473066583968e+00 2.644987053484421757e+00 2.691325650403698422e+00 2.735901339188629766e+00 2.778787166278348764e+00 2.820156553080849005e+00 2.860032785741689842e+00 2.898612201036430580e+00 2.935954255036558713e+00 2.972209838014563399e+00 3.007476727026025198e+00 3.041825095057034023e+00 3.075353141403339485e+00 3.108185579400327025e+00 3.385661378586036996e+00 3.172041898536033244e+00 3.349616189811583489e+00 3.331575002082233894e+00 3.264705065155177444e+00 3.295119104825976475e+00
3.584105868973360032e+00 2.603287177755262416e+00 2.650780585124935307e+00 2.696354953842659885e+00 2.739976253539135875e+00 2.781795927450762207e+00 2.821909303834974736e+00 2.860431855443541060e+00 2.897485547907449277e+00 2.933186208437799092e+00 2.967610649482787633e+00 3.000907251029381051e+00 3.033167332082446155e+00 3.396951063107031654e+00 3.094889306125817363e+00 3.124522642374081283e+00 3.153490914442287352e+00 3.181853535746356876e+00 3.209690474196879695e+00 3.237048362880008856e+00 3.264070226123673812e+00
3.745734025138036660e+00 2.640895334894078683e+00 2.695303079738413654e+00 2.747504350215220992e+00 2.797613635568859891e+00 2.845780063887762168e+00 2.892103867844625142e+00 2.936713817238509883e+00 2.979822345829667540e+00 3.021479975828159859e+00 3.061870663799641790e+00 3.101074349980359912e+00 3.139213661857855886e+00 3.176422657560921792e+00 3.212784086940730699e+00 3.517336953845504599e+00 3.283330939237856239e+00 3.477390010153978750e+00 3.457742923729106632e+00 3.438138072818361035e+00 3.418517200722772209e+00
3.767071683949535288e+00 3.796323778101423407e+00 2.694443065708957086e+00 2.747465639067552701e+00 2.798474831216986480e+00 2.847643930602917095e+00 2.895112203250998828e+00 2.940991114005419682e+00 2.985426950768227172e+00 3.028552915158259307e+00 3.070524361819424453e+00 3.111473732247313606e+00 3.151459125575140963e+00 3.583611867268530204e+00 3.229130882858124441e+00 3.266997073604748891e+00 3.304390621155130159e+00 3.505732904396601679e+00 3.487561032318065468e+00 3.469427405700962641e+00 3.451287541556319116e+00
3.931088704671788836e+00 2.722784692217850910e+00 2.787747848207129397e+00 2.849874188480947090e+00 2.909287011807447865e+00 2.966185485465690608e+00 3.020712476229052257e+00 3.073119285918827437e+00 3.123481640869021803e+00 3.172041898536033244e+00 3.218944186306890831e+00 3.264274254599501379e+00 3.308245802663137169e+00 3.350902300254807731e+00 3.392435561032685065e+00 3.739146089822598107e+00 3.472511598188737558e+00 3.511285270860545982e+00 3.549307537058945972e+00 3.586750123074758712e+00 3.623642876057477036e+00
3.567850918721611198e+00 2.591417505375440022e+00 2.638033310517910124e+00 2.682864749220937650e+00 2.725976458746889097e+00 2.767449121512304711e+00 2.807372159290296043e+00 2.845858581651846908e+00 2.883060262991350875e+00 2.919058673079328869e+00 2.953960416930412780e+00 2.987877753115929291e+00 3.020935787550934393e+00 3.053196625862705016e+00 3.084753605305775803e+00 3.115696185003115737e+00 3.146149113485093629e+00 3.176159470824213127e+00 3.205820655241865325e+00 3.235288043889779530e+00 3.264637034876048283e+00
3.931468299950339418e+00 2.711341971573719700e+00 2.775642668033136307e+00 2.837221508976259798e+00 2.896252111850497801e+00 2.952931643066104339e+00 3.007434658236523894e+00 3.059954239775231954e+00 3.110661793296523925e+00 3.159690771596486591e+00 3.207228814859230503e+00 3.253428213452579598e+00 3.298430789096931548e+00 3.342315807064819566e+00 3.385287127618415770e+00 3.427412303710698271e+00 3.468825663759790068e+00 3.691752351782979336e+00 3.549974593319086935e+00 3.589931298569658757e+00 3.629565205481328327e+00
3.668251628219236782e+00 2.652057089018389657e+00 2.705045951101092694e+00 2.755657930995498717e+00 2.803928303553277601e+00 2.849933617399887265e+00 2.893824860072980787e+00 2.935707994911438856e+00 2.975726573238298478e+00 3.013987642650664878e+00 3.050640634533251738e+00 3.085763657932812265e+00 3.526385662130766097e+00 3.151922672830426375e+00 3.183136450449175925e+00 3.213210486242569441e+00 3.242273730684326782e+00 3.270406991712649702e+00 3.297677198623219397e+00 3.324138906570478724e+00 3.349896711518061565e+00
3.328871720541219048e+00 2.653927813163481808e+00 2.707825616030327343e+00 2.759343828037692070e+00 2.808495699490960007e+00 2.855391815472044570e+00 2.900211503229138010e+00 2.943072567760742331e+00 2.984100987529233251e+00 3.023452370317943672e+00 3.061210291232415504e+00 3.097488281169335611e+00 3.132417739229703457e+00 3.166115528037712235e+00 3.198642662939553016e+00 3.230132926991973630e+00 3.461908619460080327e+00 3.290285432261248477e+00 3.319115279229400528e+00 3.347256992629060957e+00 3.374748615664342921e+00
3.961694512370049992e+00 2.744877372603378607e+00 2.812148481439819658e+00 2.876385575978672282e+00 2.937699781071420269e+00 2.996285998982656018e+00 3.052312473552406313e+00 3.105962742565101298e+00 3.157407277472951357e+00 3.206790207690837224e+00 3.254284230569499226e+00 3.300028787485167481e+00 3.344116402549718092e+00 3.386714403212540248e+00 3.427915827177075769e+00 3.780585990828578158e+00 3.506552440147962635e+00 3.544251016366100071e+00 3.580932587188687233e+00 3.616711991486816213e+00 3.651685393258426782e+00
3.728740997507267618e+00 3.696909244365700342e+00 2.716785555060187374e+00 2.769984729571361992e+00 2.820854577894372994e+00 2.869581041167989621e+00 2.916260642573137218e+00 2.961065432659862662e+00 3.004135926671138268e+00 3.045636088018882415e+00 3.085640550927094328e+00 3.124312118780665504e+00 3.161794524596698963e+00 3.198153414028769514e+00 3.233529638395068240e+00 3.268019302173580165e+00 3.301737539380098507e+00 3.334769136711639881e+00 3.367234744365035670e+00 3.399236906000693725e+00 3.430931909725319251e+00
3.646446091078591412e+00 2.629428277013821980e+00 2.680473456258905429e+00 2.729353143305035978e+00 2.776116853164772635e+00 2.820854577894372994e+00 2.863748437161675486e+00 2.904896521917798680e+00 2.944439118585573389e+00 2.982465875041615533e+00 3.019154075155872530e+00 3.515358601730962373e+00 3.088856093626660027e+00 3.122073056509522271e+00 3.154375118289066915e+00 3.185773045528236480e+00 3.216445827360766341e+00 3.246439277770870380e+00 3.275854858720046892e+00 3.304783674368648949e+00 3.333287037680032316e+00
3.898391217481500082e+00 3.931921586249508493e+00 2.750313817858704546e+00 2.809679345344712420e+00 2.866711881471951440e+00 2.921556215610848550e+00 2.974419988102319223e+00 3.025468947686891230e+00 3.074880324260106601e+00 3.122766354621347329e+00 3.169331891057660666e+00 3.214692542612147097e+00 3.258967474087666627e+00 3.302301071491305251e+00 3.344854498829301193e+00 3.386644181192375314e+00 3.427897601842837982e+00 3.647776233017192560e+00 3.627975110721693319e+00 3.608479927830401390e+00 3.589148105140926859e+00
3.801020055564001687e+00 3.832699195830023164e+00 2.718812088256822967e+00 2.773944834061197184e+00 2.826903850794635797e+00 2.877778635652167516e+00 2.926768081503522190e+00 2.974019812636751858e+00 3.019717381905029807e+00 3.063938832639304444e+00 3.106861928231489323e+00 3.148614609571787959e+00 3.189317911209389234e+00 3.229086512036934753e+00 3.268019302173580165e+00 3.587419196832032586e+00 3.567606136282554186e+00 3.548221019383026142e+00 3.417921066949400899e+00 3.454499309100138138e+00 3.490888780283460502e+00
3.573781060361862938e+00 2.609746717213340172e+00 2.657416990685053548e+00 2.703048754463587056e+00 2.746705669887179013e+00 2.788447462164253210e+00 2.828354251369984418e+00 2.866611665011955523e+00 2.903312608874222267e+00 2.938563042672133196e+00 3.460638695477637583e+00 3.005143687800514218e+00 3.036681735049517883e+00 3.067206680933824980e+00 3.096763538017933470e+00 3.125466156173860810e+00 3.153402521320504803e+00 3.180595601097996550e+00 3.207228814859230503e+00 3.233307191700719674e+00 3.258898209022897063e+00
3.730982353835311294e+00 3.760210014692671798e+00 2.699496330816171241e+00 2.751258700855641059e+00 2.800747799662509863e+00 2.848171612759808458e+00 2.893579781640589044e+00 2.937186175643732966e+00 2.979082584425072344e+00 3.019447990008371274e+00 3.058316535761450794e+00 3.095888097717486076e+00 3.132243312660527579e+00 3.167455087552589532e+00 3.201670436749608051e+00 3.234954022355596592e+00 3.476229542389142946e+00 3.299055908468746967e+00 3.330072637209399389e+00 3.411781088984820798e+00 3.390346507251189578e+00
3.731962182783214121e+00 3.761789791186468168e+00 2.700980663748684396e+00 2.753190259212862312e+00 2.803201255834162353e+00 2.851182197496522797e+00 2.897251060600834816e+00 2.941588457767194242e+00 2.984287379934484452e+00 3.025510554906140293e+00 3.065368993792627617e+00 3.104004856043152127e+00 3.578063717057730742e+00 3.178002694393588623e+00 3.213614547893335782e+00 3.248413806449828911e+00 3.493054984794936590e+00 3.473259376063685622e+00 3.348985187717596901e+00 3.381543815649503237e+00 3.413801511826383361e+00
3.786656942905628043e+00 2.670208205971428495e+00 2.727768685215493427e+00 2.782871780966583497e+00 2.835632558733039321e+00 2.886161542584626094e+00 2.934661850094677060e+00 2.981245883454084922e+00 3.026123184326089621e+00 3.069367710251688308e+00 3.111151056754308808e+00 3.151613626176601901e+00 3.190854732869965460e+00 3.228999220828448813e+00 3.266179751075406923e+00 3.577423704559838935e+00 3.337946189525803131e+00 3.372774141147155902e+00 3.407060263247554399e+00 3.440872054613521858e+00 3.474297149686618180e+00
3.668429358509371241e+00 2.634224117015008026e+00 2.686233758889313261e+00 2.736054889470397988e+00 2.783770617301134287e+00 2.829494652255107212e+00 2.873361833345013494e+00 2.915472132945528649e+00 2.955997860420596091e+00 2.995033816021341444e+00 3.032760870331840053e+00 3.540167012584946704e+00 3.104583054495781536e+00 3.138950892857142794e+00 3.172391914538520208e+00 3.204994217075651353e+00 3.236892307904215116e+00 3.268178373003455928e+00 3.298946398993821028e+00 3.329241141097400991e+00 3.359250887052187551e+00
3.884464914957965309e+00 2.699227878762048949e+00 2.761172393798406954e+00 2.820466959261450413e+00 2.877172791769882387e+00 2.931486961862750373e+00 2.983604054926069171e+00 3.033680913208505192e+00 3.081854043392504572e+00 3.128302096657582965e+00 3.173170490924732245e+00 3.216580774636561557e+00 3.258667346736374260e+00 3.299558684026010713e+00 3.699897225077081409e+00 3.378140615103103261e+00 3.650841760119030610e+00 3.627839482056147702e+00 3.605327564809229113e+00 3.583045870012715906e+00 3.560905447487117126e+00
3.536975261978902996e+00 2.600871643469703010e+00 2.647161267850922872e+00 2.691446865172677505e+00 2.733791769183857578e+00 2.774260552860333462e+00 2.812958821027210288e+00 2.849993048797441642e+00 2.885474801359691810e+00 2.919525368590077274e+00 2.952237022458088500e+00 2.983707568902827401e+00 3.014075029439802211e+00 3.043364403960620024e+00 3.071724773460298152e+00 3.099194898036487622e+00 3.125868296749096498e+00 3.151812292067938781e+00 3.177124702144558999e+00 3.201826433165352981e+00 3.226032681113682354e+00
3.879325274496900011e+00 3.913921199719845756e+00 2.770338904792685852e+00 2.830084488375945728e+00 2.887133694912457305e+00 2.941732680548842627e+00 2.993991129430932485e+00 3.044118479922976572e+00 3.092254604999613576e+00 3.138556821827616083e+00 3.183192742320547275e+00 3.226236314796501858e+00 3.267882968072088001e+00 3.308200201248845840e+00 3.347350362978304794e+00 3.385427462034849011e+00 3.655047831924031154e+00 3.458723592645370548e+00 3.494155853053618088e+00 3.528923332410738745e+00 3.563034883481907222e+00
3.654743926574124835e+00 2.626377120108372321e+00 2.677281854369957692e+00 2.726014566703479414e+00 2.772643253234750471e+00 2.817298211015635712e+00 2.860112590773694841e+00 2.901176037701135968e+00 2.940661648870995570e+00 2.978660028510031754e+00 3.015288885233993188e+00 3.050682936975663395e+00 3.084904998948327481e+00 3.118114164553277501e+00 3.150333935397151564e+00 3.181739581532076588e+00 3.409217410664588055e+00 3.242273730684326782e+00 3.271613531950438691e+00 3.300443497094921685e+00 3.328825548736086493e+00
3.811054830685227213e+00 3.844226452396805715e+00 2.753420595586054898e+00 2.810705979074293648e+00 2.865469692416290126e+00 2.917801367198354257e+00 2.967904235623330500e+00 3.015935360790034547e+00 3.062019819619195893e+00 3.106313582356138969e+00 3.149011210479909284e+00 3.190177090274922467e+00 3.229974160206718015e+00 3.268496561124362820e+00 3.305876194936499424e+00 3.342222717366328588e+00 3.377656457872352025e+00 3.412256267409471189e+00 3.446160632439398963e+00 3.479422694186580234e+00 3.512203184397554079e+00
3.792109654021704745e+00 2.677130961019563937e+00 2.735344863863990117e+00 2.791015720396044841e+00 2.844279183345010953e+00 2.895234867101657894e+00 2.944124718730942281e+00 2.991033854329695263e+00 3.036122800576157132e+00 3.079555175363558828e+00 3.121488325633662075e+00 3.161977571039096269e+00 3.201247094520299985e+00 3.632923886817284398e+00 3.276380087974290589e+00 3.312471808750563795e+00 3.347747245082995704e+00 3.382282476958200057e+00 3.416229180174715996e+00 3.449586753586866728e+00 3.482597460489931684e+00
3.842929010620458552e+00 2.702066041265398066e+00 2.763331302166735171e+00 2.821889396045121678e+00 2.877816148659759765e+00 2.931302824519650407e+00 2.982486561470434783e+00 3.031520765917246507e+00 3.078607101320379957e+00 3.123850249560925274e+00 3.167408074778985227e+00 3.209439850317187926e+00 3.729256013425321203e+00 3.289312533680460504e+00 3.327394857788530391e+00 3.364437212048804859e+00 3.400487171835638200e+00 3.435670505455844292e+00 3.470077521531830467e+00 3.503854239663629411e+00 3.536999791941188409e+00
3.869460970267338151e+00 3.902982994145525186e+00 2.756885143923542003e+00 2.815914725860399148e+00 2.872455949837110278e+00 2.926747686475638321e+00 2.978912073599911281e+00 3.029150288121503554e+00 3.077590246836726884e+00 3.124435865746462593e+00 3.169795372098756392e+00 3.213861524488227150e+00 3.256697016311201232e+00 3.720263725361864893e+00 3.695744418741530701e+00 3.379401141955969301e+00 3.418755712461713170e+00 3.457546271142188932e+00 3.495856381994283169e+00 3.533838233358046921e+00 3.571575751748011562e+00
3.912171744339576041e+00 2.716369259058046381e+00 2.780471111618091573e+00 2.841736585227232048e+00 2.900375634015039505e+00 2.956525326421022726e+00 3.010340168439033626e+00 3.062083747990506755e+00 3.111849782524134245e+00 3.159839809860073956e+00 3.206177690460598306e+00 3.250997779637686769e+00 3.294477194507334783e+00 3.336716393009578230e+00 3.377842730399895022e+00 3.417992592024218901e+00 3.696445135687433492e+00 3.495688650664180663e+00 3.533519940138015514e+00 3.570741890295821896e+00 3.607503607503607324e+00
3.792005074392245323e+00 2.674229575571616113e+00 2.732240437158469870e+00 2.787864426152956376e+00 2.841131054272705736e+00 2.892191787586148699e+00 2.941238261308010138e+00 2.988373143560055123e+00 3.033745123078333439e+00 3.077575417695374238e+00 3.119908482684507600e+00 3.693570451436388069e+00 3.200801592050877886e+00 3.239591949269368776e+00 3.277385343811668683e+00 3.314387261469895485e+00 3.350644999162339044e+00 3.386267275254146725e+00 3.421405429560942846e+00 3.456131812635335532e+00 3.490596333477610891e+00
