5.001644376233281619e+00 5.465563533760102288e+00 6.103018960045567987e+00 6.690274098502459132e+00 7.218888972125553138e+00 7.830536391742835001e+00 8.460408671580470497e+00 8.931169103567729195e+00 9.331890722207193178e+00 9.691096305269534028e+00 1.002078135193118413e+01 1.032709207986284561e+01 1.058531355598680967e+01 1.078382832687886150e+01 1.082418432039585454e+01 1.084694285694916083e+01 1.093235437024240042e+01 1.105381997101742186e+01 1.119579146152289617e+01 1.133526752580797492e+01 1.931265716680636757e+01
4.859659962650042075e+00 5.321326238231682382e+00 5.935689870438218385e+00 6.521589894968077061e+00 7.013482227972217764e+00 7.533186741591334723e+00 8.302564344873671232e+00 8.815053398881165236e+00 9.228472552079800550e+00 9.594055768000762541e+00 9.927785559831907136e+00 1.023727580702735018e+01 1.051127941136835098e+01 1.071542410699147396e+01 1.085459590374687089e+01 1.076730507813025639e+01 1.082382047248329293e+01 1.094809118002851633e+01 1.110825126322491307e+01 2.260030983214072364e+01 2.300083822296730673e+01
4.796031626402838199e+00 5.258126195028681060e+00 5.856834449082996663e+00 6.435224386113461925e+00 6.927653562987313052e+00 7.449629568878318508e+00 8.141885932178089647e+00 8.647713760674522021e+00 9.052237536157901943e+00 9.406892071140466882e+00 9.729006627885764757e+00 1.002671547680733255e+01 1.030497332830432455e+01 1.055566081143259183e+01 1.075625249457113419e+01 1.090593296217256736e+01 1.092243712814528855e+01 1.091740070929199646e+01 1.099093753371453097e+01 1.110576890520142790e+01 1.124607911548910089e+01
4.697267986046351318e+00 5.129573014342286186e+00 5.624026940460758794e+00 6.228653173533015064e+00 6.690515852426335286e+00 7.138243991977972769e+00 7.654685615965099998e+00 8.328819068255686631e+00 8.777319406653207423e+00 9.148200853832078039e+00 9.478352120781286416e+00 9.780841692018158895e+00 1.006207210698430110e+01 1.032538550370219355e+01 1.055030670282626559e+01 1.072218678320824026e+01 1.084825248802312458e+01 1.080336524827483480e+01 1.081366035644527912e+01 1.089493116690093011e+01 1.101403444757522188e+01
4.811128828283939285e+00 5.235097193712372921e+00 5.777126704768192234e+00 6.341932448190503280e+00 6.835690507276591887e+00 7.335561170429537370e+00 7.886060029232807800e+00 8.372381942662688203e+00 8.773350610085303813e+00 9.122224188870886152e+00 9.435933382310320638e+00 9.723619617402578186e+00 9.990549480221412537e+00 1.024055122649251004e+01 1.047332680158113405e+01 1.067733499124863883e+01 1.083959432818226709e+01 1.092667660409682995e+01 1.092365578346886679e+01 1.097360238980674119e+01 1.105531025649668031e+01
4.785997538629835901e+00 5.172520810775394828e+00 5.665374324250532112e+00 6.215337540638745217e+00 6.696184541379687438e+00 7.165212218714723136e+00 7.664654412263447014e+00 8.156440529352989799e+00 8.569789803974492415e+00 8.925311371658077420e+00 9.242206984662013625e+00 9.531213032750869729e+00 9.798422791807166021e+00 1.004806778372213039e+01 1.028298504231583621e+01 1.050137325650277198e+01 1.069331701313462091e+01 1.084878154622258783e+01 1.094616782772623687e+01 1.095533181885392437e+01 1.100696882934471255e+01
4.046611477287535230e+00 5.037543312661251882e+00 5.478401402470758796e+00 6.009574344580797423e+00 6.468569560954351871e+00 6.894687035284573717e+00 7.328542637868208587e+00 7.826468306176836975e+00 8.310193161319091359e+00 8.698935897608802037e+00 9.032571182053493075e+00 9.331764514951107259e+00 9.606667839311565871e+00 9.862799008315825233e+00 1.010271089408991152e+01 1.032625568618981227e+01 1.051824406397806655e+01 1.067142152790441578e+01 1.079403629494704120e+01 1.082155925141863939e+01 1.082440264088531379e+01
4.691628892154630748e+00 5.128240193095336963e+00 5.631280064590104217e+00 6.239741728951043953e+00 6.701097220059970994e+00 7.151029748283752596e+00 7.687963914194159365e+00 8.373343057215594243e+00 8.816009873931058394e+00 9.184845005740529089e+00 9.514170040485829816e+00 9.816200115086482825e+00 1.009731370795044825e+01 1.036051897397004318e+01 1.058646289987649070e+01 1.076062019071338050e+01 1.088897305486419320e+01 1.085371230878811488e+01 1.086076632487857374e+01 1.094158409823110922e+01 1.106060401688765182e+01
4.827386452974359976e+00 5.270038122223819066e+00 5.838072474518529731e+00 6.408552008126589428e+00 6.912032411272772237e+00 7.435798638572868491e+00 8.012657282351103305e+00 8.492482454531248948e+00 8.889552400857740011e+00 9.237221282018435176e+00 9.551098376313277072e+00 9.839647672753676133e+00 1.010793099471538170e+01 1.035941798906206834e+01 1.058900497076220582e+01 1.078346264445770686e+01 1.092225645727846839e+01 1.093124784917576875e+01 1.096253789519272281e+01 1.103954595634299807e+01 1.114640058552176605e+01
4.075429992401740087e+00 5.057650379665511231e+00 5.518763796909492036e+00 6.057429880144560741e+00 6.522403777558854365e+00 6.964212063638022698e+00 7.424857071501373085e+00 7.931343040754899931e+00 8.376227725313770023e+00 8.746414986880376219e+00 9.070356180703155857e+00 9.362665193786961382e+00 9.631445659787704727e+00 9.881489803791515314e+00 1.011609749473826980e+01 1.033755844436636906e+01 1.054296257248286572e+01 1.072346280172384603e+01 1.086919831223628563e+01 1.097702278748619342e+01 1.097085274677646538e+01
4.010510302862674514e+00 4.930932699617167181e+00 5.342319388509904066e+00 5.834186978908734389e+00 6.288104546572982123e+00 6.698059592433221354e+00 7.103618109490432708e+00 7.541324419623748554e+00 8.035491211603517314e+00 8.454057271165577703e+00 8.801148211335878102e+00 9.106055189439674180e+00 9.382382720215998617e+00 9.637222592884629790e+00 9.875006763703263246e+00 1.009849397793142423e+01 1.030990357207835473e+01 1.050561646418662143e+01 1.067452167333261137e+01 1.080263584314572611e+01 1.090387760733925049e+01
5.037611899656217140e+00 5.542137349216232245e+00 6.259951281248723021e+00 6.844998068490642851e+00 7.412444746684801800e+00 8.185686549090441133e+00 8.769917832615997000e+00 9.228820866566071146e+00 9.629889020579676995e+00 9.993517718236820002e+00 1.032904419210671776e+01 1.062327707927116371e+01 1.083937402614998824e+01 1.089654337429626452e+01 1.091399635296270887e+01 1.102938688788594312e+01 1.119330020296285255e+01 1.138550787497627859e+01 1.160014567624802773e+01 1.183384209889326755e+01 1.206524669722297105e+01
4.334216229231880213e+00 5.078336776079661163e+00 5.527538743952121081e+00 6.081602809837163726e+00 6.545841345170395620e+00 6.982056791914371452e+00 7.436049970255800723e+00 7.995825907831165758e+00 8.493751996031717155e+00 8.885150945827708924e+00 9.223465581553067949e+00 9.528894175210005812e+00 9.810621181469429075e+00 1.007362535578827867e+01 1.032096167078156057e+01 1.053726544452399772e+01 1.070173785453713222e+01 1.082514681605369233e+01 1.085349143252519966e+01 1.086677735930560296e+01 1.094202751717290489e+01
4.783196423000935837e+00 5.258018478179222299e+00 5.872953002717947513e+00 6.441709382966474884e+00 6.939011531004456224e+00 7.481059317999427805e+00 8.156606851549755177e+00 8.643450897770934560e+00 9.040432321569527474e+00 9.389288047028085060e+00 9.705400651070625884e+00 9.996555241099349232e+00 1.026777270393687935e+01 1.051917203936206313e+01 1.073598919648885897e+01 1.090152957881065809e+01 1.100719181551136039e+01 1.095001520835445596e+01 1.099368031996331041e+01 1.108640001075044879e+01 1.120811305340058261e+01
4.914208985388879292e+00 5.389792562086263672e+00 6.044265757536655848e+00 6.622742634759156921e+00 7.127974558613883183e+00 7.694140877676779233e+00 8.502368516944006416e+00 9.003093544172694251e+00 9.421046210570548141e+00 9.794319294809008980e+00 1.013616244889684559e+01 1.045284418518393466e+01 1.070973912692051222e+01 1.089081451116477517e+01 1.087823137525168526e+01 1.092733993470577047e+01 1.105963435769824521e+01 1.123184973679580878e+01 1.142526866183220946e+01 1.163128816516429076e+01 1.184745888931765201e+01
4.440990340846008522e+00 4.842846229400850078e+00 5.267154163445949777e+00 5.811806856564605717e+00 6.245205786318925867e+00 6.641996394344813481e+00 7.037345296820337381e+00 7.485539299081319875e+00 8.112548083748539085e+00 8.540230586225828091e+00 8.882620576488855946e+00 9.182798457830024574e+00 9.455115217332577870e+00 9.706497244169314698e+00 9.941030080069248598e+00 1.016170662475527209e+01 1.037035028738748466e+01 1.056409561860906088e+01 1.073340398358740089e+01 1.086351353186404189e+01 1.094269271297722312e+01
4.968791902911166680e+00 5.481441893290028844e+00 6.200768622747962588e+00 6.774012179673898792e+00 7.327051065475340685e+00 8.092579104960751835e+00 8.677377804894582880e+00 9.129023532593995682e+00 9.521866285792013329e+00 9.877345023780046418e+00 1.020511607474740678e+01 1.050406022327861244e+01 1.074084832436010828e+01 1.091111171351893461e+01 1.086545729402872418e+01 1.090579022949575716e+01 1.102106097872397505e+01 1.117613590181256633e+01 1.135856557543304568e+01 2.311526813711038741e+01 1.178792512309961715e+01
4.960823088893872246e+00 5.425788774043026841e+00 6.059987062948966496e+00 6.644108661999807097e+00 7.164388931694985807e+00 7.759051101785256144e+00 8.410600069183967520e+00 8.885994722668781876e+00 9.287191133105105578e+00 9.645756206908263408e+00 9.974351667141634792e+00 1.027978601813841131e+01 1.054360388491250866e+01 1.074651076340779277e+01 1.083175790684688167e+01 1.082149242495530217e+01 1.089156172893457430e+01 1.100726614624132083e+01 1.115096798463047278e+01 1.131329006733778719e+01 1.145490809120802034e+01
4.884055279251019677e+00 5.372196815251529145e+00 6.034061940662796886e+00 6.607089338746151341e+00 7.133491402444408713e+00 7.776575601839328833e+00 8.431077626617922149e+00 8.900816582491014373e+00 9.297812992683025968e+00 9.652115988526217549e+00 9.976474394839197402e+00 1.027721433400946616e+01 1.055251907570755954e+01 1.077477356139937292e+01 1.092881429111123026e+01 1.092616073596460424e+01 1.094712941939669015e+01 1.104807607583182438e+01 1.118967853266914325e+01 1.135577162132197238e+01 1.154243363100662201e+01
4.843385664962256421e+00 5.318931303956466294e+00 5.934799069532651572e+00 6.505289827781011169e+00 7.014676337385500560e+00 7.574835314964357913e+00 8.186240350722890469e+00 8.653852654636908781e+00 9.044215414312809287e+00 9.389415815042115199e+00 9.702980971376204522e+00 9.992303225893566676e+00 1.026194977045638623e+01 1.050669378071513194e+01 1.071113822791675041e+01 1.086817110956601518e+01 1.088936539198354403e+01 1.088176054719710173e+01 1.093161666464229320e+01 1.101758110350480102e+01 1.113555684533048939e+01
5.078511035467222712e+00 5.593031900744144913e+00 6.341327042009585746e+00 6.927888827760458668e+00 7.512173135103018318e+00 8.358817533129460742e+00 8.932075624906957501e+00 9.394657299240256165e+00 9.802927356927966684e+00 1.017431087573191029e+01 1.051567514026553596e+01 1.078397460679186892e+01 1.095790952665864459e+01 1.091458826241110636e+01 1.102343151357091777e+01 1.119609350761469280e+01 1.140058554486703812e+01 1.162415674469857940e+01 1.186279598012981573e+01 1.210997753903607332e+01 1.983846779779557323e+01
4.637705235761552025e+00 5.054176619240488222e+00 5.548173212597776960e+00 6.104923281464096796e+00 6.566654932437921310e+00 7.014150879152308171e+00 7.506238292635095455e+00 8.056807319404613921e+00 8.491270973439304370e+00 8.851231740111620283e+00 9.167941864462763490e+00 9.454946161223837464e+00 9.719560104944060086e+00 9.966128630398038979e+00 1.019767276951233548e+01 1.041582122663203869e+01 1.061427586300147219e+01 1.078646197263359241e+01 1.091762280630374171e+01 1.097125933903210537e+01 1.094979317057344304e+01
4.601837987829167531e+00 4.983319721487797338e+00 5.423477478838139909e+00 5.947213354570125787e+00 6.400610100707470274e+00 6.820165866433872459e+00 7.244544379668801604e+00 7.722113262216998564e+00 8.198345300640152544e+00 8.584967519079581777e+00 8.915545469281891400e+00 9.210597605244622343e+00 9.480213440234026123e+00 9.730189941416146127e+00 9.964048635329284309e+00 1.018440563808696098e+01 1.038809375084870013e+01 1.056420953470376389e+01 1.070317864210993797e+01 1.081446434606285756e+01 1.081819349691343390e+01
4.823295137429458812e+00 5.277768257993762369e+00 5.859508073857054633e+00 6.430692188761338635e+00 6.933634243995948410e+00 7.463749923666194164e+00 8.055235903337170100e+00 8.533347781329576165e+00 8.928449721241531023e+00 9.274993399183529164e+00 9.588314496715492297e+00 9.876543209876542662e+00 1.014473150277289371e+01 1.039571210627927833e+01 1.061958874458874469e+01 1.080336524827483480e+01 1.093597056738785511e+01 1.091444027903003722e+01 1.094572407316067952e+01 1.102017229098630402e+01 1.112414546337122268e+01
4.813444638510308238e+00 5.300857651584141017e+00 5.957802324227710500e+00 6.520560356365781907e+00 7.028926736955933841e+00 7.627037849175326123e+00 8.342433141841709698e+00 8.819179680610014671e+00 9.215777953961767466e+00 9.567894995721397677e+00 9.889387873984812671e+00 1.018599629229734838e+01 1.046174330686195120e+01 1.070144974356903234e+01 1.087433723953935782e+01 1.098297638660076636e+01 1.088764759186875430e+01 1.094069736815446703e+01 1.105560836181500584e+01 1.120274264735655834e+01 1.136901942207484417e+01
5.031325168342625886e+00 5.528934758569848285e+00 6.246439186452777292e+00 6.827045916953379923e+00 7.379424269504696987e+00 8.173908344141807447e+00 8.784377322792078502e+00 9.252568094173582836e+00 9.660981201907702598e+00 1.003103562027481033e+01 1.037218637606584259e+01 1.065721771949116814e+01 1.085113597829772836e+01 1.082251082251082153e+01 1.088080450370690677e+01 1.102735995589056017e+01 1.121674673802139210e+01 1.143079995427679840e+01 1.166452030503057635e+01 1.191491666328174581e+01 1.216684031862333093e+01
4.514827102643909740e+00 4.929784801199580180e+00 5.366993668306204057e+00 5.946806838144322427e+00 6.383527781927824662e+00 6.789373272953172389e+00 7.199424046076313033e+00 7.735998859958063356e+00 8.383986585621462595e+00 8.786811671589534356e+00 9.124765966650668858e+00 9.427691639875744656e+00 9.706233709817549737e+00 9.965831435079724798e+00 1.020980817731258661e+01 1.043247344461304849e+01 1.060696140957734279e+01 1.071963108288499811e+01 1.078457805338365993e+01 1.064008889188188078e+01 1.063872766203859577e+01
5.022669888415279615e+00 5.526482768972551085e+00 6.241726283154883426e+00 6.821561591879612862e+00 7.377905904374141954e+00 8.130852519886708762e+00 8.712995296343946094e+00 9.167200296585891195e+00 9.563577586206895020e+00 9.922777837779456434e+00 1.025432073613798956e+01 1.054488674386064417e+01 1.076332129186763886e+01 1.082811543712631241e+01 1.081329494613627418e+01 1.089929323837634456e+01 1.103752759381898407e+01 1.120697803162258133e+01 1.139681833201831296e+01 1.917481260978585667e+01 1.896308250958240649e+01
4.128052178579537212e+00 5.153470346931623425e+00 5.606914282588478571e+00 6.146533355187673742e+00 6.619217567539902092e+00 7.067762169802985994e+00 7.536664856056490613e+00 8.050760728662071486e+00 8.498583569405099070e+00 8.873354873232948137e+00 9.202869129787520919e+00 9.501859938541160844e+00 9.778290836247579776e+00 1.003650864217489058e+01 1.027790925688011292e+01 1.048615151474149876e+01 1.064904938581437932e+01 1.077871102885847066e+01 1.079367220966708096e+01 1.082309285003629995e+01 1.089427176500652195e+01
4.755570565085841750e+00 5.189767962742928731e+00 5.694953864093994511e+00 6.288491377247964920e+00 6.769426561875942383e+00 7.243972946807574864e+00 7.809953276105617626e+00 8.404614404424624041e+00 8.846031778187441574e+00 9.218651501081154720e+00 9.551357173340198514e+00 9.856340462302872751e+00 1.013999959440001497e+01 1.040603820502598253e+01 1.064245396128302090e+01 1.082507357667196501e+01 1.096299484806499613e+01 1.098521065158573506e+01 1.103136540052600800e+01 1.113180051813471216e+01 1.126232448982344359e+01
5.048758558683172026e+00 5.595818149558475341e+00 6.257226416377609013e+00 6.855730983831334946e+00 7.419104534502239723e+00 8.089578600368074746e+00 8.667565023666515600e+00 9.127542189528343286e+00 9.528636594019260997e+00 9.891463061777905352e+00 1.022611831349780331e+01 1.051738761662425858e+01 1.073229340335198501e+01 1.075782127224683826e+01 1.080219824734333400e+01 1.091185121928076640e+01 1.105993269626322650e+01 1.123086186716461299e+01 1.136615844021333288e+01 1.894244720296630646e+01 1.920197659507327614e+01
4.760097961436306591e+00 5.180595561265723070e+00 5.663557396401252220e+00 6.256273461025478433e+00 6.723150276129386427e+00 7.170495440647238539e+00 7.668139220835623604e+00 8.287536767453076436e+00 8.737469520455160676e+00 9.109926445779066739e+00 9.441533305008732668e+00 9.745335435799217905e+00 1.002793014099673563e+01 1.028618605815755238e+01 1.048977078158943854e+01 1.064059048542642927e+01 1.064493382512475605e+01 1.061111937171359365e+01 1.066285143543576019e+01 1.076310407921644519e+01 1.089617692162823737e+01
4.655971625961150551e+00 5.075793950202345250e+00 5.541644431673576676e+00 6.121949228634395723e+00 6.581625729406974656e+00 7.018022007971927323e+00 7.482636881236946813e+00 8.100142263002769738e+00 8.585722011898322847e+00 8.967756837914590662e+00 9.301504535332137280e+00 9.604458633190844807e+00 9.884834902945815571e+00 1.014706479239105441e+01 1.038999843810480783e+01 1.058789993077142277e+01 1.073301786811213532e+01 1.083817460905155805e+01 1.077907638907720056e+01 1.081037255246408790e+01 1.089830269026620080e+01
4.984330085552953093e+00 5.502782344322847408e+00 6.217205946655006699e+00 6.795971348184795424e+00 7.361084848321132412e+00 8.103071063933230178e+00 8.670030819250179377e+00 9.116638545692048012e+00 9.506152031012977233e+00 9.858736461118763117e+00 1.018385248350215910e+01 1.048111708422084476e+01 1.071869530412602067e+01 1.089170818290001819e+01 1.085827589462751419e+01 1.089090273482668536e+01 1.099597938422515497e+01 1.114209890132152125e+01 1.132052586538007866e+01 1.152920394554979389e+01 1.173194527789202368e+01
4.855008634979643745e+00 5.334062777815768541e+00 5.990951597242784032e+00 6.559393256123809302e+00 7.066897699860700044e+00 7.655397738923596762e+00 8.388637455266238163e+00 8.870230558282830913e+00 9.271164647763415090e+00 9.628163054975454216e+00 9.954898216244769671e+00 1.025808248585267535e+01 1.053356561195964858e+01 1.074890820838009198e+01 1.090006257443329574e+01 1.086611728657528175e+01 1.088279032040016325e+01 1.098461475871141069e+01 1.112857210303034350e+01 1.129683620940410727e+01 1.148408103708007211e+01
4.242091281459278385e+00 4.960620825093945641e+00 5.389718076285240578e+00 5.931852669333700590e+00 6.382140868785898924e+00 6.794355249658583062e+00 7.207795298613519641e+00 7.692674259495006162e+00 8.280842745438746988e+00 8.700262367287013632e+00 9.046596724321842586e+00 9.354093093561264283e+00 9.635480281193171237e+00 9.897231486753979013e+00 1.014281077572216816e+01 1.037358373637625064e+01 1.057118040359016042e+01 1.072035383910029971e+01 1.082961629315771113e+01 1.085960566056944998e+01 1.083715326157926206e+01
4.828289697381842771e+00 5.279360443192024022e+00 5.858869374463504087e+00 6.434962846556616434e+00 6.944491724480695183e+00 7.484673430089748614e+00 8.088910036366106837e+00 8.573723899086594713e+00 8.973753457931314514e+00 9.324639345923849021e+00 9.641761047285367425e+00 9.933573451004507504e+00 1.020511607474740678e+01 1.045968634437336320e+01 1.069353276659851382e+01 1.089229403814992203e+01 1.102839812517231621e+01 1.102998396253865465e+01 1.108409130604183446e+01 1.118266821158147017e+01 1.130777460287366232e+01
4.787278328199150224e+00 5.228136882129277296e+00 5.777444581238436072e+00 6.364122597374460177e+00 6.849502726102084438e+00 7.342443401998776764e+00 7.965653183561051343e+00 8.502598016060462172e+00 8.918298851513728920e+00 9.277317297795113049e+00 9.601146728510673967e+00 9.899523206637395489e+00 1.017763363232959328e+01 1.043496994055433191e+01 1.064789381947411506e+01 1.080971523156436831e+01 1.090845032251070634e+01 1.086985875935077850e+01 1.092144648491222370e+01 1.102017229098630402e+01 1.114812137263777991e+01
4.854806605311158485e+00 5.305076337981589951e+00 5.885855468028170279e+00 6.475668527569306221e+00 6.971518301927658534e+00 7.489769655538683679e+00 8.165028037761567603e+00 8.678672163159037112e+00 9.089367474987280815e+00 9.449868109754440582e+00 9.777494109738789518e+00 1.008078156502442368e+01 1.036269430051813423e+01 1.059743906472537844e+01 1.077368527371893947e+01 1.084834020394879595e+01 1.082258357252811365e+01 1.089002420005377658e+01 1.100659720580986267e+01 1.115351537303805429e+01 1.132533369286773528e+01
4.672929308200304277e+00 5.101416153124107566e+00 5.578838513035432989e+00 6.177616661914653307e+00 6.637452843606710395e+00 7.078489559227899797e+00 7.562904973121026941e+00 8.234205297111902411e+00 8.702450963728457722e+00 9.079698066159828329e+00 9.412688846302303958e+00 9.716599190283400134e+00 9.998639640865189193e+00 1.026282343186096746e+01 1.049680355401451948e+01 1.067545928123078447e+01 1.080285465434240955e+01 1.079811572880532466e+01 1.078156149558566312e+01 1.085194555036319919e+01 1.096601879696718918e+01
5.006790030315085183e+00 5.496705369806122121e+00 6.169993490995876684e+00 6.757167665601286011e+00 7.313538932633419698e+00 7.986733899624353761e+00 8.569847632157847173e+00 9.025635499036816611e+00 9.419450148068333917e+00 9.774308501612081201e+00 1.010059925702974404e+01 1.040406974780264626e+01 1.066429082466016176e+01 1.086501734353700144e+01 1.094350583991407255e+01 1.096572871328680776e+01 1.105598101607162143e+01 1.118523010578801724e+01 1.134031752889080735e+01 1.151864201273112975e+01 1.170199813309162806e+01
3.969774001462548441e+00 4.942644726815907497e+00 5.362549043565620011e+00 5.862264060913012997e+00 6.315446359450758607e+00 6.728011634702947497e+00 7.138243991977972769e+00 7.585438691204307027e+00 8.073434330413778781e+00 8.480210580589137237e+00 8.821453775582217105e+00 9.122845238419433400e+00 9.396576377824079174e+00 9.649383249210503166e+00 9.885370328993248634e+00 1.010740805627804662e+01 1.031704552396337249e+01 1.050575796349922442e+01 1.066170020378692662e+01 1.077259720585760050e+01 1.086069306062425177e+01
4.986270679362303504e+00 5.468066491688539088e+00 6.142128861863521472e+00 6.725964970076319105e+00 7.263248640686411406e+00 7.953935158432871688e+00 8.612738715277778567e+00 9.089367474987280815e+00 9.497513686595615567e+00 9.864885091097111314e+00 1.020242696143347416e+01 1.051170437852916884e+01 1.074905354245538014e+01 1.090845032251070634e+01 1.086531063990605794e+01 1.095016323854457596e+01 1.110043183387256072e+01 1.128508004297790812e+01 1.149139489405740200e+01 1.171753295132821115e+01 1.196349118868710981e+01
4.112603072114493941e+00 5.114029025570144604e+00 5.599180607715942948e+00 6.157510471151047327e+00 6.627398205192363889e+00 7.080851063829786796e+00 7.572479446127216463e+00 8.108546407913941323e+00 8.545559361117705421e+00 8.911211924821774488e+00 9.234045994985304873e+00 9.527091399266209848e+00 9.797628298253316714e+00 1.004997827031725244e+01 1.028702143355057785e+01 1.050278727816228042e+01 1.068318277708660169e+01 1.081892500456423356e+01 1.088470327352380274e+01 1.087580639713581121e+01 1.092269831102720445e+01
4.875770852504498265e+00 5.319038704641378956e+00 5.863702996624960306e+00 6.469847107297307609e+00 6.958135219761103940e+00 7.451412008394801667e+00 8.112493239588966176e+00 8.659189308969420296e+00 9.082098100214849978e+00 9.451024654255677504e+00 9.785866219053897197e+00 1.009557140934176900e+01 1.037900320867223414e+01 1.060101688735237779e+01 1.076382815548349647e+01 1.073077234565234761e+01 1.076419023015184173e+01 1.086516398974220365e+01 1.100459087226573018e+01 1.116902457185405595e+01 1.135196497107951785e+01
4.881167630296238791e+00 5.310051859207766789e+00 5.860426448240850128e+00 6.447983976073863310e+00 6.941608819926500473e+00 7.444134841282849635e+00 8.049332860378180854e+00 8.561412970203587491e+00 8.970969134470106354e+00 9.328988818733689570e+00 9.653690837151751580e+00 9.953752293764345893e+00 1.023362283713727727e+01 1.047099197449131225e+01 1.065446944813919927e+01 1.075832761797178527e+01 1.071927705939022069e+01 1.075854463787411142e+01 1.084488426475073553e+01 1.096387336049486372e+01 1.111028310898239191e+01
4.941321803582458649e+00 5.387232939860749248e+00 5.972134563050132350e+00 6.566921670841513681e+00 7.072905331882481050e+00 7.609109190716885962e+00 8.278033356403261322e+00 8.780402142418122224e+00 9.192232563483855756e+00 9.556690692994674663e+00 9.889333647280432515e+00 1.019781050982298964e+01 1.047007247992110379e+01 1.067545928123078447e+01 1.077900331505196263e+01 1.075471190815475886e+01 1.082447541633890609e+01 1.094638971850210218e+01 1.110065724013293575e+01 1.128050633937437119e+01 1.147214630360697640e+01
4.940135167587224707e+00 5.410514204311973607e+00 6.061638004427038595e+00 6.639656363907370462e+00 7.152296227674617590e+00 7.748881849943581202e+00 8.439616233770617981e+00 8.916295721539318819e+00 9.318333310660987578e+00 9.677986978708428722e+00 1.000797933487510250e+01 1.031333541409398613e+01 1.056186426995317795e+01 1.074367879778909796e+01 1.072657356810362295e+01 1.072642884127583685e+01 1.081336802622241677e+01 1.094757328792117690e+01 1.111254158733169994e+01 1.129753538885713127e+01 1.890982503364737610e+01
4.991896715605489199e+00 5.492204502234639740e+00 6.221413970150885930e+00 6.792416945721796218e+00 7.332174668694328545e+00 8.159934720522233675e+00 8.794241801060719510e+00 9.267715203788263523e+00 9.679886819784876195e+00 1.005262447712859242e+01 1.039585245990171103e+01 1.069468359879466135e+01 1.090726789875887448e+01 1.093951528493385439e+01 1.096988698307793264e+01 1.110587601803863400e+01 1.128836014600513771e+01 1.149355346868682837e+01 1.171141459080721248e+01 2.387675302986606241e+01 2.436405127860930264e+01
4.821142407040225564e+00 5.285702517916472054e+00 5.903067559590449598e+00 6.488051740505246912e+00 6.972556558941795046e+00 7.476228990097395055e+00 8.315193142331770204e+00 8.842210417608823647e+00 9.262138810389821231e+00 9.633257804974016736e+00 9.971366009769241145e+00 1.028437654350223518e+01 1.055887588582877079e+01 1.074912621096681242e+01 1.085769007701541611e+01 1.073316277280122044e+01 1.080905799059611994e+01 1.095371716420433472e+01 2.228295993106419104e+01 2.267253326874688923e+01 2.306542131271749341e+01
