5.001644376233281619e+00 5.465577241059629721e+00 6.103018960045567987e+00 6.690287477556815965e+00 7.218888972125553138e+00 7.830533633844246388e+00 8.460408671580470497e+00 8.931169103567729195e+00 9.331953827115409439e+00 9.691104514834844252e+00 1.002078636089726515e+01 1.032709207986284561e+01 1.058529251141121463e+01 1.078385118285367561e+01 1.082426800887589913e+01 1.084693691933517101e+01 1.093237544900827629e+01 1.105374546729034968e+01 1.119585278471392797e+01 1.133525195482189218e+01 9.656355299853464302e+00
4.859685147159479079e+00 5.321326238231682382e+00 5.935689870438218385e+00 6.521606217264594108e+00 7.013473962477913659e+00 7.533135616800927359e+00 8.302539079779235109e+00 8.815113172491422233e+00 9.228447869373676227e+00 9.594075995892113795e+00 9.927870978199203833e+00 1.023735754140705900e+01 1.051125382304473632e+01 1.071536880412440595e+01 1.085461557131684529e+01 1.076732421835320963e+01 1.082382865879232803e+01 1.094816516861525990e+01 1.110819380768686848e+01 1.129042072028827626e+01 1.149106738497103564e+01
4.795998766743173825e+00 5.258126195028681060e+00 5.856874335993897951e+00 6.435226704821627841e+00 6.927606511950121337e+00 7.449697610001559056e+00 8.141885932178089647e+00 8.647713760674522021e+00 9.052219144767951420e+00 9.406892071140466882e+00 9.729006627885764757e+00 1.002676061109040972e+01 1.030494501769467419e+01 1.055566081143259183e+01 1.075632526045190041e+01 1.090593797840488755e+01 1.092240373788927776e+01 1.091739842439027619e+01 1.099086342335052713e+01 1.110580126673442258e+01 1.124601843808292401e+01
4.697300433809510345e+00 5.129573014342286186e+00 5.624065513504615588e+00 6.228653173533015064e+00 6.690515852426335286e+00 7.138243991977972769e+00 7.654685615965099998e+00 8.328762670891990183e+00 8.777361212228427689e+00 9.148200853832078039e+00 9.478352120781286416e+00 9.780814660354417711e+00 1.006212857914640857e+01 1.032541942798525980e+01 1.055029534107021583e+01 1.072216115610522458e+01 1.084832558452934315e+01 1.080329230332944057e+01 1.081373344147066717e+01 1.089486790818536122e+01 1.101403444757522188e+01
4.811128828283939285e+00 5.235061133115205045e+00 5.777125302449500843e+00 6.341932448190503280e+00 6.835640079861932783e+00 7.335561170429537370e+00 7.886063236790844755e+00 8.372415952515467552e+00 8.773361625724310997e+00 9.122237989053315843e+00 9.435947566000718822e+00 9.723553958972003031e+00 9.990616920594847628e+00 1.024058640831643174e+01 1.047332680158113405e+01 1.067733499124863883e+01 1.083963401086656475e+01 1.092667660409682995e+01 1.092365578346886679e+01 1.097362291130889034e+01 1.105523573267900694e+01
4.785964816321507165e+00 5.172531137276253688e+00 5.665370079936990599e+00 6.215379991940496396e+00 6.696184541379687438e+00 7.165181313207134473e+00 7.664706401047284068e+00 8.156440529352989799e+00 8.569796229289657674e+00 8.925311371658077420e+00 9.242206526212111584e+00 9.531213032750869729e+00 9.798422791807166021e+00 1.004808243473804197e+01 1.028298504231583621e+01 1.050142616142385599e+01 1.069323280792111319e+01 1.084876418425379363e+01 1.094624179031865729e+01 1.095542090456611106e+01 1.100689450263017299e+01
4.046633968003683357e+00 5.037574787283229050e+00 5.478401402470758796e+00 6.009615384615384137e+00 6.468613605877586714e+00 6.894668578059935271e+00 7.328492909004546974e+00 7.826536723471444468e+00 8.310173832488692014e+00 8.698961561463599779e+00 9.032626117193229831e+00 9.331764514951107259e+00 9.606732831347716939e+00 9.862799008315825233e+00 1.010279081120664024e+01 1.032618599283241245e+01 1.051822484728346296e+01 1.067134945292449011e+01 1.079410911495051550e+01 1.082155925141863939e+01 1.082434123735750653e+01
4.691611534564937180e+00 5.128240193095336963e+00 5.631249313262278733e+00 6.239714755896872411e+00 6.701037977107064947e+00 7.151049045402414706e+00 7.688001996182973308e+00 8.373327887266414749e+00 8.816009873931058394e+00 9.184860628244466696e+00 9.514165913461864577e+00 9.816266569180983836e+00 1.009724528174024805e+01 1.036051897397004318e+01 1.058643452930824047e+01 1.076054736671133405e+01 1.088889940956464741e+01 1.085373746089957692e+01 1.086076632487857374e+01 1.094158409823110922e+01 1.106060401688765182e+01
4.827386452974359976e+00 5.270038122223819066e+00 5.838068278245049036e+00 6.408552008126589428e+00 6.911973978450904887e+00 7.435748374275015671e+00 8.012658654008012249e+00 8.492482454531248948e+00 8.889492077494654865e+00 9.237185103680609188e+00 9.551163074255212493e+00 9.839647672753676133e+00 1.010795293737112210e+01 1.035939658207621150e+01 1.058900497076220582e+01 1.078348778433024435e+01 1.092225645727846839e+01 1.093117408906882559e+01 1.096253789519272281e+01 1.103953364701764173e+01 1.114638924542322407e+01
4.075429992401740087e+00 5.057684947236043449e+00 5.518763796909492036e+00 6.057388652945659757e+00 6.522448092183931401e+00 6.964168669434126713e+00 7.424865807471185519e+00 7.931396807104361457e+00 8.376236005556918940e+00 8.746375300236151062e+00 9.070356180703155857e+00 9.362660623905993518e+00 9.631428300120733255e+00 9.881489803791515314e+00 1.011613320924209880e+01 1.033748859835816170e+01 1.054296257248286572e+01 1.072339047978742066e+01 1.086919831223628563e+01 1.097694840834247998e+01 1.097089012283358578e+01
4.010565766363799689e+00 4.930932699617167181e+00 5.342319388509904066e+00 5.834185582011489402e+00 6.288104546572982123e+00 6.698060979693940098e+00 7.103631048332013087e+00 7.541273184319586598e+00 8.035519721072128974e+00 8.454057271165577703e+00 8.801148211335878102e+00 9.106106527855171606e+00 9.382319390351735677e+00 9.637245919440767139e+00 9.875006763703263246e+00 1.009854553834058422e+01 1.030990768562920934e+01 1.050562559305950927e+01 1.067459379116981211e+01 1.080263584314572611e+01 1.090386985791106156e+01
5.037644314707850235e+00 5.542137349216232245e+00 6.259908686984153370e+00 6.844998068490642851e+00 7.412444746684801800e+00 8.185686549090441133e+00 8.769902239384339993e+00 9.228848294020249199e+00 9.629860706099362844e+00 9.993450238694908450e+00 1.032911392405063289e+01 1.062332530381357110e+01 1.083944745916576835e+01 1.089656385995546373e+01 1.091408860623046273e+01 1.102938688788594312e+01 1.119330020296285255e+01 1.138545491292484790e+01 1.160022391129875174e+01 1.183383937084547632e+01 1.206524669722297105e+01
4.334216229231880213e+00 5.078301925637189740e+00 5.527538743952121081e+00 6.081615277017576204e+00 6.545841345170395620e+00 6.982056791914371452e+00 7.436060116111690377e+00 7.995880088903343008e+00 8.493771234428084682e+00 8.885150945827708924e+00 9.223477452973730450e+00 9.528958572683652761e+00 9.810621181469429075e+00 1.007362535578827867e+01 1.032096167078156057e+01 1.053726544452399772e+01 1.070170685451097192e+01 1.082514681605369233e+01 1.085344478899824594e+01 1.086670401393097762e+01 1.094202751717290489e+01
4.783152370735307635e+00 5.257982573543469762e+00 5.872912896506982783e+00 6.441682431836828648e+00 6.939011531004456224e+00 7.481059317999427805e+00 8.156606851549755177e+00 8.643454114828626800e+00 9.040485059408901236e+00 9.389290804574407900e+00 9.705377321994555828e+00 9.996622762580209098e+00 1.026777270393687935e+01 1.051914687021665173e+01 1.073598919648885897e+01 1.090150725187221425e+01 1.100719181551136039e+01 1.095001520835445596e+01 1.099368031996331041e+01 1.108639955654401810e+01 1.120811305340058261e+01
4.914239692040978547e+00 5.389805762316387749e+00 6.044246632736464342e+00 6.622740327758067203e+00 7.127970836416462674e+00 7.694088488826549721e+00 8.502418087704141314e+00 9.003154488715594539e+00 9.421011547468438607e+00 9.794253137538332155e+00 1.013623094388582579e+01 1.045277369407765988e+01 1.070983135404804365e+01 1.089088818237164169e+01 1.087825088469725365e+01 1.092733993470577047e+01 1.105955977557185932e+01 1.123192573396574900e+01 1.142524912451493257e+01 1.163136682084990170e+01 1.184754365415943056e+01
4.440982755322346875e+00 4.842849532665019829e+00 5.267154163445949777e+00 5.811806856564605717e+00 6.245196003074556579e+00 6.642015886058612928e+00 7.037393841255525473e+00 7.485534709952388788e+00 8.112566979807207090e+00 8.540230586225828091e+00 8.882620576488855946e+00 9.182798917109934678e+00 9.455074790321813083e+00 9.706447372855649292e+00 9.941097307788545834e+00 1.016171255139740381e+01 1.037042057816789153e+01 1.056413845077245917e+01 1.073338013717124717e+01 1.086355109917544937e+01 1.094261879833834428e+01
4.968806934246120299e+00 5.481441893290028844e+00 6.200810875268303768e+00 6.774012179673898792e+00 7.327051065475340685e+00 8.092595615037266654e+00 8.677402429672680384e+00 9.128961800366509394e+00 9.521880064829820967e+00 9.877345023780046418e+00 1.020511607474740678e+01 1.050413049518504316e+01 1.074085013828844382e+01 1.091107474086197371e+01 1.086545729402872418e+01 1.090578612541653847e+01 1.102103462498055997e+01 1.117611811675677025e+01 1.135848878011182705e+01 1.156706882405950232e+01 1.178792512309961715e+01
4.960830112238781453e+00 5.425786910804183627e+00 6.059945800934184668e+00 6.644112841442992412e+00 7.164399077498328161e+00 7.759060745278203441e+00 8.410657116501166541e+00 8.885994722668781876e+00 9.287254091137112866e+00 9.645738337425463271e+00 9.974390079525539576e+00 1.027985554097739751e+01 1.054360388491250866e+01 1.074651076340779277e+01 1.083174242116522379e+01 1.082148606057326923e+01 1.089155126808775442e+01 1.100726614624132083e+01 1.115098432779838866e+01 1.131320749634677725e+01 1.145490809120802034e+01
4.884055279251019677e+00 5.372212739624488975e+00 6.034092623321766879e+00 6.607044335310906291e+00 7.133491402444408713e+00 7.776575601839328833e+00 8.431072582015978867e+00 8.900847279126494982e+00 9.297780070174486156e+00 9.652118741309719141e+00 9.976474394839197402e+00 1.027721615067876648e+01 1.055251907570755954e+01 1.077469370053128017e+01 1.092881429111123026e+01 1.092616073596460424e+01 1.094712941939669015e+01 1.104808612117864186e+01 1.118960310612597020e+01 1.135572483997215087e+01 1.154243363100662201e+01
4.843407849049396141e+00 5.318931303956466294e+00 5.934799069532651572e+00 6.505299108231914040e+00 7.014676337385500560e+00 7.574878699577580754e+00 8.186240350722890469e+00 8.653852654636908781e+00 9.044235150113903998e+00 9.389417653456183288e+00 9.702940737423496387e+00 9.992303225893566676e+00 1.026194977045638623e+01 1.050669378071513194e+01 1.071110991350273345e+01 1.086817110956601518e+01 1.088934129630506220e+01 1.088176054719710173e+01 1.093163315883459319e+01 1.101753342435753602e+01 1.113563199773237855e+01
5.078511035467222712e+00 5.593031900744144913e+00 6.341283803133820562e+00 6.927935882632615616e+00 7.512181916621548439e+00 8.358760728775205706e+00 8.932075624906957501e+00 9.394621410274604401e+00 9.802927356927966684e+00 1.017432001627891047e+01 1.051560151262883203e+01 1.078399654912110250e+01 1.095794044832857494e+01 1.091460333501768432e+01 1.102341969472566596e+01 1.119600472267835656e+01 1.140065146579804356e+01 1.162413494809688608e+01 1.186279598012981573e+01 1.211003989585365659e+01 9.910802775024777134e+00
4.637681159420290022e+00 5.054161487289466237e+00 5.548173212597776960e+00 6.104923281464096796e+00 6.566661878475712477e+00 7.014103114125586735e+00 7.506238292635095455e+00 8.056817489387341880e+00 8.491270973439304370e+00 8.851231740111620283e+00 9.167894711822508924e+00 9.454987505909366874e+00 9.719550470790723651e+00 9.966169262164488174e+00 1.019774163920254928e+01 1.041589167472658239e+01 1.061427586300147219e+01 1.078639565847574744e+01 1.091769272760356557e+01 1.097122423963320870e+01 1.094986718216658517e+01
4.601836551132679531e+00 4.983309326980182696e+00 5.423440246045694302e+00 5.947254009269512309e+00 6.400610100707470274e+00 6.820165866433872459e+00 7.244561500910647212e+00 7.722112336413147204e+00 8.198387424622264774e+00 8.584967519079581777e+00 8.915567533722622784e+00 9.210659984423148927e+00 9.480202513262199204e+00 9.730124194224089251e+00 9.964075103368806197e+00 1.018439831114348415e+01 1.038799848901840228e+01 1.056416715762956393e+01 1.070322925910621237e+01 1.081453744195634847e+01 1.081819349691343390e+01
4.823261903121339955e+00 5.277732083127706808e+00 5.859468151065264863e+00 6.430648195655890298e+00 6.933634243995948410e+00 7.463749923666194164e+00 8.055235903337170100e+00 8.533405573803799271e+00 8.928450643254285168e+00 9.274993399183529164e+00 9.588310364153223020e+00 9.876610022729732208e+00 1.014480011362176093e+01 1.039571210627927833e+01 1.061951691344079052e+01 1.080336524827483480e+01 1.093597056738785511e+01 1.091452979936129708e+01 1.094572407316067952e+01 1.102014048988919015e+01 1.112422503493277937e+01
4.813494054317907000e+00 5.300803381499506806e+00 5.957761525186949569e+00 6.520587396247944589e+00 7.028941496004422085e+00 7.627089788552555483e+00 8.342433141841709698e+00 8.819113914676753652e+00 9.215777953961767466e+00 9.567949405226407578e+00 9.889454860734799624e+00 1.018597842731191250e+01 1.046180429001471346e+01 1.070148940349356081e+01 1.087433723953935782e+01 1.098301338849546127e+01 1.088764759186875430e+01 1.094062348046895927e+01 1.105560836181500584e+01 1.120269407818801355e+01 1.136906403675772914e+01
5.031290491550188371e+00 5.528897019173668603e+00 6.246435458026668996e+00 6.827056992271771207e+00 7.379424269504696987e+00 8.173885797192269820e+00 8.784436681104677902e+00 9.252568094173582836e+00 9.660987177235201173e+00 1.003104200837727511e+01 1.037217815741305493e+01 1.065724152816749282e+01 1.085110398188337477e+01 1.082251082251082153e+01 1.088080450370690677e+01 1.102737223808299660e+01 1.121674673802139210e+01 1.143089045960295991e+01 1.166452030503057635e+01 1.191493944922014059e+01 1.216684804282730425e+01
4.514798119065645210e+00 4.929751047572096923e+00 5.366947858037348418e+00 5.946806838144322427e+00 6.383527781927824662e+00 6.789373272953172389e+00 7.199424046076313033e+00 7.735998859958063356e+00 8.383986585621462595e+00 8.786807528046264082e+00 9.124833165363765985e+00 9.427672913622313189e+00 9.706185671243401814e+00 9.965793088587819426e+00 1.020980817731258661e+01 1.043244152784788703e+01 1.060696140957734279e+01 1.071964068849945306e+01 1.078455976613105349e+01 1.064002819268616662e+01 1.063873039966389733e+01
5.022705380487133553e+00 5.526482768972551085e+00 6.241689055333930369e+00 6.821561591879612862e+00 7.377925787542812586e+00 8.130852519886708762e+00 8.712978285096752984e+00 9.167147658982106151e+00 9.563536473700272822e+00 9.922710857605723689e+00 1.025433448019968985e+01 1.054495802295556217e+01 1.076331537190977805e+01 1.082815048422135362e+01 1.081329494613627418e+01 1.089929323837634456e+01 1.103752759381898407e+01 1.120697803162258133e+01 1.139670716567962927e+01 9.587404041563420520e+00 9.482910440684394260e+00
4.128052178579537212e+00 5.153470346931623425e+00 5.606875944450901983e+00 6.146533355187673742e+00 6.619217567539902092e+00 7.067762169802985994e+00 7.536672764520084833e+00 8.050767190755824032e+00 8.498545049087594450e+00 8.873354873232948137e+00 9.202931404326731624e+00 9.501896985862533285e+00 9.778335255281985994e+00 1.003648397553267912e+01 1.027783976036405100e+01 1.048615151474149876e+01 1.064898126992471461e+01 1.077869321818096005e+01 1.079367220966708096e+01 1.082316970053642358e+01 1.089427813565744430e+01
4.755537789295215312e+00 5.189767962742928731e+00 5.694917114941266512e+00 6.288491377247964920e+00 6.769415915648973936e+00 7.243950276431876389e+00 7.810006315918150754e+00 8.404614404424624041e+00 8.846064862069434653e+00 9.218651501081154720e+00 9.551357173340198514e+00 9.856340462302872751e+00 1.013999959440001497e+01 1.040603820502598253e+01 1.064240830243419467e+01 1.082514681605369233e+01 1.096298301414360132e+01 1.098523395852568640e+01 1.103140227395776840e+01 1.113180051813471216e+01 1.126232448982344359e+01
5.044101809060297370e+00 5.595779963013258751e+00 6.257226416377609013e+00 6.855730983831334946e+00 7.419155033113934650e+00 8.089514901022404558e+00 8.667581198856151303e+00 9.127542189528343286e+00 9.528636594019260997e+00 9.891531900190377868e+00 1.022605680540694273e+01 1.051730298597018631e+01 1.073236584542692995e+01 1.075778078484438360e+01 1.080219824734333400e+01 1.091180967648504918e+01 1.106000728341943073e+01 1.123093785096680897e+01 1.136617345592563311e+01 9.471298582687817103e+00 9.596799264695944132e+00
4.760065123209801463e+00 5.180605449178941946e+00 5.663557396401252220e+00 6.256290291869542664e+00 6.723122788669839700e+00 7.170514842965724611e+00 7.668087185472706402e+00 8.287593065594260011e+00 8.737410339946219295e+00 9.109882863222587446e+00 9.441523685318768955e+00 9.745344077855218501e+00 1.002791554868959345e+01 1.028618605815755238e+01 1.048977078158943854e+01 1.064060509122455223e+01 1.064496351741933466e+01 1.061111937171359365e+01 1.066285143543576019e+01 1.076309679340946346e+01 1.089619512987452410e+01
4.655946407972091805e+00 5.075832944186140949e+00 5.541644431673576676e+00 6.121949228634395723e+00 6.581625729406974656e+00 7.018017410081652585e+00 7.482607992234265204e+00 8.100087126987583375e+00 8.585679631497178832e+00 8.967756837914590662e+00 9.301504535332137280e+00 9.604523595338422481e+00 9.884811684250871977e+00 1.014713343480466712e+01 1.038996086897854454e+01 1.058793380181006327e+01 1.073301786811213532e+01 1.083819923319740219e+01 1.077905629362149220e+01 1.081037255246408790e+01 1.089833411178576839e+01
4.984330085552953093e+00 5.502792157502139681e+00 6.217205946655006699e+00 6.795925163272101166e+00 7.361110164466285077e+00 8.103065546310039835e+00 8.670030819250179377e+00 9.116693679092382041e+00 9.506155235514995638e+00 9.858736461118763117e+00 1.018391750352390446e+01 1.048111708422084476e+01 1.071869164548770037e+01 1.089169863143438732e+01 1.085827589462751419e+01 1.089088818237164169e+01 1.099594778961086305e+01 1.114209890132152125e+01 1.132052586538007866e+01 1.152909740730944677e+01 1.173191555733380298e+01
4.854999623908478945e+00 5.334062777815768541e+00 5.990959098088338486e+00 6.559393256123809302e+00 7.066849679953249641e+00 7.655359768035824963e+00 8.388694205035923446e+00 8.870230558282830913e+00 9.271164647763415090e+00 9.628163054975454216e+00 9.954830801736340717e+00 1.025807148256127732e+01 1.053356561195964858e+01 1.074893182489990018e+01 1.090003114294612274e+01 1.086611728657528175e+01 1.088286388308694619e+01 1.098464171872578099e+01 1.112857210303034350e+01 1.129691262818951714e+01 1.148400345871162820e+01
4.242100797788633137e+00 4.960625038754883143e+00 5.389732219000510582e+00 5.931845144750657717e+00 6.382140868785898924e+00 6.794309086708973489e+00 7.207795298613519641e+00 7.692619134377908452e+00 8.280842745438746988e+00 8.700343967087071917e+00 9.046572845317207623e+00 9.354093093561264283e+00 9.635534233099070534e+00 9.897190409824474955e+00 1.014281077572216816e+01 1.037365498443951672e+01 1.057118268494487268e+01 1.072035383910029971e+01 1.082961629315771113e+01 1.085966746484098167e+01 1.083709809605732666e+01
4.828318779401011618e+00 5.279360443192024022e+00 5.858869374463504087e+00 6.434962382852877916e+00 6.944491724480695183e+00 7.484673430089748614e+00 8.088910036366106837e+00 8.573703227386856085e+00 8.973731440691793182e+00 9.324576339901076594e+00 9.641771119187124484e+00 9.933573451004507504e+00 1.020518504501094803e+01 1.045975692874543483e+01 1.069359467215333837e+01 1.089228812469978358e+01 1.102841677943166410e+01 1.102998396253865465e+01 1.108415169067106198e+01 1.118266821158147017e+01 1.130787714799184407e+01
4.787274057761880641e+00 5.228110725881899512e+00 5.777439438840705321e+00 6.364109161579941443e+00 6.849500868055556246e+00 7.342443401998776764e+00 7.965632042265506918e+00 8.502649425561003227e+00 8.918316329977704626e+00 9.277317297795113049e+00 9.601146728510673967e+00 9.899513160928112399e+00 1.017767113315898619e+01 1.043501829516194590e+01 1.064783303119545543e+01 1.080972203571908175e+01 1.090842979213381092e+01 1.086985875935077850e+01 1.092137285701765492e+01 1.102021499560543560e+01 1.114812137263777991e+01
4.854800440350913071e+00 5.305075869386311815e+00 5.885855468028170279e+00 6.475679103118443969e+00 6.971498872257534174e+00 7.489769655538683679e+00 8.165042730390288384e+00 8.678628373059922296e+00 9.089305821225563520e+00 9.449818091001748854e+00 9.777544015805906596e+00 1.008071336269594553e+01 1.036269430051813423e+01 1.059743906472537844e+01 1.077374458771793186e+01 1.084832558452934315e+01 1.082265723291711090e+01 1.089000419366621131e+01 1.100659720580986267e+01 1.115354716598505824e+01 1.132533369286773528e+01
4.672929308200304277e+00 5.101442881074335745e+00 5.578800557880055244e+00 6.177627379244544414e+00 6.637470918297523781e+00 7.078489559227899797e+00 7.562904973121026941e+00 8.234174524003968543e+00 8.702515634170529424e+00 9.079698066159828329e+00 9.412688846302303958e+00 9.716588186531314619e+00 9.998581282385607949e+00 1.026285050672824362e+01 1.049673246876375465e+01 1.067545928123078447e+01 1.080285465434240955e+01 1.079804285473257863e+01 1.078159850674860465e+01 1.085198166621730920e+01 1.096602562800804037e+01
5.006824370203221797e+00 5.496732879394809146e+00 6.170035325147300576e+00 6.757171816450641799e+00 7.313505607020966082e+00 7.986679842432281795e+00 8.569854516517375842e+00 9.025638241561367181e+00 9.419513980185135082e+00 9.774248562511374416e+00 1.010059925702974404e+01 1.040399945953249627e+01 1.066436280432244210e+01 1.086501734353700144e+01 1.094350583991407255e+01 1.096572871328680776e+01 1.105605554993764095e+01 1.118523010578801724e+01 1.134039407869423322e+01 1.151864201273112975e+01 1.170204180453554876e+01
3.969774954826699176e+00 4.942644726815907497e+00 5.362556977167882266e+00 5.862264060913012997e+00 6.315489246691157632e+00 6.728011634702947497e+00 7.138292520429113885e+00 7.585454890247949500e+00 8.073434330413778781e+00 8.480165834354094656e+00 8.821453775582217105e+00 9.122854439789161773e+00 9.396590186985383397e+00 9.649383249210503166e+00 9.885409941897998820e+00 1.010738245928217083e+01 1.031699472012622998e+01 1.050576800553077739e+01 1.066162826006275566e+01 1.077257667838777166e+01 1.086069306062425177e+01
4.986270679362303504e+00 5.468036213627176956e+00 6.142086944652970892e+00 6.725954711904939209e+00 7.263248640686411406e+00 7.953947989268910668e+00 8.612738715277778567e+00 9.089317695218346316e+00 9.497578117580014023e+00 9.864864864864864913e+00 1.020249589535347212e+01 1.051168152995829175e+01 1.074905354245538014e+01 1.090852423250740166e+01 1.086531063990605794e+01 1.095016323854457596e+01 1.110043183387256072e+01 1.128500378419288452e+01 1.149137808661795113e+01 1.171756624802181967e+01 1.196342032159295954e+01
4.112631261481095812e+00 5.114043162524291475e+00 5.599180607715942948e+00 6.157509082325896443e+00 6.627403287738620641e+00 7.080899274207824945e+00 7.572479446127216463e+00 8.108586925414625668e+00 8.545628271899012418e+00 8.911200903364486336e+00 9.233986502084436054e+00 9.527091399266209848e+00 9.797562096272871557e+00 1.004998010238838724e+01 1.028709105429147641e+01 1.050277815422143846e+01 1.068318277708660169e+01 1.081892500456423356e+01 1.088477686207432704e+01 1.087580639713581121e+01 1.092277195679436907e+01
4.875804336032194541e+00 5.319076390120155651e+00 5.863702996624960306e+00 6.469847107297307609e+00 6.958182686404256856e+00 7.451362922018099688e+00 8.112493239588966176e+00 8.659180083885807733e+00 9.082041104645295349e+00 9.451030162287690217e+00 9.785858422249667399e+00 1.009560333087154227e+01 1.037896709058681388e+01 1.060101688735237779e+01 1.076382542293710110e+01 1.073077234565234761e+01 1.076418977469670679e+01 1.086516398974220365e+01 1.100459087226573018e+01 1.116894896805680482e+01 1.135204167821016163e+01
4.881167630296238791e+00 5.310095990196745497e+00 5.860426448240850128e+00 6.447978389091376883e+00 6.941656061358794538e+00 7.444101564614800992e+00 8.049351316982102489e+00 8.561411137988203635e+00 8.970926044229383223e+00 9.328988818733689570e+00 9.653747746896284454e+00 9.953819693666119406e+00 1.023361097368403172e+01 1.047099197449131225e+01 1.065451063428055001e+01 1.075836310490418946e+01 1.071934200768556522e+01 1.075858149117999218e+01 1.084489111325164856e+01 1.096394756255202729e+01 1.111028812680542188e+01
4.941321803582458649e+00 5.387232939860749248e+00 5.972175093315234662e+00 6.566931396088570239e+00 7.072905331882481050e+00 7.609109190716885962e+00 8.278034269715853100e+00 8.780402142418122224e+00 9.192170433654155204e+00 9.556730378202519915e+00 9.889320888142295374e+00 1.019787938137367433e+01 1.047007247992110379e+01 1.067545928123078447e+01 1.077905629362149220e+01 1.075465189423915646e+01 1.082448769729320048e+01 1.094631575391060352e+01 1.110073237758734876e+01 1.128058253738803707e+01 1.147214630360697640e+01
4.940135167587224707e+00 5.410514204311973607e+00 6.061638004427038595e+00 6.639656363907370462e+00 7.152296227674617590e+00 7.748881849943581202e+00 8.439565226268825882e+00 8.916268136499958530e+00 9.318280034572170578e+00 9.677986978708428722e+00 1.000799296082105805e+01 1.031330888697152837e+01 1.056180688142340607e+01 1.074360620291225921e+01 1.072664593298207514e+01 1.072642884127583685e+01 1.081344110729636832e+01 1.094757328792117690e+01 1.111253291666947085e+01 1.129744758863760801e+01 9.465791306346812206e+00
4.991896715605489199e+00 5.492204502234639740e+00 6.221456504498591222e+00 6.792406227058475743e+00 7.332174668694328545e+00 8.159934720522233675e+00 8.794175392670156910e+00 9.267715203788263523e+00 9.679886819784876195e+00 1.005262447712859242e+01 1.039592263813413453e+01 1.069468041181288243e+01 1.090732810858851032e+01 1.093944141321376406e+01 1.096985644966989426e+01 1.110595077034913025e+01 1.128828384288330966e+01 1.149355755852640293e+01 1.171134578933116543e+01 1.193832539693245565e+01 1.217310150337803343e+01
4.821135859608523866e+00 5.285698796487043438e+00 5.903106681493073715e+00 6.488064664377820812e+00 6.972594967427043322e+00 7.476257829864620064e+00 8.315158124318429600e+00 8.842153948701904298e+00 9.262138810389821231e+00 9.633197480548350455e+00 9.971374693058022487e+00 1.028430695949877638e+01 1.055895190632797309e+01 1.074919888046079564e+01 1.085761685425840994e+01 1.073309031996759799e+01 1.080898496875527748e+01 1.095371716420433472e+01 1.113150012143454504e+01 1.132678447421471013e+01 1.153270296882797830e+01
