0.000000000000000000e+00 2.691971195908203551e+00 2.726281352235550681e+00 2.206774798631799595e+00 2.606712284131639024e+00 2.674154298703034893e+00 2.747252747252747263e+00 2.826455624646693199e+00 2.911420045127010692e+00 3.002326803272535649e+00 3.098853424233033227e+00 3.201280512204882189e+00 3.310162197947699170e+00 3.425537381176671836e+00 3.548301250776190852e+00 4.012438559534556859e+00 4.152392816360428007e+00 4.332286364128668410e+00 4.133512452206261401e+00 4.863813229571984031e+00 5.001875703388770411e+00
0.000000000000000000e+00 0.000000000000000000e+00 0.000000000000000000e+00 2.858163629867809696e+00 2.826855123674911319e+00 2.478775484910454185e+00 2.731494127287626306e+00 2.808988764044943576e+00 2.892054081411322031e+00 2.980848051270586385e+00 3.075503613716745743e+00 3.176115610608226003e+00 3.282994090610636739e+00 3.396739130434782261e+00 3.517720517104915512e+00 3.645975754261233881e+00 3.783937186642701178e+00 3.931976801336872107e+00 4.092909035096694126e+00 4.716981132075471095e+00 4.859676831490705951e+00
2.534051314539119470e+00 0.000000000000000000e+00 2.737476047084587805e+00 2.829454622621489612e+00 2.392344497607655551e+00 2.636435539151067875e+00 2.704347238185382807e+00 2.777970692409194697e+00 2.857142857142857206e+00 2.941609060155904842e+00 3.376952300548754504e+00 3.469812630117973917e+00 3.566969859104690332e+00 3.669388129529400633e+00 3.779289493575207715e+00 3.899775762893633591e+00 4.041628776396888334e+00 3.848374061958822256e+00 4.000400040004000068e+00 4.167969157028237781e+00 4.796163069544363999e+00
0.000000000000000000e+00 0.000000000000000000e+00 0.000000000000000000e+00 2.814522938361947446e+00 2.960331557134399105e+00 2.626912720824850833e+00 2.692152375824471644e+00 2.763003384679146190e+00 2.839094328909077980e+00 2.920560747663551115e+00 3.007066606525334418e+00 3.099333643266697358e+00 3.196930946291559827e+00 3.300602359930687069e+00 3.410350413504987355e+00 3.802281368821292862e+00 3.913894324853228746e+00 4.036734281965888904e+00 4.183225266680610233e+00 4.164497657470067615e+00 4.697592483852025325e+00
2.521114332534980296e+00 2.620888481195124964e+00 1.832005129614362904e+00 2.179836512261580594e+00 2.562788313685289587e+00 2.620716766035510403e+00 2.684383598416213434e+00 2.753303964757709110e+00 2.827454584010744565e+00 2.906554279901176763e+00 2.990654205607476523e+00 3.079765937788727648e+00 3.174351241964922909e+00 3.274394237066142299e+00 3.379805661174482445e+00 3.492229788720097261e+00 3.611412062116286847e+00 3.737968414166899844e+00 3.873716831299631735e+00 4.020100502512563345e+00 4.183662796778579107e+00
2.538071065989847330e+00 1.318087455102646022e+00 2.052650484938677078e+00 2.508308772809932474e+00 2.561311391432413487e+00 2.618486514794448716e+00 2.680605816914622519e+00 2.748196496049467807e+00 2.820675551794654456e+00 2.897710808461315235e+00 2.979737783075089297e+00 3.066544004906470278e+00 3.158310303987366563e+00 3.255208333333333037e+00 3.357676487870393967e+00 3.465603881476347237e+00 3.580379520229144408e+00 3.701989819527996328e+00 3.832151753209427358e+00 3.972194637537239004e+00 4.127966976264189292e+00
2.485243864554209203e+00 2.576323586242431851e+00 1.335559265442403998e+00 2.203735331386700302e+00 2.549232043846791029e+00 2.603997135603150603e+00 2.663470502064189560e+00 2.728140772063837982e+00 2.797594069100572955e+00 2.871706511594514843e+00 3.246753246753247168e+00 3.322811098189068169e+00 3.401071337471302858e+00 3.481288076588337610e+00 3.564427018356798982e+00 3.649968062779450406e+00 3.737619136609979353e+00 3.824823101931535962e+00 3.906250000000000000e+00 3.983270264887472933e+00 4.046535154274153001e+00
0.000000000000000000e+00 0.000000000000000000e+00 1.348526734542512262e+00 2.828254260057978531e+00 2.830055186076128049e+00 2.628120893561103788e+00 2.693965517241379004e+00 2.765295540960940102e+00 2.841918294849023141e+00 2.924190364792747854e+00 3.011594639361542036e+00 3.104625892579943702e+00 3.203331464723312205e+00 3.308245802663137169e+00 3.419387929560608885e+00 3.820074491452582599e+00 3.936233024995079877e+00 4.067107269954244764e+00 4.235493434985174943e+00 4.233252195999576806e+00 4.692082111436950420e+00
2.508308772809932474e+00 2.609603340292275142e+00 2.734855736359906864e+00 2.207627352502897100e+00 2.568218298555377199e+00 2.627602969191354720e+00 2.693058641351914861e+00 2.763767014440682512e+00 2.839698991906857817e+00 2.920987293705272325e+00 3.007292684760544343e+00 3.099093515146819744e+00 3.196420009589259870e+00 3.299241174529857989e+00 3.408316291751874338e+00 3.524229074889868141e+00 3.647305553022704316e+00 3.778932451582428076e+00 3.920031360250881391e+00 4.074149521287430353e+00 4.250797024442082517e+00
2.510512772233728374e+00 0.000000000000000000e+00 2.718129926610491687e+00 2.755390232141627038e+00 2.551345834927924106e+00 2.606542421477909155e+00 2.667022269635951126e+00 2.732613745047137499e+00 2.802886973582789931e+00 2.878111958555187311e+00 3.256268316509280059e+00 3.334166875052096302e+00 3.414425949637217350e+00 3.497114880223815447e+00 3.582624272279444799e+00 3.431414600669125736e+00 3.542958370239149613e+00 3.661327231121281667e+00 3.788237522492660325e+00 3.924646781789638439e+00 4.075810067250865920e+00
2.465635209270788053e+00 0.000000000000000000e+00 0.000000000000000000e+00 2.753114460733704583e+00 2.779128743139025470e+00 2.595548634092531337e+00 2.653575693246649880e+00 2.716653083401249447e+00 2.784351942085479426e+00 2.856734752178260450e+00 2.933411557641536493e+00 3.014545180495892485e+00 3.100534842260289636e+00 3.191319610659006933e+00 3.287040841482455011e+00 3.604902667627973400e+00 3.691058410999354056e+00 3.779646603042615460e+00 3.863241259416650308e+00 3.944773175542406474e+00 4.010829238945151864e+00
0.000000000000000000e+00 0.000000000000000000e+00 2.772579191793165254e+00 2.925901543413063965e+00 2.623983206507478183e+00 2.691790040376850435e+00 2.769315978953198698e+00 2.853067047075606322e+00 2.943340691685062627e+00 3.039513677811550352e+00 3.142183817753338992e+00 3.251503820516989052e+00 3.367286808653926933e+00 3.491315353059265103e+00 3.623188405797101552e+00 3.763997365201844136e+00 3.915810083210964798e+00 4.081216202428323392e+00 4.265301770100234258e+00 4.903162539838194611e+00 5.037783375314861090e+00
2.452182442373712412e+00 0.000000000000000000e+00 0.000000000000000000e+00 0.000000000000000000e+00 2.880599164626242104e+00 2.858367871945119099e+00 2.687630182086944153e+00 2.756529529322582661e+00 2.830455703368242037e+00 2.909302494726889066e+00 2.993339818902940319e+00 3.081901533246012459e+00 3.175863437872171513e+00 3.275466754012446469e+00 3.380376912025691016e+00 3.491620111731843501e+00 3.609456776755098240e+00 3.735524841240194238e+00 3.870718018192374377e+00 4.021717273275688953e+00 4.334164048109220069e+00
2.539360081259522506e+00 0.000000000000000000e+00 2.764913250846754877e+00 2.792516056967327298e+00 2.567064561673725986e+00 2.628120893561103788e+00 2.694691457828078285e+00 2.767208578346592951e+00 2.845354958031014014e+00 2.928900929926045560e+00 3.367003367003366776e+00 3.459609064175747761e+00 3.556503956610651773e+00 3.659987190044834637e+00 3.771805752003771772e+00 3.557769278662278545e+00 3.687995574405309895e+00 3.827384939240263684e+00 3.977724741447891788e+00 4.142073107590348968e+00 4.783544606553455480e+00
0.000000000000000000e+00 0.000000000000000000e+00 2.749329850848855283e+00 2.882675122513692401e+00 2.932981375568264770e+00 2.329509055966454856e+00 2.758430453072201693e+00 2.840102243680772354e+00 2.927829014785536366e+00 3.021832741557754609e+00 3.484624096175624519e+00 3.587443946188340949e+00 3.696174459434485193e+00 3.811338732729871115e+00 3.933910306845004090e+00 4.067107269954244764e+00 4.215407313731689420e+00 4.031851627860095100e+00 4.211412929037691377e+00 4.744958481613286594e+00 4.914004914004913793e+00
2.454439467386635432e+00 0.000000000000000000e+00 0.000000000000000000e+00 1.354508821238697980e+00 2.850424000570084715e+00 2.764722145424384436e+00 2.639567110993796817e+00 2.702154968587448192e+00 2.769891281767190350e+00 2.842120221685377146e+00 2.919494927377563442e+00 3.001425677196668307e+00 3.088564589606979993e+00 3.180914512922465409e+00 3.278957291581276579e+00 3.617945007235889410e+00 3.712641544458882059e+00 3.813155386081982900e+00 3.922337713277113114e+00 4.050222762251923569e+00 4.440990340846008522e+00
0.000000000000000000e+00 0.000000000000000000e+00 2.798572727908766211e+00 2.886836027713625352e+00 2.564595755594024418e+00 2.670583522499665907e+00 2.744802031153502853e+00 2.825457370911915955e+00 2.912055911473500291e+00 3.004581987530984044e+00 3.103421522228256624e+00 3.208985158443641961e+00 3.320880033208800430e+00 3.440564252537415602e+00 3.567924360003567497e+00 4.136932464577515844e+00 3.850596842510589646e+00 4.008016032064127820e+00 4.181038988188564787e+00 4.382601073737262709e+00 4.968944099378882484e+00
0.000000000000000000e+00 1.334935255640101515e+00 2.823263692828910099e+00 2.439917042820543891e+00 2.600273028668009800e+00 2.666133439978670250e+00 2.738225629791894544e+00 2.816306414137857761e+00 2.900021750163125578e+00 2.989760071754241633e+00 3.084991516273329903e+00 3.185981680605336486e+00 3.293536434746809238e+00 3.407155025553662675e+00 3.528581510232886131e+00 3.988433542726093517e+00 4.127541017438860038e+00 4.311273981461521743e+00 4.104669061056951840e+00 4.288624423716092871e+00 4.960932655339203023e+00
2.518415916388591302e+00 0.000000000000000000e+00 0.000000000000000000e+00 2.872118905722696791e+00 2.955519432540268721e+00 2.656395271616416309e+00 2.727954715951714793e+00 2.805442558563612909e+00 2.888920988010977187e+00 2.977963073257891669e+00 3.073140749846342779e+00 3.174099349309633222e+00 3.282185935833265233e+00 3.396450709009085411e+00 3.518339343829712362e+00 4.023335345001005869e+00 3.787520121200643075e+00 3.937395412934343586e+00 4.101722723543888449e+00 4.290004290004289622e+00 4.884004884004884417e+00
2.560983417632370696e+00 2.674333088186133356e+00 2.176160165388172363e+00 2.511931675458427105e+00 2.565582707972548171e+00 2.625533311453888796e+00 2.691427802449199103e+00 2.762812543168945645e+00 2.839698991906857817e+00 2.922054204105485997e+00 3.009781790820165615e+00 3.102940035683810382e+00 3.202049311559397982e+00 3.307425169505539664e+00 3.419095649200786013e+00 3.537944454272067496e+00 3.664681630783325872e+00 3.800475059382422582e+00 3.945551390806864678e+00 4.102564102564102200e+00 4.278990158322635295e+00
0.000000000000000000e+00 0.000000000000000000e+00 2.780481023217016290e+00 2.930402930402930206e+00 2.248327806194142742e+00 2.710394362379725752e+00 2.789400278940027622e+00 2.876663070837827796e+00 2.970444081390167579e+00 3.070545789514086188e+00 3.177377075224402159e+00 3.291368386406648749e+00 3.412678099138298560e+00 3.541703559412076707e+00 3.679852805887764422e+00 3.827751196172248793e+00 3.987638321204266312e+00 4.162764075346029102e+00 4.629093854877907255e+00 4.940101272076077521e+00 5.078075409419828823e+00
2.504382669671926021e+00 2.596053997923156498e+00 2.718868950516585059e+00 2.243661655822302148e+00 2.540327702273593058e+00 2.594538496464941169e+00 2.654280026542800375e+00 2.719238613188307063e+00 2.789011295495746445e+00 2.863893463163170505e+00 2.943557288983736697e+00 3.028238322355969014e+00 3.117935926416711911e+00 3.213367609254498269e+00 3.314276244925014492e+00 3.420850081245189411e+00 3.534817956875220712e+00 3.655638822884299088e+00 3.784653231147695696e+00 3.922722369324310954e+00 4.073319755600814496e+00
2.470813515349928657e+00 2.565089136847505280e+00 1.331380641725469216e+00 2.715546503733876182e+00 2.535014893212497178e+00 2.586820151328978579e+00 2.643754130865829222e+00 2.705627705627705382e+00 2.772002772002772009e+00 2.843130286445376242e+00 3.212077411065606292e+00 3.284881333661821223e+00 3.359086328518642972e+00 3.435540668212659909e+00 3.514012123341825777e+00 3.366719973066239824e+00 3.472222222222221877e+00 3.583908251948749957e+00 3.702675182819587629e+00 3.828483920367534488e+00 3.964321110009910498e+00
2.532767681884378952e+00 1.316135825217162436e+00 1.556541365086776985e+00 2.227543576321211916e+00 2.565089136847505280e+00 2.624499704743783024e+00 2.689618074233458778e+00 2.760143527463427837e+00 2.836074872376630474e+00 2.917152858809801685e+00 3.003679507396560311e+00 3.095256519384043337e+00 3.192593183813551949e+00 3.295707341188102379e+00 3.405414609228672784e+00 3.521746786406057428e+00 3.645643456069996180e+00 3.777504957975256872e+00 3.919647231749142424e+00 4.073319755600814496e+00 4.246735322221041997e+00
2.497190660506929394e+00 0.000000000000000000e+00 0.000000000000000000e+00 2.823462977341709479e+00 3.014545180495892485e+00 2.106149957877000656e+00 2.712783994574432089e+00 2.788233653980203286e+00 2.869852202611565151e+00 2.957048865232497992e+00 3.049942813572245726e+00 3.149110376318689841e+00 3.254678600488201567e+00 3.367003367003366776e+00 3.486446439466573732e+00 3.998400639744102314e+00 3.750937734433607673e+00 3.898255530650033496e+00 4.058029826519224947e+00 4.236390595212878196e+00 4.813477737665463607e+00
0.000000000000000000e+00 0.000000000000000000e+00 0.000000000000000000e+00 2.871706511594514843e+00 3.096214877312485125e+00 2.658690594882020530e+00 2.774694783573806944e+00 2.859389520337407564e+00 2.950287653046171688e+00 3.047386865762608199e+00 3.150846790074832704e+00 3.261046796021522809e+00 3.378378378378378510e+00 3.503240497460150760e+00 3.636033087901099581e+00 3.778218569944271188e+00 3.931590328287792424e+00 4.097940784755659926e+00 4.285408185129632841e+00 4.893564962074870905e+00 5.031446540880502916e+00
2.383790226460071437e+00 2.491280518186347326e+00 0.000000000000000000e+00 0.000000000000000000e+00 0.000000000000000000e+00 2.921627346431962202e+00 2.849611740400370685e+00 2.724053391446472183e+00 2.794857462269423998e+00 2.870264064293914785e+00 2.950940612320177348e+00 3.036514081834054135e+00 3.127443315089914133e+00 3.223726627981946535e+00 3.326126725428238284e+00 3.434655675768503613e+00 3.549875754348597923e+00 3.672757322559911497e+00 3.804089396100808429e+00 3.945940613593765356e+00 4.515182300485381717e+00
0.000000000000000000e+00 1.339495010381086093e+00 2.823462977341709479e+00 1.975503753457131362e+00 2.427626388298840698e+00 2.680067001675042082e+00 2.755769893213916966e+00 2.837483152443782242e+00 2.925045703839122435e+00 3.018867924528301661e+00 3.118908382066276630e+00 3.225546326909119799e+00 3.338619480844670306e+00 3.459010722933240967e+00 3.587443946188340949e+00 4.119888763003398680e+00 3.871842028845222661e+00 4.030632809351067714e+00 4.205214465937762824e+00 4.894163709776091054e+00 5.022601707684580141e+00
2.465787202564418301e+00 2.568713074749550351e+00 0.000000000000000000e+00 2.805639335063477180e+00 2.263595721804085414e+00 2.622606871230002579e+00 2.684924150892737060e+00 2.752546105147260835e+00 2.825058266826752984e+00 2.902546984979319067e+00 3.288932741325440112e+00 3.368137420006735550e+00 3.449762828805519543e+00 3.533568904593639370e+00 3.620237125531721833e+00 3.709542798850042011e+00 3.801919969584639958e+00 3.896356906292615552e+00 3.982477100756670385e+00 4.060913705583756972e+00 4.128393023015791030e+00
0.000000000000000000e+00 0.000000000000000000e+00 0.000000000000000000e+00 2.824459822059031122e+00 2.819283901888919974e+00 2.646377770426728393e+00 2.714440825190010731e+00 2.788233653980203286e+00 2.867794665901921114e+00 2.952465308532624455e+00 3.042519205902487034e+00 3.138239447669857185e+00 3.239653357090791275e+00 3.347000251025018525e+00 3.460806367883716650e+00 3.581982627384256990e+00 3.710919380276463286e+00 3.849485131363679535e+00 4.001200360108032150e+00 4.293227433723301623e+00 4.755677089525621071e+00
0.000000000000000000e+00 0.000000000000000000e+00 2.794466955428251964e+00 3.051804379339284168e+00 2.271436683702441783e+00 2.696326255476912959e+00 2.772963604852686448e+00 2.855714999643035323e+00 2.944640753828032587e+00 3.039513677811550352e+00 3.140210394096404123e+00 3.247280402662769294e+00 3.360779700890606403e+00 3.481288076588337610e+00 3.609131101687268917e+00 4.095842719639565921e+00 4.245833775607684935e+00 4.445926419917750394e+00 4.225203337910635959e+00 4.993757802746566554e+00 5.132152938157556576e+00
2.482621648460774821e+00 0.000000000000000000e+00 0.000000000000000000e+00 2.799748022677958748e+00 2.833262501770788422e+00 2.304014745694372035e+00 2.693421318429734868e+00 2.763194252555954300e+00 2.838288512027247190e+00 2.918429884722019363e+00 3.003679507396560311e+00 3.094059405940593699e+00 3.189538314329000368e+00 3.290556103981572722e+00 3.397893306150186810e+00 3.773940937824322717e+00 3.874842584520004074e+00 3.981287946650741372e+00 4.096262160778289640e+00 4.229223937407486034e+00 4.760204688801617401e+00
2.449329496050455912e+00 0.000000000000000000e+00 0.000000000000000000e+00 0.000000000000000000e+00 2.891217925551138546e+00 2.862458852153999977e+00 2.682763246143527791e+00 2.751599367132145257e+00 2.825457370911915955e+00 2.904232919480141728e+00 2.988196623337814994e+00 3.077159781521655368e+00 3.171331166257035594e+00 3.271180896303565788e+00 3.376952300548754504e+00 3.742865163282492524e+00 3.845414343395500367e+00 3.954913980620921254e+00 4.074979625101874170e+00 4.218964244278029518e+00 4.656035385868932508e+00
2.564595755594024418e+00 1.332800213248033883e+00 2.808002808002807882e+00 2.864713886700565482e+00 2.944207272191961877e+00 2.667377967457988497e+00 2.741040224765298294e+00 2.820675551794654456e+00 2.906554279901176763e+00 2.998275991304999444e+00 3.481894150417827571e+00 3.585835948005378970e+00 3.696516033638295173e+00 3.816429729987595998e+00 3.950617283950617509e+00 3.690377341083125540e+00 3.835091083413230795e+00 3.990422984836392573e+00 4.160166406656266247e+00 4.354452427607228060e+00 4.984423676012461613e+00
0.000000000000000000e+00 0.000000000000000000e+00 0.000000000000000000e+00 2.867383512544802837e+00 3.050175385084642254e+00 2.659044073655520535e+00 2.724981265753797732e+00 2.802101576182136622e+00 2.884962134871980055e+00 2.973756598022451403e+00 3.068190534632200706e+00 3.169069877990809303e+00 3.276003276003276010e+00 3.390117806593778926e+00 3.511544201562637024e+00 3.997201958628959773e+00 4.181038988188564787e+00 3.928887142716825043e+00 4.091234530019432825e+00 4.275788348476750045e+00 4.854958125986162720e+00
2.454138290692680080e+00 0.000000000000000000e+00 0.000000000000000000e+00 0.000000000000000000e+00 2.840505609998579484e+00 3.073613032119255628e+00 2.668801708033092801e+00 2.735229759299781183e+00 2.806426717182347375e+00 2.882467392087626923e+00 2.963182457959848914e+00 3.049012882079426667e+00 3.139963890415260028e+00 3.235984143677695712e+00 3.337505214851898216e+00 3.445009043148737682e+00 3.559352197899982251e+00 3.680529996319469976e+00 3.810975609756097171e+00 3.954132068011071421e+00 4.242681374628765489e+00
2.518098835379288580e+00 0.000000000000000000e+00 2.720163209792587633e+00 2.778935667639293783e+00 2.433238031510432275e+00 2.641135688345988886e+00 2.709109380291229385e+00 2.782802281897871044e+00 2.861844458753666665e+00 2.946593001841620652e+00 3.372681281618886917e+00 3.464703334776959576e+00 3.561253561253561184e+00 3.663674665689686805e+00 3.772517212109780083e+00 3.891429127347017847e+00 4.029008863819499631e+00 3.843936190659234420e+00 3.994407829039344104e+00 4.163630685958155553e+00 4.828585224529212461e+00
2.518415916388591302e+00 0.000000000000000000e+00 2.712416084627382151e+00 2.884962134871980055e+00 2.879976960184317925e+00 2.633311389071757436e+00 2.699966250421869773e+00 2.772002772002772009e+00 2.849408747684854859e+00 2.932121389825538937e+00 3.353735222604175004e+00 3.442637059987950554e+00 3.534817956875220712e+00 3.631741420010894839e+00 3.733432891543774002e+00 3.842459173871277667e+00 3.960788196851173115e+00 4.099620785077379814e+00 3.956478733926804825e+00 4.116496861171142996e+00 4.786979415988510844e+00
0.000000000000000000e+00 0.000000000000000000e+00 1.360636778012109582e+00 2.777006387114690611e+00 2.652519893899204284e+00 2.649357530798781113e+00 2.718684156868075519e+00 2.793686269031987468e+00 2.874182654307681162e+00 2.960112484274401989e+00 3.051804379339284168e+00 3.149110376318689841e+00 3.252296934710138920e+00 3.361627027481300711e+00 3.478260869565217739e+00 3.908922114726864017e+00 4.035919685198264162e+00 4.186728072011722368e+00 4.028197381671701827e+00 4.199034222128910976e+00 4.854958125986162720e+00
2.478929102627664527e+00 0.000000000000000000e+00 0.000000000000000000e+00 1.377552777490787417e+00 2.897500905469033050e+00 2.232641214556820852e+00 2.690160737104041910e+00 2.760334000414049971e+00 2.835873803615739153e+00 2.916302128900553736e+00 3.002326803272535649e+00 3.093341582244218735e+00 3.190047053194034365e+00 3.292452053666968581e+00 3.401071337471302858e+00 3.516174402250351161e+00 3.638679159465114221e+00 3.769672980868909118e+00 3.910450679440804933e+00 4.065453806281126070e+00 4.673443159247575807e+00
0.000000000000000000e+00 2.689618074233458778e+00 2.221605109691752400e+00 2.492833104823631629e+00 2.607052075865214924e+00 2.674690738883316321e+00 2.748951962064462684e+00 2.829054388570620304e+00 2.915239414036877363e+00 3.007292684760544343e+00 3.477656059815684042e+00 3.580059070974670909e+00 3.687655572969484652e+00 3.802642836771555679e+00 3.926958570587080644e+00 4.068762079137422383e+00 4.258943781942078566e+00 3.994008986520220184e+00 4.164064126587549985e+00 4.876264781177617635e+00 5.006884466140943069e+00
2.399808015358770863e+00 2.517940324814301523e+00 2.614379084967320299e+00 1.356529996269542293e+00 2.263723825693265468e+00 2.590505796256719062e+00 2.647603918453798943e+00 2.709659937677821429e+00 2.776428125216908516e+00 2.847785846504342633e+00 3.205641929796441136e+00 3.278419801655601429e+00 3.353172939894374593e+00 3.429943405933802314e+00 3.509079743837178356e+00 3.590341980073601835e+00 3.673094582185491230e+00 3.751289505767607668e+00 3.828117523207962059e+00 3.900156006240248718e+00 3.970223325062034903e+00
0.000000000000000000e+00 0.000000000000000000e+00 0.000000000000000000e+00 2.840303912518638896e+00 3.047154719280871227e+00 2.562459961563100297e+00 2.762812543168945645e+00 2.844950213371266301e+00 2.933626696002933798e+00 3.028238322355969014e+00 3.128911138923654356e+00 3.235984143677695712e+00 3.349522693016245167e+00 3.470715835140997463e+00 3.599388104022316348e+00 4.096681687832855800e+00 4.262574595055412807e+00 4.045307443365695477e+00 4.224310909282922744e+00 4.845548152634767014e+00 4.986909362922328448e+00
2.493454681461164224e+00 2.588494143531999914e+00 1.345804454612744783e+00 2.742355683532153865e+00 2.554441535219362347e+00 2.610454871761404227e+00 2.671832208937278352e+00 2.738600575106120427e+00 2.810370266282582463e+00 2.886836027713625352e+00 3.278688524590164022e+00 3.358522250209907689e+00 3.440860215053763493e+00 3.525782282944028179e+00 3.614022406938923293e+00 3.452442603141722355e+00 3.566969859104690332e+00 3.688675765400220907e+00 3.818615751789976365e+00 3.958436417615042391e+00 4.112687641373637959e+00
0.000000000000000000e+00 0.000000000000000000e+00 1.363791339924991464e+00 2.854084909026043615e+00 2.515248695214738817e+00 2.659928181939087199e+00 2.730002730002729638e+00 2.805836139169472165e+00 2.887461199740128048e+00 2.974641183907191344e+00 3.067484662576687171e+00 3.165809259992085511e+00 3.269843864955448431e+00 3.380376912025691016e+00 3.497420652268951269e+00 3.621876131836291091e+00 3.754458419373005285e+00 3.896736483195323952e+00 4.051453458928389928e+00 4.354926510615134028e+00 4.875670404680642278e+00
2.526847757422614915e+00 0.000000000000000000e+00 2.742543709290366838e+00 2.806426717182347375e+00 2.580312217778351513e+00 2.641484514297034458e+00 2.708559046587215136e+00 2.781254345709915032e+00 2.858980773354299121e+00 2.942258183155571860e+00 3.371260008428150101e+00 3.459010722933240967e+00 3.549560741858194923e+00 3.643650938240116766e+00 3.741814780168381649e+00 3.845044698644621839e+00 3.954913980620921254e+00 4.074564530915758098e+00 4.217185028993147178e+00 4.743833017077798253e+00 4.881620698071759357e+00
0.000000000000000000e+00 0.000000000000000000e+00 1.367007279313762202e+00 2.894774931249094685e+00 2.924404152653896194e+00 2.666488900739950374e+00 2.737850787132101171e+00 2.815315315315314759e+00 2.898340699949278676e+00 2.987080875214696452e+00 3.081189339084886569e+00 3.181167488468267468e+00 3.287040841482455011e+00 3.399337129259794477e+00 3.518648838845883642e+00 3.952178638474459049e+00 4.077471967380224882e+00 4.219854415022681771e+00 4.411602514613433002e+00 4.780114722753345369e+00 4.941932295527550423e+00
0.000000000000000000e+00 0.000000000000000000e+00 2.760143527463427837e+00 2.809778027535824396e+00 2.408477842003853286e+00 2.662584037808693349e+00 2.734481815695925189e+00 2.812148481439819658e+00 2.895613146083682921e+00 2.984851876725617359e+00 3.080003080003080207e+00 3.180914512922465409e+00 3.288121660501438281e+00 3.402228459641064351e+00 3.523608174770965107e+00 3.988831272437175279e+00 4.131377814501136392e+00 4.338394793926247495e+00 4.099200655872104804e+00 4.278990158322635295e+00 4.940101272076077521e+00
0.000000000000000000e+00 0.000000000000000000e+00 2.769124264451367612e+00 2.913116306168523462e+00 2.512404999685949214e+00 2.506108639809535799e+00 2.777584889938198298e+00 2.863073509412353612e+00 2.954864445593558209e+00 3.053202045645370344e+00 3.157811636535880595e+00 3.269576589831616253e+00 3.388394747988140665e+00 3.514938488576449860e+00 3.650301149844862536e+00 3.794706384593491855e+00 3.951007506914262724e+00 4.122011541632316423e+00 4.499943750703116585e+00 4.850836769342711463e+00 4.992511233150273675e+00
0.000000000000000000e+00 0.000000000000000000e+00 0.000000000000000000e+00 0.000000000000000000e+00 2.908244874218409048e+00 3.069132202869638171e+00 2.574665293511843256e+00 2.812741719991561862e+00 2.896871378910776063e+00 2.986634809228700949e+00 3.082614056720098361e+00 3.184459836000318234e+00 3.292723081988805145e+00 3.408025900996847213e+00 3.530138557938398591e+00 3.660992128866922268e+00 3.800836183960471182e+00 3.951397806974217275e+00 4.116496861171142996e+00 4.657119571544999559e+00 4.821019645655055363e+00
