0.000000000000000000e+00 2.692152375824471644e+00 2.757669769045156816e+00 2.827654460624911437e+00 2.606882168925964471e+00 2.673975533123871706e+00 2.747064075269555428e+00 2.826255917473326829e+00 2.911420045127010692e+00 3.002101471029720692e+00 3.098853424233033227e+00 3.201536737634063989e+00 3.310162197947699170e+00 3.425537381176671836e+00 3.548301250776190852e+00 4.012438559534556859e+00 4.152392816360428007e+00 4.332286364128668410e+00 4.133512452206261401e+00 4.869141813755325288e+00 5.001875703388770411e+00
0.000000000000000000e+00 0.000000000000000000e+00 0.000000000000000000e+00 2.858163629867809696e+00 2.866561559409487980e+00 3.097173828881146118e+00 2.731494127287626306e+00 2.808791517449617192e+00 2.892054081411322031e+00 2.980848051270586385e+00 3.075503613716745743e+00 3.176367823393948964e+00 3.283263563982598665e+00 3.396739130434782261e+00 3.517411185367569360e+00 3.646308113035551468e+00 3.783937186642701178e+00 3.931976801336872107e+00 4.092909035096694126e+00 4.716424949887984219e+00 4.859676831490705951e+00
2.534051314539119470e+00 2.626222835007550049e+00 2.737476047084587805e+00 2.804655728509325208e+00 2.818687900782185451e+00 2.636435539151067875e+00 2.704347238185382807e+00 2.777970692409194697e+00 2.856938790086422042e+00 2.941609060155904842e+00 3.377237419790611206e+00 3.469812630117973917e+00 3.566969859104690332e+00 3.669724770642202039e+00 3.779289493575207715e+00 3.899775762893633591e+00 4.041220448575469248e+00 3.848374061958822256e+00 4.000400040004000068e+00 4.167969157028237781e+00 4.796163069544363999e+00
0.000000000000000000e+00 0.000000000000000000e+00 0.000000000000000000e+00 2.814522938361947446e+00 2.823462977341709479e+00 2.626912720824850833e+00 2.692333580130577886e+00 2.763003384679146190e+00 2.839094328909077980e+00 2.920560747663551115e+00 3.007292684760544343e+00 3.099333643266697358e+00 3.197186475901206748e+00 3.300602359930687069e+00 3.410350413504987355e+00 3.802281368821292862e+00 3.913511398101947147e+00 4.036734281965888904e+00 4.183662796778579107e+00 4.164931278633901890e+00 4.697040864255519033e+00
2.521114332534980296e+00 0.000000000000000000e+00 2.740101383751198494e+00 2.672724842977415527e+00 2.562952521304542763e+00 2.620888481195124964e+00 2.684383598416213434e+00 2.753303964757709110e+00 2.827454584010744565e+00 2.906765496693553885e+00 2.990654205607476523e+00 3.080003080003080207e+00 3.174351241964922909e+00 3.274126217565686670e+00 3.380091262464086643e+00 3.492229788720097261e+00 3.611086034124762811e+00 3.737968414166899844e+00 3.873341725573738348e+00 4.020100502512563345e+00 4.183662796778579107e+00
2.538071065989847330e+00 2.636261780794832532e+00 2.741415941333698481e+00 2.508308772809932474e+00 2.561311391432413487e+00 2.618657937806874170e+00 2.680785470142751592e+00 2.748196496049467807e+00 2.820476660555633952e+00 2.897710808461315235e+00 2.979959770543096909e+00 3.066544004906470278e+00 3.158310303987366563e+00 3.255208333333333037e+00 3.357394661742487685e+00 3.465603881476347237e+00 3.580379520229144408e+00 3.701989819527996328e+00 3.832151753209427358e+00 3.972194637537239004e+00 4.127541017438860038e+00
2.485243864554209203e+00 0.000000000000000000e+00 2.671296914652063315e+00 2.794271742926999647e+00 2.549069589599795904e+00 2.603827626611118440e+00 2.663470502064189560e+00 2.728140772063837982e+00 2.797789746100580288e+00 2.871706511594514843e+00 3.247016803311956856e+00 3.322811098189068169e+00 3.401071337471302858e+00 3.481591087126816753e+00 3.564427018356798982e+00 3.649968062779450406e+00 3.737619136609979353e+00 3.824823101931535962e+00 3.906250000000000000e+00 3.983270264887472933e+00 4.046535154274153001e+00
0.000000000000000000e+00 0.000000000000000000e+00 2.697053469085024524e+00 2.828054298642533659e+00 2.807608619358461066e+00 2.627948229419880377e+00 2.693784093204929508e+00 2.765295540960940102e+00 2.841918294849023141e+00 2.924190364792747854e+00 3.011594639361542036e+00 3.104625892579943702e+00 3.203331464723312205e+00 3.307972213033410380e+00 3.419387929560608885e+00 3.820074491452582599e+00 3.936620411376832607e+00 4.067107269954244764e+00 4.235493434985174943e+00 4.233252195999576806e+00 4.691531785127843968e+00
2.508308772809932474e+00 2.609603340292275142e+00 2.734855736359906864e+00 2.718499388337637157e+00 2.568383202773853569e+00 2.627775587964787718e+00 2.693058641351914861e+00 2.763767014440682512e+00 2.839900603478878072e+00 2.920987293705272325e+00 3.007292684760544343e+00 3.099093515146819744e+00 3.196420009589259870e+00 3.299241174529857989e+00 3.408606731998295558e+00 3.524229074889868141e+00 3.647305553022704316e+00 3.778932451582428076e+00 3.920415564049788859e+00 4.074149521287430353e+00 4.250797024442082517e+00
2.510512772233728374e+00 0.000000000000000000e+00 2.718129926610491687e+00 2.789205773655951237e+00 2.551345834927924106e+00 2.606712284131639024e+00 2.667022269635951126e+00 2.732613745047137499e+00 2.802886973582789931e+00 2.878111958555187311e+00 3.256268316509280059e+00 3.333888981496916593e+00 3.414134516899965721e+00 3.497114880223815447e+00 3.582945180938731156e+00 3.431414600669125736e+00 3.543272211887678047e+00 3.661662394727205783e+00 3.788237522492660325e+00 3.924261748258608851e+00 4.075394803871625449e+00
2.465483234714004102e+00 0.000000000000000000e+00 0.000000000000000000e+00 2.753114460733704583e+00 2.764148987630433041e+00 2.595548634092531337e+00 2.653575693246649880e+00 2.716468590831918828e+00 2.784351942085479426e+00 2.856530743412125428e+00 2.933411557641536493e+00 3.014772384684956119e+00 3.100534842260289636e+00 3.191319610659006933e+00 3.287040841482455011e+00 3.604902667627973400e+00 3.691058410999354056e+00 3.779646603042615460e+00 3.863241259416650308e+00 3.944773175542406474e+00 4.010829238945151864e+00
2.568713074749550351e+00 2.665422802692077209e+00 2.772579191793165254e+00 2.930402930402930206e+00 2.969341548511617024e+00 2.691790040376850435e+00 2.769315978953198698e+00 2.853270561380982784e+00 2.943340691685062627e+00 3.039513677811550352e+00 3.142183817753338992e+00 3.251239535072746101e+00 3.367570298029971543e+00 3.491315353059265103e+00 3.623188405797101552e+00 3.763997365201844136e+00 3.915810083210964798e+00 4.081216202428323392e+00 4.265301770100234258e+00 4.903763638592620211e+00 5.037783375314861090e+00
2.452032121620792982e+00 0.000000000000000000e+00 0.000000000000000000e+00 0.000000000000000000e+00 2.880599164626242104e+00 2.896032435563278273e+00 2.687630182086944153e+00 2.756529529322582661e+00 2.830455703368242037e+00 2.909514111143439052e+00 2.993339818902940319e+00 3.082139004469101273e+00 3.176115610608226003e+00 3.275198558912634006e+00 3.380376912025691016e+00 3.491620111731843501e+00 3.609456776755098240e+00 3.735524841240194238e+00 3.870718018192374377e+00 4.021717273275688953e+00 4.334633723450368237e+00
0.000000000000000000e+00 0.000000000000000000e+00 2.764148987630433041e+00 2.767208578346592951e+00 2.567064561673725986e+00 2.627948229419880377e+00 2.694873004109680892e+00 2.767208578346592951e+00 2.845354958031014014e+00 2.928900929926045560e+00 3.367003367003366776e+00 3.459309867681398032e+00 3.556820202738751213e+00 3.659652333028362570e+00 3.771805752003771772e+00 3.557769278662278545e+00 3.687995574405309895e+00 3.827384939240263684e+00 3.977724741447891788e+00 4.142073107590348968e+00 4.783544606553455480e+00
0.000000000000000000e+00 0.000000000000000000e+00 2.749140893470790381e+00 2.882675122513692401e+00 2.994236095516131346e+00 2.830455703368242037e+00 2.758620689655172153e+00 2.840303912518638896e+00 2.928043335041358386e+00 3.021832741557754609e+00 3.484624096175624519e+00 3.587765718898555889e+00 3.696174459434485193e+00 3.811338732729871115e+00 3.933910306845004090e+00 4.067107269954244764e+00 4.215407313731689420e+00 4.032258064516129004e+00 4.211412929037691377e+00 4.744958481613286594e+00 4.914608674284309586e+00
2.454590083456062999e+00 0.000000000000000000e+00 0.000000000000000000e+00 2.708375651702890963e+00 2.849408747684854859e+00 2.845152571306636347e+00 2.639567110993796817e+00 2.702154968587448192e+00 2.769699487605594701e+00 2.842322177218787438e+00 2.919494927377563442e+00 3.001425677196668307e+00 3.088564589606979993e+00 3.181167488468267468e+00 3.279226102639777096e+00 3.617945007235889410e+00 3.712641544458882059e+00 3.813155386081982900e+00 3.922337713277113114e+00 4.049812696162802261e+00 4.440990340846008522e+00
0.000000000000000000e+00 0.000000000000000000e+00 2.798572727908766211e+00 2.925473561032691627e+00 2.945074363127668793e+00 2.670405233994258332e+00 2.744802031153502853e+00 2.825257804774685244e+00 2.912055911473500291e+00 3.004807692307692069e+00 3.103421522228256624e+00 3.208727739451307404e+00 3.320880033208800430e+00 3.440564252537415602e+00 3.567924360003567497e+00 4.136932464577515844e+00 3.850226200789296005e+00 4.008417677121956402e+00 4.181476061049551163e+00 4.382601073737262709e+00 4.968944099378882484e+00
0.000000000000000000e+00 2.669870511280203029e+00 2.809383340356791159e+00 2.879147772259410765e+00 2.600273028668009800e+00 2.666133439978670250e+00 2.738225629791894544e+00 2.816306414137857761e+00 2.900232018561484715e+00 2.989536621823617235e+00 3.084991516273329903e+00 3.185981680605336486e+00 3.293536434746809238e+00 3.407155025553662675e+00 3.528581510232886131e+00 3.988433542726093517e+00 4.127541017438860038e+00 4.311273981461521743e+00 4.104247896572952747e+00 4.288624423716092871e+00 4.960932655339203023e+00
0.000000000000000000e+00 0.000000000000000000e+00 1.357911532063685867e+00 2.872325147206663321e+00 2.916727431821496186e+00 2.656218872435088585e+00 2.727954715951714793e+00 2.805639335063477180e+00 2.888920988010977187e+00 2.977963073257891669e+00 3.073140749846342779e+00 3.174351241964922909e+00 3.281916639317361550e+00 3.396450709009085411e+00 3.518339343829712362e+00 4.022930705018605835e+00 3.787520121200643075e+00 3.937395412934343586e+00 4.101302163436891135e+00 4.289544235924933169e+00 4.884601294419343098e+00
2.561147394032526226e+00 2.674333088186133356e+00 2.688894864210809033e+00 2.511931675458427105e+00 2.565582707972548171e+00 2.625533311453888796e+00 2.691427802449199103e+00 2.762812543168945645e+00 2.839698991906857817e+00 2.922054204105485997e+00 3.009555338198780738e+00 3.102940035683810382e+00 3.202049311559397982e+00 3.307425169505539664e+00 3.419095649200786013e+00 3.537944454272067496e+00 3.665017408832691892e+00 3.800475059382422582e+00 3.945551390806864678e+00 4.102564102564102200e+00 4.278990158322635295e+00
0.000000000000000000e+00 0.000000000000000000e+00 2.780481023217016290e+00 2.930188264596000014e+00 3.008197337745356137e+00 2.922908293752283448e+00 2.789400278940027622e+00 2.876663070837827796e+00 2.970444081390167579e+00 3.070781513895286086e+00 3.177377075224402159e+00 3.291368386406648749e+00 3.412386964681795032e+00 3.541703559412076707e+00 3.679852805887764422e+00 3.827751196172248793e+00 3.987638321204266312e+00 4.162764075346029102e+00 4.629093854877907255e+00 4.940101272076077521e+00 5.078720162519045012e+00
2.504225881174481749e+00 0.000000000000000000e+00 2.719053769288287459e+00 2.743484224965706098e+00 2.540166380897948439e+00 2.594538496464941169e+00 2.654280026542800375e+00 2.719238613188307063e+00 2.789205773655951237e+00 2.863893463163170505e+00 2.943557288983736697e+00 3.028238322355969014e+00 3.118178983473651300e+00 3.213367609254498269e+00 3.314001657000828160e+00 3.421142661648990835e+00 3.534817956875220712e+00 3.655972945800200602e+00 3.784653231147695696e+00 3.922722369324310954e+00 4.073319755600814496e+00
2.470813515349928657e+00 2.565089136847505280e+00 2.662761283450938432e+00 2.712048274459284869e+00 2.535014893212497178e+00 2.586820151328978579e+00 2.643754130865829222e+00 2.705627705627705382e+00 2.772002772002772009e+00 2.843130286445376242e+00 3.212335367812399589e+00 3.284881333661821223e+00 3.359368438733517870e+00 3.435540668212659909e+00 3.514012123341825777e+00 3.366436626830499712e+00 3.471920840204842929e+00 3.583908251948749957e+00 3.702332469455756669e+00 3.828850387671101974e+00 3.964714044999504416e+00
2.532767681884378952e+00 2.632271650434324872e+00 2.754441536978377236e+00 2.831056691910255552e+00 2.565253639453600520e+00 2.624499704743783024e+00 2.689618074233458778e+00 2.760143527463427837e+00 2.836074872376630474e+00 2.917152858809801685e+00 3.003453972067877675e+00 3.095256519384043337e+00 3.192593183813551949e+00 3.295978905735002851e+00 3.405414609228672784e+00 3.521746786406057428e+00 3.645643456069996180e+00 3.777861730260672513e+00 3.919647231749142424e+00 4.073319755600814496e+00 4.246735322221041997e+00
2.497190660506929394e+00 0.000000000000000000e+00 0.000000000000000000e+00 2.823462977341709479e+00 2.950722927117143346e+00 3.024345985180704410e+00 2.712783994574432089e+00 2.788428023701638114e+00 2.869852202611565151e+00 2.957048865232497992e+00 3.049942813572245726e+00 3.149110376318689841e+00 3.254678600488201567e+00 3.367003367003366776e+00 3.486446439466573732e+00 3.998400639744102314e+00 3.751289505767607668e+00 3.898255530650033496e+00 4.058029826519224947e+00 4.236390595212878196e+00 4.813477737665463607e+00
0.000000000000000000e+00 0.000000000000000000e+00 0.000000000000000000e+00 2.871706511594514843e+00 2.401392807828540477e+00 3.034210725934915587e+00 2.774694783573806944e+00 2.859593937660851903e+00 2.950287653046171688e+00 3.047619047619047894e+00 3.151095005514416236e+00 3.261046796021522809e+00 3.378093066463980776e+00 3.502933706979595385e+00 3.636033087901099581e+00 3.778218569944271188e+00 3.931590328287792424e+00 4.098360655737705471e+00 4.285408185129632841e+00 4.892966360856268793e+00 5.031446540880502916e+00
2.383790226460071437e+00 2.491125365884037990e+00 0.000000000000000000e+00 0.000000000000000000e+00 0.000000000000000000e+00 2.921627346431962202e+00 3.011367913874877456e+00 2.724238915752911439e+00 2.794662195207154198e+00 2.870470039468963286e+00 2.951158329644385514e+00 3.036744609778317283e+00 3.127443315089914133e+00 3.223726627981946535e+00 3.326126725428238284e+00 3.434655675768503613e+00 3.549875754348597923e+00 3.672757322559911497e+00 3.804451207913257971e+00 3.945940613593765356e+00 4.514672686230247756e+00
0.000000000000000000e+00 2.678990020762172186e+00 2.817496654222722885e+00 2.830255430552606644e+00 2.922908293752283448e+00 2.680246582685607226e+00 2.755580049600440784e+00 2.837281883955170336e+00 2.925045703839122435e+00 3.018867924528301661e+00 3.118908382066276630e+00 3.225286244154168536e+00 3.338619480844670306e+00 3.459010722933240967e+00 3.587443946188340949e+00 4.119888763003398680e+00 3.871842028845222661e+00 4.031039000302327757e+00 4.204772416692946102e+00 4.893564962074870905e+00 5.023232450081627221e+00
2.465635209270788053e+00 2.568713074749550351e+00 0.000000000000000000e+00 2.805639335063477180e+00 2.308402585410895380e+00 2.622606871230002579e+00 2.685104383432905806e+00 2.752546105147260835e+00 2.825058266826752984e+00 2.902336380786532999e+00 3.288932741325440112e+00 3.368421052631579204e+00 3.449762828805519543e+00 3.533568904593639370e+00 3.620237125531721833e+00 3.709542798850042011e+00 3.801919969584639958e+00 3.896356906292615552e+00 3.982477100756670385e+00 4.060913705583756972e+00 4.128393023015791030e+00
0.000000000000000000e+00 0.000000000000000000e+00 0.000000000000000000e+00 2.824459822059031122e+00 2.861639719559307071e+00 2.646377770426728393e+00 2.714440825190010731e+00 2.788428023701638114e+00 2.867589074485625833e+00 2.952465308532624455e+00 3.042519205902487034e+00 3.138239447669857185e+00 3.239390994493034803e+00 3.347000251025018525e+00 3.460806367883716650e+00 3.581982627384256990e+00 3.710919380276463286e+00 3.849485131363679535e+00 4.000800160032006225e+00 4.293227433723301623e+00 4.755677089525621071e+00
0.000000000000000000e+00 0.000000000000000000e+00 2.794466955428251964e+00 2.910996288479731575e+00 2.917152858809801685e+00 2.696326255476912959e+00 2.772963604852686448e+00 2.855714999643035323e+00 2.944640753828032587e+00 3.039282729275890382e+00 3.140456936484258499e+00 3.247280402662769294e+00 3.360779700890606403e+00 3.481288076588337610e+00 3.609131101687268917e+00 4.095842719639565921e+00 4.245383145828911076e+00 4.445432318292954044e+00 4.225649693640397331e+00 4.994381321013858788e+00 5.132152938157556576e+00
2.482621648460774821e+00 0.000000000000000000e+00 0.000000000000000000e+00 2.799748022677958748e+00 2.836275969651846918e+00 2.826855123674911319e+00 2.693421318429734868e+00 2.763385146804835824e+00 2.838288512027247190e+00 2.918429884722019363e+00 3.003679507396560311e+00 3.094059405940593699e+00 3.189538314329000368e+00 3.290826820238585082e+00 3.397893306150186810e+00 3.773940937824322717e+00 3.874842584520004074e+00 3.981287946650741372e+00 4.096262160778289640e+00 4.228776826302991232e+00 4.760204688801617401e+00
2.449329496050455912e+00 0.000000000000000000e+00 0.000000000000000000e+00 0.000000000000000000e+00 2.891426919184617805e+00 2.843130286445376242e+00 2.682763246143527791e+00 2.751410097675058175e+00 2.825457370911915955e+00 2.904232919480141728e+00 2.988196623337814994e+00 3.077159781521655368e+00 3.171331166257035594e+00 3.271180896303565788e+00 3.376952300548754504e+00 3.743215422047538432e+00 3.845414343395500367e+00 3.954913980620921254e+00 4.074979625101874170e+00 4.218519299725795868e+00 4.656577415599533865e+00
2.564595755594024418e+00 2.665422802692077209e+00 2.808002808002807882e+00 2.864713886700565482e+00 2.944207272191961877e+00 2.667200106688004002e+00 2.740852405097985223e+00 2.820874471086036728e+00 2.906554279901176763e+00 2.998275991304999444e+00 3.481894150417827571e+00 3.585835948005378970e+00 3.696516033638295173e+00 3.816065636328944688e+00 3.950617283950617509e+00 3.690377341083125540e+00 3.834723420573290742e+00 3.990422984836392573e+00 4.160599126274182602e+00 4.354452427607228060e+00 4.984423676012461613e+00
0.000000000000000000e+00 0.000000000000000000e+00 1.358787961138664180e+00 2.867383512544802837e+00 2.952683250904259094e+00 2.737101409607225921e+00 2.724981265753797732e+00 2.802101576182136622e+00 2.884962134871980055e+00 2.973756598022451403e+00 3.068190534632200706e+00 3.169069877990809303e+00 3.276271602915881598e+00 3.390117806593778926e+00 3.511544201562637024e+00 3.997601439136517776e+00 4.181038988188564787e+00 3.928887142716825043e+00 4.091234530019432825e+00 4.275788348476750045e+00 4.854958125986162720e+00
2.454288869799975181e+00 0.000000000000000000e+00 0.000000000000000000e+00 0.000000000000000000e+00 2.840303912518638896e+00 2.886002886002886125e+00 2.668801708033092801e+00 2.735042735042735096e+00 2.806229830223095245e+00 2.882467392087626923e+00 2.963182457959848914e+00 3.049012882079426667e+00 3.139963890415260028e+00 3.235984143677695712e+00 3.337505214851898216e+00 3.445009043148737682e+00 3.559035501379125943e+00 3.680529996319469976e+00 3.810612555968371673e+00 3.953741227636651256e+00 4.242231413723617450e+00
2.518098835379288580e+00 0.000000000000000000e+00 2.719978240174078188e+00 2.773348124523330682e+00 2.775657483866490693e+00 2.641135688345988886e+00 2.709109380291229385e+00 2.782802281897871044e+00 2.861844458753666665e+00 2.946375957572185733e+00 3.372681281618886917e+00 3.465003465003464900e+00 3.561253561253561184e+00 3.663674665689686805e+00 3.772517212109780083e+00 3.891429127347017847e+00 4.029008863819499631e+00 3.843936190659234420e+00 3.994806751223408892e+00 4.163630685958155553e+00 4.828585224529212461e+00
2.518415916388591302e+00 0.000000000000000000e+00 2.712600027126000235e+00 2.793296089385474801e+00 2.879976960184317925e+00 2.633311389071757436e+00 2.699784017278617387e+00 2.772002772002772009e+00 2.849408747684854859e+00 2.932121389825538937e+00 3.354016434680529457e+00 3.442637059987950554e+00 3.534817956875220712e+00 3.631741420010894839e+00 3.733432891543774002e+00 3.842459173871277667e+00 3.960788196851173115e+00 4.099200655872104804e+00 3.956478733926804825e+00 4.116073266104136152e+00 4.787552363853979642e+00
0.000000000000000000e+00 0.000000000000000000e+00 2.721273556024219165e+00 2.850424000570084715e+00 2.903389707483486681e+00 2.649357530798781113e+00 2.718499388337637157e+00 2.793686269031987468e+00 2.874182654307681162e+00 2.960112484274401989e+00 3.051804379339284168e+00 3.149358318242657440e+00 3.252296934710138920e+00 3.361909564632711511e+00 3.477958438396660856e+00 3.909304143862392333e+00 4.035919685198264162e+00 4.186728072011722368e+00 4.028197381671701827e+00 4.199034222128910976e+00 4.854958125986162720e+00
2.478929102627664527e+00 0.000000000000000000e+00 0.000000000000000000e+00 2.755200440832070274e+00 2.897500905469033050e+00 2.964939589355866545e+00 2.690160737104041910e+00 2.760143527463427837e+00 2.835672763363107585e+00 2.916514764855997033e+00 3.002101471029720692e+00 3.093341582244218735e+00 3.190047053194034365e+00 3.292452053666968581e+00 3.400782179901376878e+00 3.516174402250351161e+00 3.639010189228529590e+00 3.769672980868909118e+00 3.910450679440804933e+00 4.065040650406504419e+00 4.673443159247575807e+00
0.000000000000000000e+00 2.689618074233458778e+00 2.243409983174425193e+00 2.833463200396685089e+00 2.607222004953721584e+00 2.674869600106994927e+00 2.748763056624518697e+00 2.829054388570620304e+00 2.915239414036877363e+00 3.007292684760544343e+00 3.477958438396660856e+00 3.580059070974670909e+00 3.687655572969484652e+00 3.802281368821292862e+00 3.927344133529700354e+00 4.068762079137422383e+00 4.258943781942078566e+00 3.994008986520220184e+00 4.164064126587549985e+00 4.876264781177617635e+00 5.006884466140943069e+00
2.399808015358770863e+00 2.517940324814301523e+00 0.000000000000000000e+00 2.712967986977753654e+00 2.820874471086036728e+00 2.590338039114104429e+00 2.647603918453798943e+00 2.709659937677821429e+00 2.776428125216908516e+00 2.847583113832135027e+00 3.205641929796441136e+00 3.278419801655601429e+00 3.353172939894374593e+00 3.429943405933802314e+00 3.509079743837178356e+00 3.590341980073601835e+00 3.672757322559911497e+00 3.751641343087600777e+00 3.828117523207962059e+00 3.900156006240248718e+00 3.969829297340214502e+00
0.000000000000000000e+00 0.000000000000000000e+00 0.000000000000000000e+00 2.840505609998579484e+00 2.363926481886413189e+00 3.010687942194790967e+00 2.762621728019890810e+00 2.845152571306636347e+00 2.933626696002933798e+00 3.028009084027252218e+00 3.128911138923654356e+00 3.235984143677695712e+00 3.349522693016245167e+00 3.470414714558389235e+00 3.599388104022316348e+00 4.096681687832855800e+00 4.262574595055412807e+00 4.045307443365695477e+00 4.224310909282922744e+00 4.845548152634767014e+00 4.986287708800797525e+00
2.493454681461164224e+00 2.588326646822828980e+00 2.691608909225489565e+00 2.742355683532153865e+00 2.554278416347381953e+00 2.610284521012790293e+00 2.671832208937278352e+00 2.738600575106120427e+00 2.810370266282582463e+00 2.886836027713625352e+00 3.278688524590164022e+00 3.358522250209907689e+00 3.440564252537415602e+00 3.525782282944028179e+00 3.614022406938923293e+00 3.452442603141722355e+00 3.566969859104690332e+00 3.688675765400220907e+00 3.818615751789976365e+00 3.958436417615042391e+00 4.112687641373637959e+00
0.000000000000000000e+00 0.000000000000000000e+00 2.727582679849982927e+00 2.862254025044722816e+00 2.889547063497796664e+00 2.659928181939087199e+00 2.730002730002729638e+00 2.806032970887407885e+00 2.887669650591972115e+00 2.974862412613416662e+00 3.067484662576687171e+00 3.165558721114276608e+00 3.269843864955448431e+00 3.380376912025691016e+00 3.497420652268951269e+00 3.621876131836291091e+00 3.754458419373005285e+00 3.896736483195323952e+00 4.051043143609478925e+00 4.354926510615134028e+00 4.876264781177617635e+00
2.526847757422614915e+00 0.000000000000000000e+00 2.742355683532153865e+00 2.815711671124876414e+00 2.580312217778351513e+00 2.641658961828027952e+00 2.708559046587215136e+00 2.781060974761871307e+00 2.859185132237312299e+00 2.942258183155571860e+00 3.371260008428150101e+00 3.458711629917855301e+00 3.549560741858194923e+00 3.643650938240116766e+00 3.741814780168381649e+00 3.845044698644621839e+00 3.954913980620921254e+00 4.074979625101874170e+00 4.217185028993147178e+00 4.743833017077798253e+00 4.881620698071759357e+00
0.000000000000000000e+00 0.000000000000000000e+00 2.734107997265892376e+00 2.874182654307681162e+00 2.924404152653896194e+00 2.666666666666666519e+00 2.737850787132101171e+00 2.815315315315314759e+00 2.898340699949278676e+00 2.987080875214696452e+00 3.081189339084886569e+00 3.181167488468267468e+00 3.287040841482455011e+00 3.399626041135474619e+00 3.518648838845883642e+00 3.952178638474459049e+00 4.077471967380224882e+00 4.219854415022681771e+00 4.411602514613433002e+00 4.780114722753345369e+00 4.941321803582458649e+00
0.000000000000000000e+00 0.000000000000000000e+00 2.760143527463427837e+00 2.857346953353811170e+00 3.015908919550629008e+00 2.662584037808693349e+00 2.734481815695925189e+00 2.812148481439819658e+00 2.895613146083682921e+00 2.984851876725617359e+00 3.080003080003080207e+00 3.181167488468267468e+00 3.288121660501438281e+00 3.402228459641064351e+00 3.523608174770965107e+00 3.989229081480003547e+00 4.131377814501136392e+00 4.338394793926247495e+00 4.099200655872104804e+00 4.278990158322635295e+00 4.940101272076077521e+00
0.000000000000000000e+00 0.000000000000000000e+00 2.769124264451367612e+00 2.913116306168523462e+00 2.904232919480141728e+00 3.025260928755105105e+00 2.777584889938198298e+00 2.863073509412353612e+00 2.955082742316784472e+00 3.053202045645370344e+00 3.157811636535880595e+00 3.269576589831616253e+00 3.388394747988140665e+00 3.514938488576449860e+00 3.649968062779450406e+00 3.795066413662238958e+00 3.951007506914262724e+00 4.121586810922205579e+00 4.499943750703116585e+00 4.850836769342711463e+00 4.991888181704728922e+00
0.000000000000000000e+00 0.000000000000000000e+00 0.000000000000000000e+00 0.000000000000000000e+00 2.908456336799243314e+00 3.059507419305491638e+00 3.114052160373685929e+00 2.812939521800281284e+00 2.897081190700369291e+00 2.986857825567502900e+00 3.082614056720098361e+00 3.184459836000318234e+00 3.292723081988805145e+00 3.408025900996847213e+00 3.530450132391880214e+00 3.660657087947286392e+00 3.800836183960471182e+00 3.951397806974217275e+00 4.116073266104136152e+00 4.657119571544999559e+00 4.821019645655055363e+00
