3.367489296194737136e+00 3.435104014949572626e+00 3.503180338228627289e+00 3.571821079239477115e+00 3.641135209777478732e+00 3.711250691483029662e+00 3.782252296858666707e+00 4.492269840282529181e+00 4.601772379604386565e+00 4.602185694758316181e+00 4.658427643657687689e+00 4.774865110060639850e+00 4.766606516632051260e+00 4.820684129764669201e+00 4.936307915918221489e+00 4.987769715355497624e+00 5.038235375314025433e+00 5.087658989343416316e+00 5.136177177567917695e+00 5.183821021758406644e+00 5.230701464596410055e+00
3.350528057182345254e+00 3.416634127294026158e+00 3.483155460194499398e+00 3.550197001127709751e+00 3.617793980547399535e+00 3.686110319022415371e+00 3.755241691527757553e+00 4.425054103200558586e+00 4.482171301691503018e+00 4.537828992601963485e+00 4.043840812114788186e+00 4.644903925626891805e+00 4.696392065859991582e+00 4.746639516805855052e+00 4.795604485945453632e+00 4.843352153215985112e+00 4.889908193695461591e+00 4.935394317441820000e+00 4.979739962072117443e+00 5.023085550715961745e+00 5.065399160392741962e+00
3.423078535201821815e+00 3.493181310082718927e+00 3.563816298976773655e+00 3.635166463188795216e+00 3.707288941980928065e+00 3.780380512482129696e+00 3.854590817663837488e+00 4.503520934548828514e+00 4.562895364513118501e+00 4.620753389701927283e+00 4.677139791454590245e+00 4.732055906840221482e+00 4.785637617846325575e+00 4.837829058765801271e+00 4.888729756527486536e+00 4.938373217555916739e+00 4.986815679094995346e+00 5.034066146249964291e+00 5.080184534270649976e+00 5.125292626504688087e+00 5.169294391315584214e+00
3.314276244925014492e+00 3.378238627745680400e+00 3.442577802258330877e+00 3.507348238417153929e+00 3.572630899135011084e+00 3.638510544815465320e+00 3.705101375690418308e+00 4.354678168546781691e+00 4.409900226007385626e+00 3.910505293148235584e+00 3.981725973427218346e+00 4.112264829855042159e+00 4.616836984309644620e+00 4.665299093697043098e+00 4.712502685433515026e+00 4.758522237470948824e+00 4.803403554518630436e+00 4.847108353645024792e+00 4.889776292734607566e+00 4.931371743239910899e+00 4.971973055992589430e+00
3.403605042892368981e+00 3.473235249169897010e+00 3.543463005551426015e+00 3.614348965392608637e+00 3.686033410763217333e+00 4.470887643154382474e+00 4.471994991365610517e+00 4.600384509750068851e+00 4.584299799522411512e+00 4.650144975108047696e+00 4.702034140856588884e+00 4.760836002802092182e+00 4.817950306283983686e+00 4.871087693299854138e+00 5.009229333498019798e+00 5.062875439580739823e+00 5.115508174582062750e+00 5.167282147384665514e+00 5.218239118941521149e+00 5.268487601948656618e+00 5.318133471513895039e+00
3.368994252083275853e+00 3.436567830975847837e+00 3.504648813573298050e+00 3.573391973611874217e+00 3.642837013973373228e+00 3.713122736221162068e+00 3.784438389343021569e+00 4.573472494317289971e+00 4.635459187203365694e+00 4.696165028764010430e+00 4.755603341328261457e+00 4.813841858418033581e+00 4.871054274521641858e+00 4.927288280581693769e+00 4.982629053505244876e+00 5.037227178945769879e+00 5.091229325480914447e+00 5.144738647276718702e+00 5.198145082965131003e+00 5.251706804711530729e+00 5.306411233264394234e+00
3.261462978850121264e+00 3.322987294876235786e+00 3.384796048768693666e+00 3.446992154645855955e+00 3.509617038846643222e+00 3.572778178570201746e+00 3.636513338456471178e+00 3.700962250185048319e+00 4.425727306045957654e+00 3.832440237885039735e+00 4.533216110775316388e+00 3.968851359673732482e+00 4.040210364851539282e+00 4.118446521971912411e+00 4.324220439148608541e+00 4.475628481522540447e+00 4.826648538409245681e+00 4.871856451778913133e+00 4.916148509229895325e+00 4.959609753446248881e+00 5.002364130993414371e+00
3.336577227860419548e+00 3.401573053987823503e+00 3.466997649375593404e+00 3.532907998919345705e+00 3.599338275501657858e+00 3.666449907992860968e+00 4.302418375490093538e+00 4.359228070661011145e+00 4.414531278652005675e+00 3.944554784329736830e+00 4.033828520558615516e+00 4.572130476320458214e+00 4.621982966633360945e+00 4.670554216205449194e+00 4.717832017428226443e+00 4.763914031768500479e+00 4.808848280836738986e+00 4.852610499408800848e+00 4.895302577962865165e+00 4.936917169500822489e+00 4.977498977226236576e+00
3.450048230266076210e+00 3.522143717552250752e+00 3.594933908522758959e+00 3.668505533905989324e+00 4.427625616581457813e+00 4.495687598127028117e+00 4.562043795620437159e+00 4.626816198000110347e+00 4.643540016388964631e+00 4.751837032649939729e+00 4.812154126422163003e+00 4.871121112536618725e+00 4.928772393398183738e+00 4.985146993546624827e+00 5.040425575391824786e+00 5.094559148520168002e+00 5.147634147345879541e+00 5.199781061850027086e+00 5.251062146661483077e+00 5.301542205033745958e+00 5.351372489828961854e+00
3.359462486002239512e+00 3.425998433829287038e+00 3.493010486017478655e+00 3.560595167176789921e+00 3.628919061410896152e+00 3.697996918335900940e+00 3.768052396481323285e+00 4.487431739259504226e+00 4.546675760018186629e+00 4.604589469922409251e+00 4.064256585473382088e+00 4.149434044405746036e+00 4.770695484433012723e+00 4.823793707016552190e+00 4.875804336032194541e+00 4.926849963732910176e+00 4.976989943753195256e+00 5.026388539834128366e+00 5.075028118399034227e+00 5.123160785278084717e+00 5.170877076005089279e+00
3.303509979353062231e+00 3.366378806927870393e+00 3.429661080891985847e+00 3.493400965576026529e+00 3.557701027547766959e+00 3.622633096933301822e+00 3.688342055450394952e+00 3.755032786999242145e+00 3.822948814190785249e+00 3.892592257912041553e+00 3.965811965811965489e+00 4.069021641677815992e+00 4.188869966489040308e+00 4.308075247714326039e+00 4.411359250068927373e+00 4.515205823920864781e+00 4.618046221817856178e+00 4.716175113632480986e+00 4.805382027871215378e+00 4.882443147044058129e+00 4.947059591455328587e+00
3.476616278908064128e+00 3.549826336927242476e+00 3.623769138030759951e+00 3.698630136986301054e+00 3.774517204935695869e+00 3.851648505560379299e+00 4.532717982528431833e+00 4.596516397724027314e+00 4.658746797111576576e+00 4.719433120844846563e+00 4.778646277775881579e+00 4.836458606823552664e+00 4.892941071071691184e+00 4.948045522018801989e+00 5.001952817195753909e+00 5.054644808743169015e+00 5.106230290986123244e+00 5.156659309832718030e+00 5.206156965632514400e+00 5.254642753432802849e+00 5.302226935312830847e+00
3.337203562464802875e+00 3.401880059428761260e+00 3.466949569751557991e+00 3.532614342414229558e+00 3.598864973354556795e+00 3.665866631621903959e+00 3.733794295592048673e+00 3.802807163105856425e+00 3.873314935087390776e+00 3.946138668697427576e+00 4.026726544317879686e+00 4.161262804552420924e+00 4.317848477787068262e+00 4.697170645446507642e+00 4.575377639378294781e+00 4.794422032423991453e+00 4.841576694033102868e+00 4.887850974854722530e+00 4.933297703961025960e+00 4.978042061045798050e+00 5.022187059268686582e+00
3.454182733315944720e+00 3.526142822888898465e+00 3.598715535378141706e+00 3.672038466335028062e+00 3.746279736095404544e+00 3.821560425012112905e+00 4.478645006310816967e+00 4.540732433901383480e+00 4.601174329567695231e+00 4.660091532544130999e+00 4.717497128480008683e+00 4.773367337893035689e+00 4.827852571176340035e+00 4.880966293834170244e+00 4.932689343335731280e+00 4.983139241197591218e+00 5.032296312636577618e+00 5.080268238162974015e+00 5.127068148435550476e+00 5.172742370205003937e+00 5.217307731912760538e+00
3.394001103050358736e+00 3.462004500605850410e+00 3.530535672255527668e+00 3.599712023038156516e+00 3.669648544603539619e+00 3.740467004232268966e+00 4.382330989242746888e+00 4.441498629968498868e+00 3.960720577992050906e+00 4.038689274199620094e+00 4.610324374165667649e+00 4.663859206320900341e+00 4.716078409929735926e+00 4.767004041590381824e+00 4.816726932287673790e+00 4.865279719321327967e+00 4.912697275499969152e+00 4.959019216199462399e+00 5.004353101670631077e+00 5.048644370761525835e+00 5.092035093755375996e+00
3.339618309457382139e+00 3.404196192858135017e+00 3.469186683873832333e+00 3.534695461728257548e+00 4.114238694414920516e+00 3.667490121995944374e+00 3.735059760956175090e+00 3.803622431690398820e+00 3.873448891225254709e+00 4.005829172105616287e+00 4.439466171267774541e+00 4.488888275023825258e+00 4.537017941843679125e+00 4.583923427953722651e+00 4.629566590868861020e+00 4.674021376774238234e+00 4.717341084572212573e+00 4.759506942672082630e+00 4.800603504440558389e+00 4.840605767236013435e+00 4.879624475096732361e+00
3.461525147980199613e+00 3.534034134612053624e+00 3.607228330616350398e+00 3.681194651849279520e+00 4.380561259411361874e+00 4.446998618009660120e+00 4.511740779984276806e+00 4.574846537797109036e+00 4.636321487986472256e+00 4.696229894265765203e+00 4.754587487855129524e+00 4.811492593738186052e+00 4.866947258743367755e+00 4.921058027475907259e+00 4.973734593346097022e+00 5.025194812346835072e+00 5.075411005411484489e+00 5.124385927752990177e+00 5.172271109762489161e+00 5.218991635879192792e+00 5.264669283047764381e+00
3.366748888629321090e+00 3.434278217746975947e+00 3.502242121672010988e+00 3.570790930191037216e+00 3.639959891762702071e+00 3.709899832704516953e+00 3.780718336483932074e+00 4.523894387629205482e+00 4.583860705367222010e+00 4.642398754744804457e+00 4.651958269197878693e+00 4.755177285414010413e+00 4.760984764848751993e+00 4.862947082916672770e+00 4.914508037268352503e+00 4.965243296921549643e+00 5.014803976121289253e+00 5.063360429154007747e+00 5.110906674844117425e+00 5.157510366595835727e+00 5.203234220849907388e+00
3.510317580496400414e+00 3.585287666610426527e+00 3.661105930300832423e+00 3.737903728212867094e+00 3.815946493492076819e+00 3.895411615160668362e+00 4.535521378798498482e+00 4.599335187004787606e+00 4.661621147307227986e+00 4.722307771276049060e+00 4.781518746968858480e+00 4.839267196681644734e+00 4.895606365667318549e+00 4.950563126555644899e+00 5.004250185088706004e+00 5.056682679495152044e+00 5.107886853403647009e+00 5.157971472979106409e+00 5.206977349648528985e+00 5.254968333697314087e+00 5.301902567344359163e+00
3.398765346465977721e+00 3.468344420474330558e+00 3.538398562438858530e+00 3.609030905797352862e+00 3.680376648357372105e+00 4.438618757325453856e+00 4.503069014728499297e+00 4.565894154271878058e+00 4.627135733918976257e+00 4.686778460117582590e+00 4.744909537268168442e+00 4.801591384573172583e+00 4.856827658939684156e+00 4.910686882327665259e+00 4.963217796875211363e+00 5.014459503087670633e+00 5.064485469089294867e+00 5.113345832623146237e+00 5.161023947151115010e+00 5.207619569686171346e+00 5.253211622560155725e+00
3.485292067475254107e+00 3.558793359710272330e+00 3.633048401801443728e+00 3.708256364123306614e+00 3.784560395276308054e+00 3.862228781880629569e+00 4.519526408414536789e+00 4.582888724725711072e+00 4.644713564612747092e+00 4.705003217391905856e+00 4.763844491545900617e+00 4.821301889261582652e+00 4.877387887820078483e+00 4.932182490752158088e+00 4.985725798740591408e+00 5.038096289752649781e+00 5.089300255143585971e+00 5.139415203075426319e+00 5.188527891750923438e+00 5.236705907956391570e+00 5.283961461392769898e+00
3.372217060665496646e+00 3.439712164886042256e+00 3.507661833888139569e+00 3.576144366197182567e+00 3.645292414352823585e+00 3.715195838980659637e+00 3.785993227278782403e+00 3.857838645898634677e+00 4.531690938677982672e+00 4.588663945429142466e+00 4.644206011514898869e+00 4.698338998977419578e+00 4.751109723485413383e+00 4.802546721918822925e+00 4.852743166859181834e+00 4.901723887964541504e+00 4.949508142628325835e+00 4.996098936446883521e+00 5.041680191721974680e+00 5.086120389844254852e+00 5.129627062248717451e+00
3.252325066430469480e+00 3.313681361923039859e+00 3.375329783496703762e+00 3.437300206925471890e+00 3.499694634487775069e+00 3.562571080144146585e+00 3.625992789852797937e+00 3.690036900369003448e+00 3.754771689021464631e+00 3.820426081701548515e+00 4.543201718156285374e+00 4.594957890982909632e+00 4.024501712118524921e+00 4.096541835933498632e+00 4.245102473990048253e+00 4.789698043750469481e+00 4.835589941972919803e+00 4.880396396640660939e+00 4.924221699403622310e+00 4.967127275737651892e+00 5.009160588198966479e+00
3.422982885085574356e+00 3.493701062496146204e+00 3.565013505916551306e+00 3.637012434465153099e+00 3.709795961222132288e+00 4.465113723011821634e+00 4.530446660854880570e+00 4.594138701847255035e+00 4.656258559298822597e+00 4.716852150611139827e+00 4.775940177937885167e+00 4.833647633895442830e+00 4.889941871676905194e+00 4.944953057285907505e+00 4.998698968761554617e+00 5.051229018628112577e+00 5.102568522668504691e+00 5.152903833073398054e+00 5.202165743738576431e+00 5.250453448252349276e+00 5.297849210826877098e+00
3.506022108562943718e+00 3.580576748285454691e+00 3.655921538299293339e+00 3.732271709380443170e+00 3.809708522664302155e+00 3.888591843678607773e+00 4.497460664517110907e+00 4.560089543576491877e+00 4.621135833804642878e+00 4.680599930808522657e+00 4.738522817017477351e+00 4.794980340580603517e+00 4.849991802830755816e+00 4.903619700119482339e+00 4.955913023726432165e+00 5.006858710562413606e+00 5.056579019296997934e+00 5.105062179657347876e+00 5.152408235609323484e+00 5.198571760810976272e+00 5.243695647732612208e+00
3.445471960749182827e+00 3.516756309474555309e+00 3.588668252248194523e+00 3.661358847708195974e+00 3.734982258834270930e+00 3.809682133976130647e+00 4.485945188651249360e+00 4.548242379971194183e+00 4.608992350448517072e+00 4.126008293276669292e+00 4.726092138248468189e+00 4.782564137601202248e+00 4.837628456312759617e+00 4.891424162257495212e+00 4.943990680916196645e+00 4.995380983337324388e+00 5.045617915399501108e+00 5.094769599372104274e+00 5.142939429888021330e+00 5.190122377622378380e+00 5.236349788165848729e+00
3.297019354205102726e+00 3.359580052493438274e+00 3.422480809661174739e+00 3.485753724527854480e+00 3.549505157222198726e+00 3.613821477219025358e+00 3.678741731507381374e+00 3.744409388759837309e+00 3.810975609756097171e+00 3.878599825463008077e+00 4.001713013991953893e+00 4.216609293130382241e+00 4.506721949122575843e+00 4.552948724139596060e+00 4.597957392261498022e+00 4.641764962865879696e+00 4.684453813352070561e+00 4.725995027431318718e+00 4.766444232602477626e+00 4.805876900895952986e+00 4.844257133168627050e+00
3.410427556254654213e+00 3.480391474433044419e+00 3.550839669145291921e+00 3.621951814110288659e+00 3.693823106915657295e+00 4.430660168365085916e+00 4.494848212433441681e+00 4.557381577130231065e+00 4.618364547503670536e+00 4.677783281052225739e+00 4.735725904420696963e+00 4.792232416326926980e+00 4.847342836856190829e+00 4.901059854193468901e+00 4.953526291528781655e+00 5.004730498690542539e+00 5.054713862211231756e+00 5.103553866631723501e+00 5.151311180405785173e+00 5.198038424447195993e+00 5.243767067780796154e+00
3.291523975600703089e+00 3.354672779625954337e+00 3.418254876245221396e+00 3.482282148428794244e+00 3.546814473784868138e+00 3.611963935929317415e+00 3.677848250593313217e+00 3.744591146122267400e+00 4.517732098486558989e+00 4.575127693862499179e+00 4.631357748192388435e+00 4.024309558076243576e+00 4.100125053814141829e+00 4.185133855674629366e+00 4.397265450547940269e+00 4.896956989543962635e+00 4.947743693321223546e+00 4.998082927096454853e+00 5.048339580365416523e+00 5.099231035959777003e+00 5.151594246699544577e+00
3.433240635836166010e+00 3.503011903371820779e+00 3.573441086326090144e+00 3.644715849700170818e+00 4.287215799081705470e+00 4.350498235631270916e+00 3.865481252415925884e+00 3.942944895615721812e+00 4.026616618324517560e+00 4.589166826488396467e+00 4.645422525445821016e+00 4.700449998963136089e+00 4.754227128033402749e+00 4.806866952789699887e+00 4.858388246806121913e+00 4.908908632073841538e+00 4.958438642765155002e+00 5.007030419424535417e+00 5.054817445951022670e+00 5.101901989061521370e+00 5.148340861351748288e+00
3.387175307492008347e+00 3.456034306430340042e+00 3.525434976462536785e+00 3.595505617977528434e+00 3.666297731045932817e+00 3.737955476796987142e+00 4.465113723011821634e+00 4.524390578299377630e+00 4.576471472189397538e+00 4.643064422518862422e+00 4.694548200763374091e+00 4.751084486676306895e+00 4.810930433945925344e+00 4.862480824019285386e+00 5.024987265443230378e+00 4.986849745534036593e+00 5.046337654544090334e+00 5.186757389423109821e+00 5.239391954775774352e+00 5.291623428834536291e+00 5.343636961525812801e+00
3.220115924173270194e+00 3.279946962559754375e+00 3.340013360053439850e+00 3.400392780063982823e+00 3.461111935185381405e+00 3.522242964319678649e+00 3.583809451608234831e+00 3.645894241550811987e+00 3.708612910093607606e+00 3.772006227239371512e+00 4.499671177875463002e+00 4.550249229560074049e+00 3.967765327203820469e+00 4.035678130728610036e+00 4.105833066570168555e+00 4.377564979480164098e+00 4.784556284410666827e+00 4.828019063778131503e+00 4.870419404848467693e+00 4.911863187314939871e+00 4.952333787297263257e+00
3.315420851234303523e+00 3.379263734293319832e+00 3.443478739962259727e+00 3.508144397974906514e+00 3.573342862247632201e+00 3.639185097193707641e+00 4.301642256003218812e+00 3.773189393145372605e+00 3.841668381697194157e+00 3.911503938953089232e+00 3.983228511530398031e+00 4.106157868082834561e+00 4.622251657456657448e+00 4.671163806723727774e+00 4.718819884696661582e+00 4.765373435085402676e+00 4.810798180143773806e+00 4.855132422027257810e+00 4.898511128589366770e+00 4.940880986529236907e+00 4.982322991031818304e+00
3.466348686947117397e+00 3.539380816555973919e+00 3.613043085538794497e+00 3.687542253088316624e+00 4.410477640945771327e+00 4.477940973848824946e+00 4.543733434305186947e+00 4.607851228301834468e+00 4.670297594109930728e+00 4.731212287438288477e+00 4.790535567990890975e+00 4.848368967707131105e+00 4.904799209782349401e+00 4.959770748374297433e+00 5.013426367875611689e+00 5.065821450330989073e+00 5.116939115247113534e+00 5.166854969825566357e+00 5.215660707545551666e+00 5.263373754220951994e+00 5.310023690874928093e+00
3.446160632439398963e+00 3.517411185367569360e+00 3.589274403547047410e+00 3.661915389026690004e+00 3.735421480057000032e+00 3.809972429654055137e+00 3.885824919727037585e+00 4.515413981363654905e+00 4.575127693862499179e+00 4.633343475975768122e+00 4.690048939641108028e+00 4.745312309340129708e+00 4.799188251587160003e+00 4.851748337763685193e+00 4.902942456028892337e+00 4.952878860837860664e+00 5.001644376233281619e+00 5.049161088708300937e+00 5.095611576678624743e+00 5.140894789874493220e+00 5.185200346589706299e+00
3.307015005580588252e+00 3.369828345070422060e+00 3.433004909197020282e+00 3.496623358815261540e+00 3.560805998910812065e+00 3.625617381072909318e+00 3.691167662585488785e+00 3.757698062002018169e+00 3.825474880540852052e+00 3.895384993883561631e+00 4.003810523118553455e+00 4.114379757251594327e+00 4.244104459732348289e+00 4.352061011750564923e+00 4.460976748016580729e+00 4.570633339700384212e+00 4.682131471497523734e+00 4.761707589747836700e+00 4.803898020107743250e+00 4.845093489832128064e+00 4.885466768504564961e+00
3.534572975070864320e+00 3.610985729662164356e+00 3.688419060079475287e+00 3.767045882618850428e+00 4.452756256122539114e+00 4.521724832490647827e+00 4.589041095890410205e+00 4.654792382569170606e+00 4.718981247178868799e+00 4.781747387116606518e+00 4.843077468775792482e+00 4.903077889881013007e+00 4.961753152780648435e+00 5.019251925192518726e+00 5.075619877224870180e+00 5.130906528565466473e+00 5.185200346589706299e+00 5.238629792155662379e+00 5.291187081257515246e+00 5.343087893795853027e+00 5.394406205615645433e+00
3.383463838367099186e+00 3.451465492248008360e+00 3.519961702816673643e+00 3.588996558785651825e+00 3.658776842757029080e+00 3.729359033681636681e+00 3.800888716889076147e+00 3.873609650821758787e+00 4.546613117667725135e+00 4.604083203342426600e+00 4.660087719298244835e+00 4.714757190004713827e+00 4.768058156489049182e+00 4.820040350623506775e+00 4.870820355912901078e+00 4.920385430192031784e+00 4.968841224819360747e+00 5.016166970574079897e+00 5.062459808173819908e+00 5.107739246506305619e+00 5.152054295782870774e+00
3.369921047564027994e+00 3.437252947444402462e+00 3.505058280184737196e+00 3.573391973611874217e+00 3.642386381598389011e+00 3.712182144403884720e+00 3.782863627766218872e+00 3.854617832162930746e+00 4.542294960117273739e+00 4.599623667154506101e+00 4.655525355497285744e+00 4.159647261912189364e+00 4.763318307020025344e+00 4.815224247027785509e+00 4.865946597949449171e+00 4.915447476395611304e+00 4.963874027908002695e+00 5.011154968251243957e+00 5.057442984164735478e+00 5.102735065995372743e+00 5.147104239155050998e+00
3.319570945455299515e+00 3.383604021655065797e+00 3.448014288571211949e+00 3.512880562060889389e+00 3.578285313203184437e+00 3.644314868804664265e+00 4.292291183495446916e+00 3.778707681972765187e+00 3.847448660606934911e+00 3.917471924784539539e+00 3.989445467080075414e+00 4.137046562459060439e+00 4.610927209287922324e+00 4.659417161729740187e+00 4.706729238478896349e+00 4.752818972702287148e+00 4.797806716929402526e+00 4.841690363672319641e+00 4.884535019402458822e+00 4.926310603883575112e+00 4.967161543131519252e+00
3.477728625879864754e+00 3.551309458320856649e+00 3.625642183320677336e+00 4.366751691249861622e+00 4.436834041609183821e+00 4.505211710820017146e+00 4.571912082813022415e+00 4.636985413953234492e+00 4.700528639162897093e+00 4.762496376361452732e+00 4.823062506890088308e+00 4.882208133346169099e+00 4.939999588333368052e+00 4.996543487039787124e+00 5.051849727951065461e+00 5.106054124173716069e+00 5.159177833420465653e+00 5.211226078072394685e+00 5.262402525953212340e+00 5.312700077647154906e+00 5.362221452958384482e+00
3.282902365086682206e+00 3.345157536012711486e+00 3.407771109055629744e+00 3.470800158268487312e+00 3.534303534303534278e+00 3.598391795666705750e+00 3.663130248470816142e+00 3.728689503739047062e+00 3.795144974538027238e+00 3.862788243328067583e+00 3.931929335641904721e+00 4.003506519503289063e+00 4.090676666098516101e+00 4.243087872981110564e+00 4.385574201859756549e+00 4.770926389445881100e+00 4.685971029673222432e+00 4.862563126489159337e+00 4.907038874652418059e+00 4.950763638336542982e+00 4.993774883364572759e+00
3.464883406673365140e+00 3.537097915192876307e+00 3.610033115111459523e+00 3.683830071174376997e+00 3.758639650864139092e+00 4.436163605713779212e+00 4.500542110754249592e+00 4.563337043925575820e+00 4.074163588026102012e+00 4.684486084320750088e+00 4.742919989001923575e+00 4.800010971453648523e+00 4.855763312314489433e+00 4.910266606729139838e+00 4.963600264725346989e+00 5.015803215610827870e+00 5.066931425245642551e+00 5.117043849654428378e+00 5.166214335900368049e+00 5.214551342746971407e+00 5.262101101579322204e+00
3.337690874196868052e+00 3.403368640388955590e+00 3.469499628763538901e+00 3.536092409881645082e+00 3.603303952547258326e+00 3.671224526550572076e+00 3.739922985289636070e+00 3.809576582879069750e+00 4.536862003780719022e+00 4.594138701847255035e+00 4.650081376424087587e+00 4.704710245198427288e+00 4.185326246180889775e+00 4.810203128006377504e+00 4.861149148271895370e+00 4.911055331223398213e+00 4.959873247683669995e+00 5.007751725273367427e+00 5.054679335241361038e+00 5.100826333866085527e+00 5.146150679291888963e+00
3.290855622461839936e+00 3.354016434680529457e+00 3.417515814728795398e+00 3.481457755991588243e+00 3.545852742821386183e+00 3.610810210260255726e+00 3.676419583524090928e+00 3.742800307741358523e+00 3.810051608880884011e+00 4.519619256317195521e+00 4.573534932932864727e+00 4.019374748789078744e+00 4.093355801308510067e+00 4.727419719506429807e+00 4.776309504855913879e+00 4.824026408098850638e+00 4.870686698223228639e+00 4.916320134379416729e+00 4.960957940590829729e+00 5.004696187518424821e+00 5.047542392535093292e+00
3.296476890323466247e+00 3.360514638813258070e+00 3.424896903613615429e+00 3.489670575097710614e+00 3.554948348691639559e+00 3.620766488413547535e+00 3.687264328152611181e+00 3.754484523180465771e+00 3.822577782631844556e+00 3.891699560793906887e+00 4.594926378306460890e+00 4.646554374935938370e+00 4.691693632405804060e+00 4.746704823752785352e+00 4.798036917466910189e+00 4.912429127975601162e+00 4.961035202678959699e+00 5.008645058594285437e+00 5.055300892875441932e+00 5.101091219919071662e+00 5.146080059282841290e+00
3.331320660434320402e+00 3.396739130434782261e+00 3.462627857533639553e+00 3.528996588636630793e+00 3.595903436162341205e+00 3.663510057371949902e+00 3.731884809155556759e+00 3.801177673955712155e+00 4.542326221610460735e+00 4.599751892170664824e+00 4.655844111384222828e+00 4.710605005529839850e+00 4.171707479871511914e+00 4.816367509191800345e+00 4.867481112802161114e+00 4.917495355698830117e+00 4.966510543488007912e+00 5.014528393908378234e+00 5.061628750051299974e+00 5.107957369263901093e+00 5.153470346931623425e+00
3.335858392811225315e+00 3.401809207100755739e+00 3.468151960546303147e+00 3.534989464345125398e+00 3.602330430686313534e+00 3.670309275494799461e+00 3.738990749459923268e+00 3.808574139089127897e+00 3.879110298345143537e+00 4.546018101417531376e+00 4.593823706872909085e+00 4.704374386385949514e+00 4.702450726494562083e+00 4.808848280836738986e+00 4.859153001724657805e+00 4.908229926376550978e+00 4.956151823450858807e+00 5.002912654627693634e+00 5.048609926658706115e+00 5.093226696767176875e+00 5.136915932658456363e+00
3.463923239461013992e+00 3.535822737420097450e+00 3.608454887374571207e+00 3.681936281661178700e+00 3.756443343791085798e+00 4.389695190540206404e+00 4.452542744410346032e+00 4.513808149475440068e+00 4.071492650610723629e+00 4.631837068319596185e+00 4.688652770786934987e+00 4.744093946811143603e+00 4.798168470549527775e+00 4.850952768117624991e+00 4.902468496461245273e+00 4.952778983933999513e+00 5.001910451908715416e+00 5.049988057460674362e+00 5.096945276715914019e+00 5.142904163695209974e+00 5.187890371685040414e+00
3.378844297338297942e+00 3.445970626546379201e+00 3.513533995163723667e+00 3.581711231419872465e+00 3.650557412035606575e+00 4.283661286756577091e+00 4.343150231634679059e+00 3.862575096047068168e+00 3.935730216050874475e+00 4.010870843043559120e+00 4.566427894740429316e+00 4.618749405675627528e+00 4.669720297488652250e+00 4.719433120844846563e+00 4.767872711421097698e+00 4.815133276010318042e+00 4.861182431275889115e+00 4.906161032643245434e+00 4.950018562569609593e+00 4.992818548662881994e+00 5.034595837613874636e+00
