3.367499421211036736e+00 3.435080415232520945e+00 3.503180338228627289e+00 3.571821079239477115e+00 3.641135209777478732e+00 3.711238179019133110e+00 3.782227732134226805e+00 4.494198398431116459e+00 4.601743167785049771e+00 4.602565071339758340e+00 4.652212879788186761e+00 4.774855197326081324e+00 4.764666887636725079e+00 4.824658138509042793e+00 4.936307915918221489e+00 4.987803794830449000e+00 5.038229266665304351e+00 5.087658989343416316e+00 5.136177177567917695e+00 5.183854022670722372e+00 5.230765050337621958e+00
3.350551444925310207e+00 3.416634127294026158e+00 3.483155460194499398e+00 3.550172287772789037e+00 3.617793980547399535e+00 3.686110319022415371e+00 3.755241691527757553e+00 4.425049866908114637e+00 4.482171301691503018e+00 4.537828992601963485e+00 4.043840812114788186e+00 4.644907240509136948e+00 4.696424501522884043e+00 4.746639516805855052e+00 4.795596391487468857e+00 4.843341769388715079e+00 4.889941871676905194e+00 4.935394317441820000e+00 4.979769685652039257e+00 5.023079011675264383e+00 5.065405335103942974e+00
3.423078535201821815e+00 3.493181310082718927e+00 3.563816777890359777e+00 3.635168860584283568e+00 3.707288941980928065e+00 3.780354528521055801e+00 3.854625550660792488e+00 4.503505806058253569e+00 4.562863819255285058e+00 4.620758076133784975e+00 4.677139791454590245e+00 4.732055906840221482e+00 4.785618177026258024e+00 4.837830471518124398e+00 4.888729756527486536e+00 4.938373217555916739e+00 4.986805743137946223e+00 5.034082096355051661e+00 5.080219410557244686e+00 5.125261388330804913e+00 5.169276576973974358e+00
3.314276244925014492e+00 3.378238627745680400e+00 3.442577802258330877e+00 3.507324118011140968e+00 3.572630899135011084e+00 3.638535523777486791e+00 3.705101375690418308e+00 4.354689456208153508e+00 4.409900226007385626e+00 3.910532600574010420e+00 3.981725973427218346e+00 4.112243333286867752e+00 4.616836984309644620e+00 4.665315814027978014e+00 4.712503158743059473e+00 4.758555054413043273e+00 4.803403554518630436e+00 4.847144281052443660e+00 4.889773486408494740e+00 4.931371743239910899e+00 4.971963649421318188e+00
3.403581401164163633e+00 3.473259376063685622e+00 3.543463005551426015e+00 3.614348965392608637e+00 3.686007775389986030e+00 4.470887643154382474e+00 4.478434614854622353e+00 4.600384509750068851e+00 4.591242376481874388e+00 4.643064422518862422e+00 4.706794396145966175e+00 4.758587871807780090e+00 4.817850825573152029e+00 4.878149326334448865e+00 5.009229333498019798e+00 5.062875439580739823e+00 5.115508174582062750e+00 5.167255915148218470e+00 5.218203290214495027e+00 5.268487601948656618e+00 5.318169731432428549e+00
3.369017415757375122e+00 3.436567830975847837e+00 3.504648813573298050e+00 3.573367417761010856e+00 3.642837013973373228e+00 3.713126590112080905e+00 3.784427780503188288e+00 4.573455938909716245e+00 4.635468148198643057e+00 4.696145757474697646e+00 4.755564009891572574e+00 4.813874963036316679e+00 4.871054274521641858e+00 4.927254561132173194e+00 4.982629998200716948e+00 5.037234694294309811e+00 5.091194297862386087e+00 5.144773938633135479e+00 5.198145082965131003e+00 5.251706804711530729e+00 5.306392480083799157e+00
3.261488071280862489e+00 3.322972121648471333e+00 3.384796048768693666e+00 3.446992154645855955e+00 3.509617038846643222e+00 3.572778178570201746e+00 3.636538290003636043e+00 3.700962250185048319e+00 4.425712709966023617e+00 3.832414010210645205e+00 4.533247247426007931e+00 3.968834207173145945e+00 4.040207025780699901e+00 4.118305180141532240e+00 4.324220439148608541e+00 4.475628481522540447e+00 4.826654163333976122e+00 4.871823022451555296e+00 4.916152291473206759e+00 4.959599925605999715e+00 5.002329852259956411e+00
3.336577227860419548e+00 3.401573053987823503e+00 3.466997649375593404e+00 3.532883525679214376e+00 3.599338275501657858e+00 3.666449907992860968e+00 4.302426431922636851e+00 4.359227599359738470e+00 4.414554233488532375e+00 3.944554784329736830e+00 4.031221112478019286e+00 4.572125276232569036e+00 4.621996564545836961e+00 4.670522136901245069e+00 4.717819683564210109e+00 4.763910272785644828e+00 4.808848280836738986e+00 4.852610499408800848e+00 4.895295077508837522e+00 4.936917169500822489e+00 4.977531973729691472e+00
3.450060376056580669e+00 3.522148095968176129e+00 3.594933908522758959e+00 3.668505533905989324e+00 4.427642110282347332e+00 4.495687598127028117e+00 4.562043795620437159e+00 4.626826065360722495e+00 4.635908222855719352e+00 4.751851525004921584e+00 4.812154126422163003e+00 4.871121112536618725e+00 4.928772393398183738e+00 4.985148412022516240e+00 5.040425575391824786e+00 5.094520333928825195e+00 5.147669478438127832e+00 5.199781061850027086e+00 5.251084763562999136e+00 5.301533313596022978e+00 5.351360871391218410e+00
3.359462486002239512e+00 3.425998433829287038e+00 3.492986083943441677e+00 3.560607118421603712e+00 3.628902815191145326e+00 3.698018420318168520e+00 3.768078211601569638e+00 4.487384330869804039e+00 4.546675760018186629e+00 4.604589469922409251e+00 4.064228588748286519e+00 4.149434985269505383e+00 4.770699725344001330e+00 4.823793707016552190e+00 4.875804336032194541e+00 4.926849963732910176e+00 4.977015864238066634e+00 5.026336626846145350e+00 5.075028118399034227e+00 5.123160785278084717e+00 5.170880359617491706e+00
3.303508044393525189e+00 3.366365797723494424e+00 3.429643317095022237e+00 3.493376558045944602e+00 3.557701027547766959e+00 3.622633096933301822e+00 3.688348234715553176e+00 3.755035160783778192e+00 3.822943120067720635e+00 3.892618366329533508e+00 3.965824334854725297e+00 4.069021641677815992e+00 4.188869966489040308e+00 4.308104707459174953e+00 4.411355507747018123e+00 4.515228634759051118e+00 4.618046221817856178e+00 4.716163262475292051e+00 4.805382027871215378e+00 4.882476722276472003e+00 4.947059591455328587e+00
3.476592105354646467e+00 3.549801628732512260e+00 3.623769138030759951e+00 3.698611973732876201e+00 3.774491301513227981e+00 3.851656212171233662e+00 4.532717982528431833e+00 4.596502541797300445e+00 4.658714879798304231e+00 4.719433120844846563e+00 4.778658097401517146e+00 4.836479315535997081e+00 4.892933109526948598e+00 4.948079526633724967e+00 5.001952817195753909e+00 5.054644808743169015e+00 5.106174386067632298e+00 5.156694764923474672e+00 5.206156965632514400e+00 5.254645584391655078e+00 5.302226935312830847e+00
3.337203562464802875e+00 3.401856441658162034e+00 3.466949569751557991e+00 3.532614342414229558e+00 3.598864973354556795e+00 3.665891987605134794e+00 3.733794295592048673e+00 3.802833456637327636e+00 3.873314935087390776e+00 3.946138668697427576e+00 4.026715172385064712e+00 4.161266116379016111e+00 4.317849432411727584e+00 4.697168764508465877e+00 4.575377639378294781e+00 4.794454870481225761e+00 4.841591315139860185e+00 4.887854713681861973e+00 4.933297703961025960e+00 4.978013772504771062e+00 5.022187059268686582e+00
3.454183707306289097e+00 3.526117468109378539e+00 3.598696001919303722e+00 3.672038466335028062e+00 3.746253746253746186e+00 3.821567537520844660e+00 4.478681476173414389e+00 4.540732433901383480e+00 4.601205928001428802e+00 4.660087719298244835e+00 4.717497128480008683e+00 4.773401775152022353e+00 4.827830060381874233e+00 4.880932739371940166e+00 4.932689343335731280e+00 4.983112784452687016e+00 5.032301938116286344e+00 5.080289164567042270e+00 5.127083304849536560e+00 5.172734859405066388e+00 5.217343548342806336e+00
3.394009918820823923e+00 3.462004500605850410e+00 3.530535672255527668e+00 3.599712023038156516e+00 3.669649956168069771e+00 3.740467004232268966e+00 4.382334323416273492e+00 4.441514278774420177e+00 3.960726272122740532e+00 4.038687844245913539e+00 4.610356098400138158e+00 4.663854432053906152e+00 4.716078409929735926e+00 4.766996043393283422e+00 4.816756808829802949e+00 4.865279719321327967e+00 4.912712855393258415e+00 4.959036995774628309e+00 5.004353101670631077e+00 5.048653807584046582e+00 5.092029954714880624e+00
3.339618309457382139e+00 3.404196192858135017e+00 3.469186683873832333e+00 3.534670963717641889e+00 4.114250648517474573e+00 3.667464743900245239e+00 3.735033926558166684e+00 3.803596127247578895e+00 3.873448891225254709e+00 4.005829172105616287e+00 4.439450063123429935e+00 4.488888275023825258e+00 4.537017941843679125e+00 4.583923427953722651e+00 4.629565650004836996e+00 4.674036741993171873e+00 4.717335867477044253e+00 4.759506942672082630e+00 4.800570582103472539e+00 4.840601052660284509e+00 4.879624475096732361e+00
3.461501183833404660e+00 3.534018461712444381e+00 3.607203307527956149e+00 3.681169083736178127e+00 4.380566970525042514e+00 4.447007650242848165e+00 4.511758336341172182e+00 4.574819086699752013e+00 4.636325262436768568e+00 4.696197461290901209e+00 4.754594976430793096e+00 4.811492593738186052e+00 4.866980621191244971e+00 4.921055185128709653e+00 4.973768481297267563e+00 5.025193877412432286e+00 5.075376195113920907e+00 5.124420940433730642e+00 5.172249520205800977e+00 5.218994428553999754e+00 5.264669283047764381e+00
3.366767202076172527e+00 3.434258480515839373e+00 3.502242121672010988e+00 3.570766410075054242e+00 3.639959891762702071e+00 3.709886848451122265e+00 3.780718336483932074e+00 4.523879121949860860e+00 4.583874485182279024e+00 4.642396862571193772e+00 4.646490874428583773e+00 4.755144046899306254e+00 4.760984764848751993e+00 4.862428018699508137e+00 4.914515124247248679e+00 4.965243296921549643e+00 5.014803976121289253e+00 5.063360429154007747e+00 5.110920794540984247e+00 5.157510366595835727e+00 5.203234220849907388e+00
3.510317580496400414e+00 3.585292028930548991e+00 3.661105930300832423e+00 3.737903728212867094e+00 3.815946493492076819e+00 3.895408287481131104e+00 4.535490210900293917e+00 4.599342362689036179e+00 4.661589190597299925e+00 4.722320603901470015e+00 4.781505966487880066e+00 4.839248348862094318e+00 4.895561357702349348e+00 4.950563126555644899e+00 5.004250185088706004e+00 5.056682679495152044e+00 5.107913179097056222e+00 5.157997611032684837e+00 5.206977349648528985e+00 5.254932470705456993e+00 5.301898355034392551e+00
3.398759452799727576e+00 3.468344420474330558e+00 3.538423112147198513e+00 3.609030905797352862e+00 3.680376648357372105e+00 4.438617336556451853e+00 4.503090757747363782e+00 4.565898868747443551e+00 4.627140903245122949e+00 4.686799527244569497e+00 4.744909537268168442e+00 4.801591384573172583e+00 4.856826235070389686e+00 4.910708110276520877e+00 4.963223889650988596e+00 5.014467416126255905e+00 5.064469325741191241e+00 5.113322277501381130e+00 5.161044975790624711e+00 5.207619569686171346e+00 5.253211622560155725e+00
3.485292067475254107e+00 3.558793359710272330e+00 3.633060853769300547e+00 3.708256364123306614e+00 3.784568593585500018e+00 3.862223938766194742e+00 4.519526408414536789e+00 4.582888724725711072e+00 4.644714038128249456e+00 4.705015956141068934e+00 4.763881610736428129e+00 4.821301889261582652e+00 4.877378580751527970e+00 4.932182490752158088e+00 4.985700733313483290e+00 5.038057760651406980e+00 5.089268520810982466e+00 5.139415203075426319e+00 5.188527891750923438e+00 5.236684351960311012e+00 5.283944261162331735e+00
3.372217060665496646e+00 3.439688501809276211e+00 3.507661833888139569e+00 3.576144366197182567e+00 3.645292414352823585e+00 3.715195838980659637e+00 3.785975370509316207e+00 3.857838645898634677e+00 4.531690938677982672e+00 4.588663945429142466e+00 4.644198910346164944e+00 4.698352172136727845e+00 4.751117201109970267e+00 4.802546721918822925e+00 4.852753591037657799e+00 4.901727178034815502e+00 4.949474118374922682e+00 4.996098936446883521e+00 5.041661840751616275e+00 5.086120389844254852e+00 5.129608097941316558e+00
3.252325066430469480e+00 3.313658486072279530e+00 3.375329783496703762e+00 3.437323837153346329e+00 3.499709524109499093e+00 3.562572037302225159e+00 3.625992789852797937e+00 3.690036900369003448e+00 3.754797797185292829e+00 3.820399544330527419e+00 4.543170444611180692e+00 4.594926378306460890e+00 4.024507865137353591e+00 4.096511022391945644e+00 4.245092467699639549e+00 4.789698043750469481e+00 4.835589941972919803e+00 4.880362384091393224e+00 4.924195136837140829e+00 4.967135255773444058e+00 5.009160588198966479e+00
3.423006797113496980e+00 3.493718294506477307e+00 3.564987627395881375e+00 3.636987476411047915e+00 3.709784901175452010e+00 4.465113723011821634e+00 4.530446660854880570e+00 4.594138701847255035e+00 4.656290442963865850e+00 4.716850253877527877e+00 4.775945844927115047e+00 4.833653275145353589e+00 4.889975550122249714e+00 4.944953057285907505e+00 4.998664740240620574e+00 5.051238937440751364e+00 5.102596200947042249e+00 5.152868430092751417e+00 5.202165743738576431e+00 5.250468051592756424e+00 5.297885661994895301e+00
3.506022108562943718e+00 3.580576748285454691e+00 3.655928812857832444e+00 3.732271709380443170e+00 3.809708522664302155e+00 3.888564841818736628e+00 4.497460664517110907e+00 4.560087662580738055e+00 4.621134896364254452e+00 4.680584522408298476e+00 4.738522817017477351e+00 4.794980340580603517e+00 4.849991802830755816e+00 4.903630048355240412e+00 4.955913023726432165e+00 5.006858710562413606e+00 5.056579019296997934e+00 5.105067814617050281e+00 5.152402646707885836e+00 5.198571760810976272e+00 5.243693768283931966e+00
3.445448218358726500e+00 3.516756309474555309e+00 3.588681849551415226e+00 3.661384141370877199e+00 3.734998343915828745e+00 3.809708522664302155e+00 4.485950817666489954e+00 4.548242379971194183e+00 4.608992350448517072e+00 4.126008293276669292e+00 4.726092138248468189e+00 4.782531462224833163e+00 4.837599732909986905e+00 4.891424162257495212e+00 4.944002307201076363e+00 4.995380983337324388e+00 5.045615087752791439e+00 5.094769599372104274e+00 5.142904163695209974e+00 5.190086933956143511e+00 5.236359627667271255e+00
3.297019354205102726e+00 3.359580052493438274e+00 3.422456904981420411e+00 3.485753724527854480e+00 3.549505157222198726e+00 3.613796362574968501e+00 3.678741731507381374e+00 3.744409388759837309e+00 3.810975609756097171e+00 3.878626689107292247e+00 4.001738686463773398e+00 4.217017393468461606e+00 4.506719108489019909e+00 4.552948724139596060e+00 4.597953567531583907e+00 4.641785771194601118e+00 4.684476730371024189e+00 4.725995027431318718e+00 4.766444232602477626e+00 4.805876900895952986e+00 4.844267048749701488e+00
3.410451293187449107e+00 3.480391474433044419e+00 3.550839669145291921e+00 3.621951814110288659e+00 3.693791642273702713e+00 4.430690369724069377e+00 4.494871759946605927e+00 4.557389092195300861e+00 4.618364547503670536e+00 4.677783281052225739e+00 4.735725904420696963e+00 4.792222906825494455e+00 4.847309743092583112e+00 4.901080998992171089e+00 4.953526291528781655e+00 5.004696187518424821e+00 5.054701564880210718e+00 5.103603143819536392e+00 5.151346561991303474e+00 5.198038424447195993e+00 5.243766128030689977e+00
3.291523975600703089e+00 3.354696225267851606e+00 3.418254876245221396e+00 3.482257896019778975e+00 3.546814473784868138e+00 3.611963935929317415e+00 3.677848250593313217e+00 3.744565179704456792e+00 4.517732098486558989e+00 4.575136214282744085e+00 4.631332325337474742e+00 4.024284475281873164e+00 4.100126478477811531e+00 4.185133855674629366e+00 4.397265450547940269e+00 4.896956989543962635e+00 4.947705501573644860e+00 4.998082927096454853e+00 5.048334390754726009e+00 5.099228224917309760e+00 5.151594246699544577e+00
3.433247852468434669e+00 3.503019602897697649e+00 3.573465643189455587e+00 3.644715849700170818e+00 4.287230857173966569e+00 4.350498235631270916e+00 3.865454570554899494e+00 3.942944895615721812e+00 4.026603351800169150e+00 4.589166826488396467e+00 4.645443366580134459e+00 4.700432576041417398e+00 4.754227128033402749e+00 4.806878575539080600e+00 4.858388246806121913e+00 4.908878934773270863e+00 4.958397011377143393e+00 5.007030419424535417e+00 5.054851974807710313e+00 5.101900113069137710e+00 5.148340861351748288e+00
3.387206038904480465e+00 3.456046006884443411e+00 3.525459346614867151e+00 3.595480757263561866e+00 3.666272369449574686e+00 3.737955476796987142e+00 4.471502768892098523e+00 4.521487499826096546e+00 4.581392604521695944e+00 4.632991045188949997e+00 4.699735294320922740e+00 4.751084486676306895e+00 4.802711473677710785e+00 4.870653284946937056e+00 5.024989135158626219e+00 4.984561704720102959e+00 5.050959336317780490e+00 5.186757389423109821e+00 5.239414002163810480e+00 5.291615503076599225e+00 5.343673570053504740e+00
3.220115924173270194e+00 3.279946962559754375e+00 3.340036601234421809e+00 3.400392780063982823e+00 3.461117802605529814e+00 3.522221071169584494e+00 3.583809451608234831e+00 3.645894241550811987e+00 3.708612910093607606e+00 3.772006227239371512e+00 4.499652299595030769e+00 4.550217858915670099e+00 3.967756755627950049e+00 4.035652906017992869e+00 4.105833066570168555e+00 4.377553572917535440e+00 4.784558180227471702e+00 4.828019063778131503e+00 4.870452814915932294e+00 4.911859411668395126e+00 4.952367850878700573e+00
3.315443751424604457e+00 3.379263734293319832e+00 3.443502455217250624e+00 3.508144397974906514e+00 3.573367417761010856e+00 3.639185097193707641e+00 4.301633255039056358e+00 3.773189393145372605e+00 3.841694257016330827e+00 3.911515921965257547e+00 3.983242909140855215e+00 4.106175967039237484e+00 4.622265725899642241e+00 4.671131719045165553e+00 4.718852156310267887e+00 4.765357919817673427e+00 4.810819601040764226e+00 4.855165622692086735e+00 4.898492352909159742e+00 4.940880986529236907e+00 4.982319685006676657e+00
3.466351629538975576e+00 3.539380816555973919e+00 3.613068189713872780e+00 3.687546529183799660e+00 4.410447246916133324e+00 4.477940973848824946e+00 4.543733434305186947e+00 4.607851228301834468e+00 4.670297594109930728e+00 4.731179846545209067e+00 4.790517512763306840e+00 4.848402075935536182e+00 4.904771444558812199e+00 4.959778236764865511e+00 5.013460798857206413e+00 5.065821450330989073e+00 5.116964119017819002e+00 5.166869488955816436e+00 5.215660707545551666e+00 5.263373754220951994e+00 5.309987541952304824e+00
3.446160632439398963e+00 3.517411185367569360e+00 3.589276346668876183e+00 3.661890088023546763e+00 3.735421480057000032e+00 3.809972429654055137e+00 3.885812620564275122e+00 4.515394020228964855e+00 4.575136214282744085e+00 4.633351957591200332e+00 4.690043313929429303e+00 4.745333755140777932e+00 4.799221154966851088e+00 4.851710921201283888e+00 4.902928819007020600e+00 4.952912931918083572e+00 5.001610107363328339e+00 5.049195540332154231e+00 5.095593330887448147e+00 5.140930028515025008e+00 5.185200346589706299e+00
3.307037789796410276e+00 3.369816274808516976e+00 3.432983262455072904e+00 3.496625756145319563e+00 3.560805998910812065e+00 3.625613565372601155e+00 3.691171947093201844e+00 3.757703291748083263e+00 3.825450173511490082e+00 3.895384993883561631e+00 4.003838162100220366e+00 4.114394103166688410e+00 4.244127796949793918e+00 4.352030947775628711e+00 4.460976748016580729e+00 4.570633339700384212e+00 4.682099232961977719e+00 4.761516066715642204e+00 4.803898020107743250e+00 4.845093489832128064e+00 4.885429883903187331e+00
3.534572975070864320e+00 3.610985729662164356e+00 3.688419060079475287e+00 3.767020081641599294e+00 4.452731472462637896e+00 4.521693853921884276e+00 4.589041095890410205e+00 4.654792382569170606e+00 4.719013520999610023e+00 4.781737919181699326e+00 4.843077468775792482e+00 4.903062371039244915e+00 4.961767204757858707e+00 5.019251925192518726e+00 5.075619877224870180e+00 5.130871901542729319e+00 5.185200346589706299e+00 5.238597434465835256e+00 5.291187081257515246e+00 5.343087893795853027e+00 5.394406205615645433e+00
3.383463838367099186e+00 3.451465492248008360e+00 3.519935950969362182e+00 3.589003844375271868e+00 3.658780728580600439e+00 3.729359033681636681e+00 3.800914983897941912e+00 3.873609650821758787e+00 4.546613117667725135e+00 4.604083203342426600e+00 4.660087719298244835e+00 4.714724974376494515e+00 4.768035092738282188e+00 4.820073540550589897e+00 4.870820355912901078e+00 4.920407215673229473e+00 4.968825723542704687e+00 5.016182341663860456e+00 5.062425175303574498e+00 5.107745827523847204e+00 5.152088290523547442e+00
3.369921047564027994e+00 3.437252947444402462e+00 3.505034191264904564e+00 3.573416529800232055e+00 3.642386381598389011e+00 3.712182144403884720e+00 3.782850618668023301e+00 3.854599018453892079e+00 4.542294960117273739e+00 4.599626537785588276e+00 4.655525355497285744e+00 4.159648680163930301e+00 4.763318307020025344e+00 4.815232644525767824e+00 4.865913249676176555e+00 4.915447476395611304e+00 4.963859026403650176e+00 5.011154968251243957e+00 5.057442984164735478e+00 5.102709262796421008e+00 5.147104239155050998e+00
3.319570945455299515e+00 3.383604021655065797e+00 3.448014288571211949e+00 3.512880562060889389e+00 3.578285313203184437e+00 3.644314868804664265e+00 4.292313352501123447e+00 3.778744220238953400e+00 3.847418382265499481e+00 3.917471924784539539e+00 3.989434875914818157e+00 4.137046562459060439e+00 4.610927209287922324e+00 4.659417161729740187e+00 4.706749068882248643e+00 4.752819440389459693e+00 4.797806716929402526e+00 4.841677156967172380e+00 4.884492081619174364e+00 4.926313452304959206e+00 4.967169053856359540e+00
3.477728625879864754e+00 3.551309458320856649e+00 3.625638844536789751e+00 4.366752637109209800e+00 4.436829782731857463e+00 4.505191366667128605e+00 4.571903574397339298e+00 4.636999100283755837e+00 4.700482490702722060e+00 4.762496376361452732e+00 4.823062506890088308e+00 4.882216526302941340e+00 4.940033482449157631e+00 4.996543487039787124e+00 5.051868153161569452e+00 5.106035333764508799e+00 5.159118062343869049e+00 5.211226078072394685e+00 5.262402525953212340e+00 5.312700077647154906e+00 5.362262049621547177e+00
3.282902365086682206e+00 3.345157536012711486e+00 3.407771109055629744e+00 3.470804409963250237e+00 3.534328027221255830e+00 3.598391795666705750e+00 3.663155566614137992e+00 3.728663757388277489e+00 3.795144974538027238e+00 3.862788243328067583e+00 3.931956458755846207e+00 4.003506519503289063e+00 4.090007902727133882e+00 4.243094537537475119e+00 4.385568000668276234e+00 4.770927331961123841e+00 4.685938738242083623e+00 4.862547426959059393e+00 4.907038874652418059e+00 4.950767368942186053e+00 4.993757802746566554e+00
3.464883406673365140e+00 3.537097915192876307e+00 3.610033115111459523e+00 3.683830071174376997e+00 3.758665812846283760e+00 4.436157455863698473e+00 4.500543527179820202e+00 4.563348816934791330e+00 4.074163588026102012e+00 4.684476730371024189e+00 4.742919989001923575e+00 4.800010971453648523e+00 4.855783237836262423e+00 4.910285001125273219e+00 4.963622764669884724e+00 5.015803215610827870e+00 5.066931425245642551e+00 5.117034885731079008e+00 5.166214335900368049e+00 5.214551342746971407e+00 5.262042902734211935e+00
3.337714083067359283e+00 3.403368640388955590e+00 3.469499628763538901e+00 3.536116927599739057e+00 3.603328921565230214e+00 3.671224526550572076e+00 3.739922985289636070e+00 3.809576582879069750e+00 4.536862003780719022e+00 4.594138701847255035e+00 4.650097513238896418e+00 4.704695149391116438e+00 4.185219998490576465e+00 4.810170073870468244e+00 4.861178627480937209e+00 4.911055331223398213e+00 4.959873247683669995e+00 5.007751725273367427e+00 5.054679335241361038e+00 5.100809925900396280e+00 5.146185990023260715e+00
3.290832580642902183e+00 3.354016434680529457e+00 3.417515814728795398e+00 3.481457755991588243e+00 3.545852742821386183e+00 3.610835283415850139e+00 3.676445085702790383e+00 3.742800307741358523e+00 3.810051608880884011e+00 4.519650206465839481e+00 4.573519323119139557e+00 4.019376165099341591e+00 4.093327875562832396e+00 4.727419719506429807e+00 4.776298641484200580e+00 4.824059652943365251e+00 4.870686698223228639e+00 4.916318715940644068e+00 4.960966837314739308e+00 5.004661876816760113e+00 5.047542392535093292e+00
3.296464366622947395e+00 3.360497353608334237e+00 3.424872965171138706e+00 3.489670575097710614e+00 3.554948348691639559e+00 3.620791700031333438e+00 3.687238675655180931e+00 3.754484523180465771e+00 3.822576833794359086e+00 3.891714744136824500e+00 4.594138701847255035e+00 4.638893312377536660e+00 4.692438273734766518e+00 4.746672170054690554e+00 4.803436515724392564e+00 4.912429127975601162e+00 4.961025369188634571e+00 5.008645058594285437e+00 5.055296635111458770e+00 5.101103878879389875e+00 5.146080059282841290e+00
3.331320660434320402e+00 3.396762677203563285e+00 3.462627857533639553e+00 3.528972169556733096e+00 3.595928302721841163e+00 3.663510057371949902e+00 3.731884809155556759e+00 3.801177673955712155e+00 4.542326221610460735e+00 4.599752849100645413e+00 4.655844111384222828e+00 4.710576629998059595e+00 4.171710332847773373e+00 4.816359107735072698e+00 4.867447743492358647e+00 4.917495355698830117e+00 4.966493179576146666e+00 5.014528393908378234e+00 5.061628750051299974e+00 5.107947967036709613e+00 5.153505758183766439e+00
3.335858392811225315e+00 3.401809207100755739e+00 3.468176016869208400e+00 3.534989464345125398e+00 3.602330430686313534e+00 3.670309275494799461e+00 3.738990749459923268e+00 3.808574139089127897e+00 3.879137169061109169e+00 4.546018101417531376e+00 4.599531808851695658e+00 4.704384763327936980e+00 4.700385016831525320e+00 4.808848280836738986e+00 4.859153951880492706e+00 4.908243121642625439e+00 4.956151823450858807e+00 5.002912654627693634e+00 5.048583975932777967e+00 5.093240251538158070e+00 5.136880749025705128e+00
3.463923239461013992e+00 3.535847251398739566e+00 3.608454887374571207e+00 3.681936281661178700e+00 3.756417212738427214e+00 4.389695190540206404e+00 4.452542744410346032e+00 4.513794851496149008e+00 4.071492650610723629e+00 4.631805989547326696e+00 4.688652770786934987e+00 4.744093946811143603e+00 4.798168470549527775e+00 4.850971233740582811e+00 4.902494825144350976e+00 4.952776650409635550e+00 5.001952817195753909e+00 5.049953595021017705e+00 5.096945276715914019e+00 5.142904163695209974e+00 5.187925785356396702e+00
3.378844297338297942e+00 3.445970626546379201e+00 3.513558201058200936e+00 3.581711231419872465e+00 3.650565148812188632e+00 4.283690883338515221e+00 4.343150231634679059e+00 3.862548454290876787e+00 3.935730216050874475e+00 4.010898579588675794e+00 4.566431195643901653e+00 4.618746596259504678e+00 4.669720297488652250e+00 4.719433120844846563e+00 4.767893420307080632e+00 4.815133276010318042e+00 4.861215714735646287e+00 4.906136077135360374e+00 4.950018562569609593e+00 4.992818548662881994e+00 5.034621644735026713e+00
