6.333333333333333037e+00 7.000000000000000000e+00 7.366666666666666252e+00 7.500000000000000000e+00 7.599999999999999645e+00 7.599999999999999645e+00 7.633333333333333748e+00 7.599999999999999645e+00 7.566666666666666430e+00 7.533333333333333215e+00 7.500000000000000000e+00 7.466666666666666785e+00 7.466666666666666785e+00 7.400000000000000355e+00 7.400000000000000355e+00 7.366666666666666252e+00 7.366666666666666252e+00 7.333333333333333037e+00 7.299999999999999822e+00 7.299999999999999822e+00 7.299999999999999822e+00
6.099999999999999645e+00 6.733333333333333393e+00 7.133333333333333748e+00 7.299999999999999822e+00 7.400000000000000355e+00 7.400000000000000355e+00 7.433333333333333570e+00 7.400000000000000355e+00 7.400000000000000355e+00 7.366666666666666252e+00 7.333333333333333037e+00 7.299999999999999822e+00 7.233333333333333393e+00 7.233333333333333393e+00 7.200000000000000178e+00 7.166666666666666963e+00 7.166666666666666963e+00 7.133333333333333748e+00 7.133333333333333748e+00 7.099999999999999645e+00 7.099999999999999645e+00
5.966666666666666785e+00 6.466666666666666785e+00 6.833333333333333037e+00 7.033333333333333215e+00 7.133333333333333748e+00 7.166666666666666963e+00 7.166666666666666963e+00 7.133333333333333748e+00 7.133333333333333748e+00 7.099999999999999645e+00 7.066666666666666430e+00 7.033333333333333215e+00 7.033333333333333215e+00 6.966666666666666785e+00 6.966666666666666785e+00 6.966666666666666785e+00 6.900000000000000355e+00 6.900000000000000355e+00 6.866666666666666252e+00 6.866666666666666252e+00 6.866666666666666252e+00
5.733333333333333393e+00 6.099999999999999645e+00 6.466666666666666785e+00 6.700000000000000178e+00 6.833333333333333037e+00 6.900000000000000355e+00 6.933333333333333570e+00 6.966666666666666785e+00 6.933333333333333570e+00 6.900000000000000355e+00 6.900000000000000355e+00 6.866666666666666252e+00 6.866666666666666252e+00 6.799999999999999822e+00 6.799999999999999822e+00 6.799999999999999822e+00 6.733333333333333393e+00 6.733333333333333393e+00 6.733333333333333393e+00 6.700000000000000178e+00 6.666666666666666963e+00
5.933333333333333570e+00 6.266666666666666607e+00 6.566666666666666430e+00 6.799999999999999822e+00 6.900000000000000355e+00 6.966666666666666785e+00 7.000000000000000000e+00 6.933333333333333570e+00 6.966666666666666785e+00 6.933333333333333570e+00 6.900000000000000355e+00 6.900000000000000355e+00 6.866666666666666252e+00 6.799999999999999822e+00 6.799999999999999822e+00 6.799999999999999822e+00 6.766666666666666607e+00 6.766666666666666607e+00 6.733333333333333393e+00 6.700000000000000178e+00 6.700000000000000178e+00
5.766666666666666607e+00 6.066666666666666430e+00 6.366666666666666252e+00 6.533333333333333215e+00 6.700000000000000178e+00 6.766666666666666607e+00 6.799999999999999822e+00 6.799999999999999822e+00 6.799999999999999822e+00 6.766666666666666607e+00 6.766666666666666607e+00 6.733333333333333393e+00 6.733333333333333393e+00 6.666666666666666963e+00 6.666666666666666963e+00 6.666666666666666963e+00 6.633333333333333748e+00 6.599999999999999645e+00 6.599999999999999645e+00 6.599999999999999645e+00 6.566666666666666430e+00
5.566666666666666430e+00 5.833333333333333037e+00 6.033333333333333215e+00 6.266666666666666607e+00 6.400000000000000355e+00 6.500000000000000000e+00 6.533333333333333215e+00 6.599999999999999645e+00 6.599999999999999645e+00 6.599999999999999645e+00 6.599999999999999645e+00 6.566666666666666430e+00 6.566666666666666430e+00 6.500000000000000000e+00 6.500000000000000000e+00 6.466666666666666785e+00 6.466666666666666785e+00 6.433333333333333570e+00 6.433333333333333570e+00 6.433333333333333570e+00 6.400000000000000355e+00
5.733333333333333393e+00 6.099999999999999645e+00 6.466666666666666785e+00 6.700000000000000178e+00 6.833333333333333037e+00 6.933333333333333570e+00 6.933333333333333570e+00 6.966666666666666785e+00 6.933333333333333570e+00 6.900000000000000355e+00 6.900000000000000355e+00 6.866666666666666252e+00 6.833333333333333037e+00 6.799999999999999822e+00 6.799999999999999822e+00 6.799999999999999822e+00 6.733333333333333393e+00 6.733333333333333393e+00 6.700000000000000178e+00 6.700000000000000178e+00 6.666666666666666963e+00
5.966666666666666785e+00 6.366666666666666252e+00 6.700000000000000178e+00 6.900000000000000355e+00 7.000000000000000000e+00 7.033333333333333215e+00 7.033333333333333215e+00 7.033333333333333215e+00 7.000000000000000000e+00 7.000000000000000000e+00 6.966666666666666785e+00 6.933333333333333570e+00 6.900000000000000355e+00 6.900000000000000355e+00 6.866666666666666252e+00 6.833333333333333037e+00 6.833333333333333037e+00 6.799999999999999822e+00 6.799999999999999822e+00 6.766666666666666607e+00 6.766666666666666607e+00
5.566666666666666430e+00 5.866666666666666252e+00 6.066666666666666430e+00 6.266666666666666607e+00 6.400000000000000355e+00 6.500000000000000000e+00 6.533333333333333215e+00 6.566666666666666430e+00 6.599999999999999645e+00 6.566666666666666430e+00 6.566666666666666430e+00 6.533333333333333215e+00 6.533333333333333215e+00 6.466666666666666785e+00 6.466666666666666785e+00 6.466666666666666785e+00 6.433333333333333570e+00 6.400000000000000355e+00 6.400000000000000355e+00 6.400000000000000355e+00 6.366666666666666252e+00
5.366666666666666252e+00 5.599999999999999645e+00 5.766666666666666607e+00 5.900000000000000355e+00 6.033333333333333215e+00 6.133333333333333748e+00 6.200000000000000178e+00 6.233333333333333393e+00 6.266666666666666607e+00 6.299999999999999822e+00 6.266666666666666607e+00 6.299999999999999822e+00 6.266666666666666607e+00 6.266666666666666607e+00 6.233333333333333393e+00 6.200000000000000178e+00 6.200000000000000178e+00 6.200000000000000178e+00 6.166666666666666963e+00 6.166666666666666963e+00 6.133333333333333748e+00
6.533333333333333215e+00 7.299999999999999822e+00 7.633333333333333748e+00 7.766666666666666607e+00 7.766666666666666607e+00 7.799999999999999822e+00 7.766666666666666607e+00 7.733333333333333393e+00 7.700000000000000178e+00 7.666666666666666963e+00 7.633333333333333748e+00 7.599999999999999645e+00 7.599999999999999645e+00 7.566666666666666430e+00 7.533333333333333215e+00 7.500000000000000000e+00 7.466666666666666785e+00 7.466666666666666785e+00 7.433333333333333570e+00 7.433333333333333570e+00 7.400000000000000355e+00
5.633333333333333748e+00 5.900000000000000355e+00 6.133333333333333748e+00 6.366666666666666252e+00 6.533333333333333215e+00 6.599999999999999645e+00 6.666666666666666963e+00 6.666666666666666963e+00 6.700000000000000178e+00 6.666666666666666963e+00 6.666666666666666963e+00 6.633333333333333748e+00 6.633333333333333748e+00 6.599999999999999645e+00 6.566666666666666430e+00 6.533333333333333215e+00 6.533333333333333215e+00 6.500000000000000000e+00 6.500000000000000000e+00 6.466666666666666785e+00 6.466666666666666785e+00
5.966666666666666785e+00 6.500000000000000000e+00 6.833333333333333037e+00 7.033333333333333215e+00 7.099999999999999645e+00 7.133333333333333748e+00 7.133333333333333748e+00 7.133333333333333748e+00 7.099999999999999645e+00 7.066666666666666430e+00 7.033333333333333215e+00 7.000000000000000000e+00 6.966666666666666785e+00 6.966666666666666785e+00 6.900000000000000355e+00 6.900000000000000355e+00 6.866666666666666252e+00 6.866666666666666252e+00 6.833333333333333037e+00 6.833333333333333037e+00 6.799999999999999822e+00
6.200000000000000178e+00 6.933333333333333570e+00 7.333333333333333037e+00 7.500000000000000000e+00 7.566666666666666430e+00 7.599999999999999645e+00 7.566666666666666430e+00 7.566666666666666430e+00 7.533333333333333215e+00 7.500000000000000000e+00 7.466666666666666785e+00 7.433333333333333570e+00 7.400000000000000355e+00 7.366666666666666252e+00 7.366666666666666252e+00 7.333333333333333037e+00 7.299999999999999822e+00 7.299999999999999822e+00 7.266666666666666607e+00 7.233333333333333393e+00 7.233333333333333393e+00
5.299999999999999822e+00 5.500000000000000000e+00 5.666666666666666963e+00 5.833333333333333037e+00 5.933333333333333570e+00 6.033333333333333215e+00 6.099999999999999645e+00 6.166666666666666963e+00 6.200000000000000178e+00 6.200000000000000178e+00 6.200000000000000178e+00 6.200000000000000178e+00 6.166666666666666963e+00 6.133333333333333748e+00 6.133333333333333748e+00 6.133333333333333748e+00 6.099999999999999645e+00 6.066666666666666430e+00 6.066666666666666430e+00 6.066666666666666430e+00 6.066666666666666430e+00
6.433333333333333570e+00 7.200000000000000178e+00 7.500000000000000000e+00 7.633333333333333748e+00 7.666666666666666963e+00 7.666666666666666963e+00 7.666666666666666963e+00 7.599999999999999645e+00 7.599999999999999645e+00 7.533333333333333215e+00 7.500000000000000000e+00 7.466666666666666785e+00 7.433333333333333570e+00 7.433333333333333570e+00 7.400000000000000355e+00 7.366666666666666252e+00 7.366666666666666252e+00 7.333333333333333037e+00 7.333333333333333037e+00 7.299999999999999822e+00 7.299999999999999822e+00
6.266666666666666607e+00 6.933333333333333570e+00 7.299999999999999822e+00 7.433333333333333570e+00 7.533333333333333215e+00 7.566666666666666430e+00 7.533333333333333215e+00 7.533333333333333215e+00 7.500000000000000000e+00 7.500000000000000000e+00 7.433333333333333570e+00 7.433333333333333570e+00 7.400000000000000355e+00 7.366666666666666252e+00 7.333333333333333037e+00 7.299999999999999822e+00 7.299999999999999822e+00 7.266666666666666607e+00 7.266666666666666607e+00 7.233333333333333393e+00 7.200000000000000178e+00
6.166666666666666963e+00 6.799999999999999822e+00 7.133333333333333748e+00 7.299999999999999822e+00 7.366666666666666252e+00 7.366666666666666252e+00 7.333333333333333037e+00 7.333333333333333037e+00 7.299999999999999822e+00 7.266666666666666607e+00 7.233333333333333393e+00 7.200000000000000178e+00 7.200000000000000178e+00 7.133333333333333748e+00 7.133333333333333748e+00 7.099999999999999645e+00 7.099999999999999645e+00 7.066666666666666430e+00 7.033333333333333215e+00 7.033333333333333215e+00 7.000000000000000000e+00
6.066666666666666430e+00 6.599999999999999645e+00 6.933333333333333570e+00 7.133333333333333748e+00 7.200000000000000178e+00 7.233333333333333393e+00 7.233333333333333393e+00 7.233333333333333393e+00 7.200000000000000178e+00 7.166666666666666963e+00 7.133333333333333748e+00 7.099999999999999645e+00 7.066666666666666430e+00 7.066666666666666430e+00 7.033333333333333215e+00 7.000000000000000000e+00 7.000000000000000000e+00 6.966666666666666785e+00 6.966666666666666785e+00 6.966666666666666785e+00 6.933333333333333570e+00
6.700000000000000178e+00 7.500000000000000000e+00 7.799999999999999822e+00 7.933333333333333570e+00 7.933333333333333570e+00 7.966666666666666785e+00 7.900000000000000355e+00 7.866666666666666252e+00 7.833333333333333037e+00 7.833333333333333037e+00 7.766666666666666607e+00 7.766666666666666607e+00 7.700000000000000178e+00 7.700000000000000178e+00 7.666666666666666963e+00 7.633333333333333748e+00 7.633333333333333748e+00 7.599999999999999645e+00 7.599999999999999645e+00 7.566666666666666430e+00 7.566666666666666430e+00
5.599999999999999645e+00 5.900000000000000355e+00 6.166666666666666963e+00 6.366666666666666252e+00 6.500000000000000000e+00 6.566666666666666430e+00 6.599999999999999645e+00 6.599999999999999645e+00 6.599999999999999645e+00 6.633333333333333748e+00 6.599999999999999645e+00 6.566666666666666430e+00 6.566666666666666430e+00 6.500000000000000000e+00 6.500000000000000000e+00 6.500000000000000000e+00 6.466666666666666785e+00 6.433333333333333570e+00 6.433333333333333570e+00 6.400000000000000355e+00 6.400000000000000355e+00
5.466666666666666785e+00 5.733333333333333393e+00 5.933333333333333570e+00 6.099999999999999645e+00 6.233333333333333393e+00 6.366666666666666252e+00 6.433333333333333570e+00 6.466666666666666785e+00 6.466666666666666785e+00 6.500000000000000000e+00 6.500000000000000000e+00 6.466666666666666785e+00 6.433333333333333570e+00 6.400000000000000355e+00 6.366666666666666252e+00 6.366666666666666252e+00 6.366666666666666252e+00 6.366666666666666252e+00 6.299999999999999822e+00 6.299999999999999822e+00 6.299999999999999822e+00
6.000000000000000000e+00 6.466666666666666785e+00 6.799999999999999822e+00 6.933333333333333570e+00 7.033333333333333215e+00 7.099999999999999645e+00 7.099999999999999645e+00 7.099999999999999645e+00 7.033333333333333215e+00 7.033333333333333215e+00 7.033333333333333215e+00 7.000000000000000000e+00 6.966666666666666785e+00 6.933333333333333570e+00 6.900000000000000355e+00 6.900000000000000355e+00 6.866666666666666252e+00 6.833333333333333037e+00 6.833333333333333037e+00 6.799999999999999822e+00 6.799999999999999822e+00
6.066666666666666430e+00 6.633333333333333748e+00 7.000000000000000000e+00 7.166666666666666963e+00 7.233333333333333393e+00 7.233333333333333393e+00 7.200000000000000178e+00 7.200000000000000178e+00 7.166666666666666963e+00 7.133333333333333748e+00 7.133333333333333748e+00 7.099999999999999645e+00 7.066666666666666430e+00 7.033333333333333215e+00 7.033333333333333215e+00 7.000000000000000000e+00 7.000000000000000000e+00 6.933333333333333570e+00 6.933333333333333570e+00 6.900000000000000355e+00 6.900000000000000355e+00
6.533333333333333215e+00 7.333333333333333037e+00 7.633333333333333748e+00 7.799999999999999822e+00 7.833333333333333037e+00 7.799999999999999822e+00 7.799999999999999822e+00 7.799999999999999822e+00 7.766666666666666607e+00 7.700000000000000178e+00 7.666666666666666963e+00 7.633333333333333748e+00 7.633333333333333748e+00 7.566666666666666430e+00 7.566666666666666430e+00 7.533333333333333215e+00 7.500000000000000000e+00 7.500000000000000000e+00 7.466666666666666785e+00 7.466666666666666785e+00 7.466666666666666785e+00
5.433333333333333570e+00 5.666666666666666963e+00 5.900000000000000355e+00 6.066666666666666430e+00 6.233333333333333393e+00 6.366666666666666252e+00 6.400000000000000355e+00 6.433333333333333570e+00 6.500000000000000000e+00 6.466666666666666785e+00 6.466666666666666785e+00 6.466666666666666785e+00 6.400000000000000355e+00 6.400000000000000355e+00 6.366666666666666252e+00 6.366666666666666252e+00 6.333333333333333037e+00 6.333333333333333037e+00 6.299999999999999822e+00 6.299999999999999822e+00 6.299999999999999822e+00
6.533333333333333215e+00 7.299999999999999822e+00 7.633333333333333748e+00 7.766666666666666607e+00 7.799999999999999822e+00 7.799999999999999822e+00 7.766666666666666607e+00 7.766666666666666607e+00 7.733333333333333393e+00 7.700000000000000178e+00 7.633333333333333748e+00 7.633333333333333748e+00 7.566666666666666430e+00 7.566666666666666430e+00 7.533333333333333215e+00 7.500000000000000000e+00 7.500000000000000000e+00 7.466666666666666785e+00 7.433333333333333570e+00 7.433333333333333570e+00 7.433333333333333570e+00
5.733333333333333393e+00 6.033333333333333215e+00 6.299999999999999822e+00 6.500000000000000000e+00 6.633333333333333748e+00 6.733333333333333393e+00 6.766666666666666607e+00 6.766666666666666607e+00 6.799999999999999822e+00 6.799999999999999822e+00 6.766666666666666607e+00 6.733333333333333393e+00 6.700000000000000178e+00 6.700000000000000178e+00 6.700000000000000178e+00 6.666666666666666963e+00 6.633333333333333748e+00 6.599999999999999645e+00 6.599999999999999645e+00 6.599999999999999645e+00 6.566666666666666430e+00
5.799999999999999822e+00 6.166666666666666963e+00 6.500000000000000000e+00 6.733333333333333393e+00 6.866666666666666252e+00 6.933333333333333570e+00 6.966666666666666785e+00 6.933333333333333570e+00 6.933333333333333570e+00 6.933333333333333570e+00 6.900000000000000355e+00 6.866666666666666252e+00 6.833333333333333037e+00 6.799999999999999822e+00 6.799999999999999822e+00 6.766666666666666607e+00 6.766666666666666607e+00 6.733333333333333393e+00 6.733333333333333393e+00 6.700000000000000178e+00 6.666666666666666963e+00
6.599999999999999645e+00 7.299999999999999822e+00 7.633333333333333748e+00 7.799999999999999822e+00 7.866666666666666252e+00 7.866666666666666252e+00 7.833333333333333037e+00 7.833333333333333037e+00 7.799999999999999822e+00 7.733333333333333393e+00 7.733333333333333393e+00 7.700000000000000178e+00 7.666666666666666963e+00 7.633333333333333748e+00 7.633333333333333748e+00 7.599999999999999645e+00 7.566666666666666430e+00 7.566666666666666430e+00 7.533333333333333215e+00 7.533333333333333215e+00 7.500000000000000000e+00
5.833333333333333037e+00 6.200000000000000178e+00 6.566666666666666430e+00 6.833333333333333037e+00 6.966666666666666785e+00 7.066666666666666430e+00 7.066666666666666430e+00 7.066666666666666430e+00 7.099999999999999645e+00 7.066666666666666430e+00 7.033333333333333215e+00 7.000000000000000000e+00 6.966666666666666785e+00 6.933333333333333570e+00 6.933333333333333570e+00 6.900000000000000355e+00 6.900000000000000355e+00 6.866666666666666252e+00 6.866666666666666252e+00 6.833333333333333037e+00 6.799999999999999822e+00
5.633333333333333748e+00 5.966666666666666785e+00 6.233333333333333393e+00 6.466666666666666785e+00 6.599999999999999645e+00 6.666666666666666963e+00 6.733333333333333393e+00 6.766666666666666607e+00 6.766666666666666607e+00 6.733333333333333393e+00 6.733333333333333393e+00 6.700000000000000178e+00 6.700000000000000178e+00 6.666666666666666963e+00 6.633333333333333748e+00 6.599999999999999645e+00 6.599999999999999645e+00 6.599999999999999645e+00 6.566666666666666430e+00 6.533333333333333215e+00 6.533333333333333215e+00
6.466666666666666785e+00 7.200000000000000178e+00 7.500000000000000000e+00 7.633333333333333748e+00 7.666666666666666963e+00 7.666666666666666963e+00 7.666666666666666963e+00 7.633333333333333748e+00 7.566666666666666430e+00 7.566666666666666430e+00 7.533333333333333215e+00 7.466666666666666785e+00 7.466666666666666785e+00 7.433333333333333570e+00 7.400000000000000355e+00 7.400000000000000355e+00 7.366666666666666252e+00 7.333333333333333037e+00 7.333333333333333037e+00 7.333333333333333037e+00 7.299999999999999822e+00
6.099999999999999645e+00 6.733333333333333393e+00 7.133333333333333748e+00 7.266666666666666607e+00 7.333333333333333037e+00 7.366666666666666252e+00 7.366666666666666252e+00 7.366666666666666252e+00 7.299999999999999822e+00 7.266666666666666607e+00 7.233333333333333393e+00 7.233333333333333393e+00 7.166666666666666963e+00 7.133333333333333748e+00 7.133333333333333748e+00 7.099999999999999645e+00 7.099999999999999645e+00 7.099999999999999645e+00 7.066666666666666430e+00 7.066666666666666430e+00 7.033333333333333215e+00
5.433333333333333570e+00 5.700000000000000178e+00 5.900000000000000355e+00 6.066666666666666430e+00 6.233333333333333393e+00 6.333333333333333037e+00 6.400000000000000355e+00 6.433333333333333570e+00 6.466666666666666785e+00 6.466666666666666785e+00 6.433333333333333570e+00 6.433333333333333570e+00 6.433333333333333570e+00 6.400000000000000355e+00 6.400000000000000355e+00 6.366666666666666252e+00 6.333333333333333037e+00 6.299999999999999822e+00 6.333333333333333037e+00 6.299999999999999822e+00 6.299999999999999822e+00
6.000000000000000000e+00 6.400000000000000355e+00 6.733333333333333393e+00 6.900000000000000355e+00 7.000000000000000000e+00 7.033333333333333215e+00 7.033333333333333215e+00 7.033333333333333215e+00 7.033333333333333215e+00 7.000000000000000000e+00 6.966666666666666785e+00 6.933333333333333570e+00 6.900000000000000355e+00 6.866666666666666252e+00 6.833333333333333037e+00 6.833333333333333037e+00 6.833333333333333037e+00 6.799999999999999822e+00 6.799999999999999822e+00 6.766666666666666607e+00 6.766666666666666607e+00
5.900000000000000355e+00 6.333333333333333037e+00 6.700000000000000178e+00 6.900000000000000355e+00 7.000000000000000000e+00 7.066666666666666430e+00 7.066666666666666430e+00 7.066666666666666430e+00 7.066666666666666430e+00 7.000000000000000000e+00 7.000000000000000000e+00 6.966666666666666785e+00 6.966666666666666785e+00 6.933333333333333570e+00 6.900000000000000355e+00 6.866666666666666252e+00 6.866666666666666252e+00 6.833333333333333037e+00 6.833333333333333037e+00 6.799999999999999822e+00 6.799999999999999822e+00
6.066666666666666430e+00 6.566666666666666430e+00 6.966666666666666785e+00 7.133333333333333748e+00 7.233333333333333393e+00 7.266666666666666607e+00 7.299999999999999822e+00 7.299999999999999822e+00 7.266666666666666607e+00 7.233333333333333393e+00 7.200000000000000178e+00 7.166666666666666963e+00 7.166666666666666963e+00 7.133333333333333748e+00 7.099999999999999645e+00 7.066666666666666430e+00 7.033333333333333215e+00 7.033333333333333215e+00 7.033333333333333215e+00 7.000000000000000000e+00 6.966666666666666785e+00
5.700000000000000178e+00 6.033333333333333215e+00 6.366666666666666252e+00 6.566666666666666430e+00 6.700000000000000178e+00 6.799999999999999822e+00 6.866666666666666252e+00 6.866666666666666252e+00 6.866666666666666252e+00 6.833333333333333037e+00 6.833333333333333037e+00 6.799999999999999822e+00 6.766666666666666607e+00 6.733333333333333393e+00 6.733333333333333393e+00 6.700000000000000178e+00 6.666666666666666963e+00 6.666666666666666963e+00 6.666666666666666963e+00 6.633333333333333748e+00 6.633333333333333748e+00
6.433333333333333570e+00 7.099999999999999645e+00 7.400000000000000355e+00 7.533333333333333215e+00 7.566666666666666430e+00 7.599999999999999645e+00 7.566666666666666430e+00 7.566666666666666430e+00 7.533333333333333215e+00 7.500000000000000000e+00 7.466666666666666785e+00 7.433333333333333570e+00 7.400000000000000355e+00 7.400000000000000355e+00 7.366666666666666252e+00 7.333333333333333037e+00 7.333333333333333037e+00 7.299999999999999822e+00 7.299999999999999822e+00 7.266666666666666607e+00 7.266666666666666607e+00
5.400000000000000355e+00 5.633333333333333748e+00 5.799999999999999822e+00 5.966666666666666785e+00 6.099999999999999645e+00 6.200000000000000178e+00 6.266666666666666607e+00 6.299999999999999822e+00 6.299999999999999822e+00 6.333333333333333037e+00 6.333333333333333037e+00 6.333333333333333037e+00 6.299999999999999822e+00 6.299999999999999822e+00 6.266666666666666607e+00 6.233333333333333393e+00 6.233333333333333393e+00 6.233333333333333393e+00 6.200000000000000178e+00 6.166666666666666963e+00 6.166666666666666963e+00
6.366666666666666252e+00 7.066666666666666430e+00 7.433333333333333570e+00 7.566666666666666430e+00 7.633333333333333748e+00 7.633333333333333748e+00 7.599999999999999645e+00 7.599999999999999645e+00 7.566666666666666430e+00 7.533333333333333215e+00 7.500000000000000000e+00 7.466666666666666785e+00 7.433333333333333570e+00 7.433333333333333570e+00 7.366666666666666252e+00 7.366666666666666252e+00 7.366666666666666252e+00 7.333333333333333037e+00 7.333333333333333037e+00 7.266666666666666607e+00 7.266666666666666607e+00
5.700000000000000178e+00 6.000000000000000000e+00 6.266666666666666607e+00 6.500000000000000000e+00 6.633333333333333748e+00 6.700000000000000178e+00 6.733333333333333393e+00 6.766666666666666607e+00 6.766666666666666607e+00 6.733333333333333393e+00 6.733333333333333393e+00 6.666666666666666963e+00 6.666666666666666963e+00 6.633333333333333748e+00 6.599999999999999645e+00 6.599999999999999645e+00 6.599999999999999645e+00 6.566666666666666430e+00 6.566666666666666430e+00 6.533333333333333215e+00 6.500000000000000000e+00
6.033333333333333215e+00 6.599999999999999645e+00 7.033333333333333215e+00 7.233333333333333393e+00 7.333333333333333037e+00 7.366666666666666252e+00 7.400000000000000355e+00 7.366666666666666252e+00 7.366666666666666252e+00 7.333333333333333037e+00 7.299999999999999822e+00 7.266666666666666607e+00 7.266666666666666607e+00 7.200000000000000178e+00 7.200000000000000178e+00 7.166666666666666963e+00 7.133333333333333748e+00 7.133333333333333748e+00 7.099999999999999645e+00 7.099999999999999645e+00 7.066666666666666430e+00
6.033333333333333215e+00 6.533333333333333215e+00 6.900000000000000355e+00 7.099999999999999645e+00 7.233333333333333393e+00 7.266666666666666607e+00 7.266666666666666607e+00 7.266666666666666607e+00 7.266666666666666607e+00 7.233333333333333393e+00 7.200000000000000178e+00 7.166666666666666963e+00 7.166666666666666963e+00 7.099999999999999645e+00 7.099999999999999645e+00 7.066666666666666430e+00 7.033333333333333215e+00 7.033333333333333215e+00 7.000000000000000000e+00 7.000000000000000000e+00 7.000000000000000000e+00
6.166666666666666963e+00 6.766666666666666607e+00 7.166666666666666963e+00 7.366666666666666252e+00 7.466666666666666785e+00 7.466666666666666785e+00 7.466666666666666785e+00 7.500000000000000000e+00 7.433333333333333570e+00 7.433333333333333570e+00 7.400000000000000355e+00 7.366666666666666252e+00 7.333333333333333037e+00 7.299999999999999822e+00 7.266666666666666607e+00 7.266666666666666607e+00 7.233333333333333393e+00 7.233333333333333393e+00 7.200000000000000178e+00 7.200000000000000178e+00 7.166666666666666963e+00
6.233333333333333393e+00 6.966666666666666785e+00 7.333333333333333037e+00 7.500000000000000000e+00 7.566666666666666430e+00 7.599999999999999645e+00 7.566666666666666430e+00 7.566666666666666430e+00 7.533333333333333215e+00 7.533333333333333215e+00 7.500000000000000000e+00 7.433333333333333570e+00 7.433333333333333570e+00 7.366666666666666252e+00 7.333333333333333037e+00 7.333333333333333037e+00 7.299999999999999822e+00 7.299999999999999822e+00 7.299999999999999822e+00 7.266666666666666607e+00 7.266666666666666607e+00
6.466666666666666785e+00 7.299999999999999822e+00 7.633333333333333748e+00 7.766666666666666607e+00 7.799999999999999822e+00 7.766666666666666607e+00 7.766666666666666607e+00 7.733333333333333393e+00 7.700000000000000178e+00 7.666666666666666963e+00 7.633333333333333748e+00 7.599999999999999645e+00 7.566666666666666430e+00 7.533333333333333215e+00 7.500000000000000000e+00 7.500000000000000000e+00 7.500000000000000000e+00 7.433333333333333570e+00 7.433333333333333570e+00 7.433333333333333570e+00 7.400000000000000355e+00
6.000000000000000000e+00 6.599999999999999645e+00 7.099999999999999645e+00 7.266666666666666607e+00 7.333333333333333037e+00 7.366666666666666252e+00 7.366666666666666252e+00 7.366666666666666252e+00 7.333333333333333037e+00 7.266666666666666607e+00 7.266666666666666607e+00 7.233333333333333393e+00 7.200000000000000178e+00 7.166666666666666963e+00 7.133333333333333748e+00 7.133333333333333748e+00 7.099999999999999645e+00 7.099999999999999645e+00 7.066666666666666430e+00 7.033333333333333215e+00 7.033333333333333215e+00
