6.426735218508996539e+00 7.094714437743879998e+00 7.452953232718463994e+00 7.611798287345385994e+00 7.681966583445361429e+00 7.704160246533127143e+00 7.696748123917644513e+00 7.674597083653107887e+00 7.645259938837919655e+00 7.614696363982485394e+00 7.582938388625592552e+00 7.552870090634440814e+00 7.525870178739417327e+00 7.499062617172853606e+00 7.473841554559043310e+00 7.452953232718463994e+00 7.432181345224822877e+00 7.412898443291326522e+00 7.396449704142010972e+00 7.380073800738006895e+00 7.363770250368187220e+00
6.162378678169773139e+00 6.790018672551348722e+00 7.216308858019122141e+00 7.393715341959334886e+00 7.472445357743320749e+00 7.500468779298705257e+00 7.499062617172853606e+00 7.480830372171309861e+00 7.454342154304882229e+00 7.425283088917764118e+00 7.395082270290257220e+00 7.363770250368187220e+00 7.336757153338224313e+00 7.308605883427735428e+00 7.284647605172099638e+00 7.260845888546015203e+00 7.239819004524886914e+00 7.220216606498195411e+00 7.202016564638098473e+00 7.185198491108316432e+00 7.169743681663381274e+00
6.052352852171281050e+00 6.550933508024892937e+00 6.931207762952694473e+00 7.113640405477502426e+00 7.199424046076313033e+00 7.235890014471778819e+00 7.238508867173361949e+00 7.224128589488892693e+00 7.200720072007200656e+00 7.172314864622556740e+00 7.144132880871584490e+00 7.114905727499110100e+00 7.089684509039346771e+00 7.063393960798162396e+00 7.041013906002464573e+00 7.018775223723460854e+00 6.999125109361330033e+00 6.980802792321116890e+00 6.965000870625107865e+00 6.948063227375368633e+00 6.934812760055478087e+00
5.819028222286878105e+00 6.183335909723294499e+00 6.543432030099786800e+00 6.786562606040041246e+00 6.919218128351495523e+00 6.986899563318777595e+00 7.017543859649123306e+00 7.024938531787847218e+00 7.013852358407854481e+00 6.994229760447630895e+00 6.972285166463307426e+00 6.945650286508074700e+00 6.921612735767433300e+00 6.896551724137930606e+00 6.874033339061694114e+00 6.851661527920519745e+00 6.831767719897523072e+00 6.813149378300118464e+00 6.795786612300373619e+00 6.778512116590407643e+00 6.763611768684477887e+00
5.987127675497679213e+00 6.367398917542183234e+00 6.675567423230973851e+00 6.863417982155112895e+00 6.968641114982577989e+00 7.022471910112359161e+00 7.043493572812114856e+00 7.038535984515220001e+00 7.022471910112359161e+00 6.996676578625152132e+00 6.971070059254095064e+00 6.945650286508074700e+00 6.920415224913495145e+00 6.897740989825832614e+00 6.876396768093518297e+00 6.856359273225916873e+00 6.837606837606837296e+00 6.820119352088661380e+00 6.805035726437562715e+00 6.790018672551348722e+00 6.776215483652380023e+00
5.864242779651077875e+00 6.178560395427864727e+00 6.448492664839593047e+00 6.641208699983395469e+00 6.762468300929839415e+00 6.834102169827438900e+00 6.871671534100670442e+00 6.883496816382722372e+00 6.875214850464075766e+00 6.857534716269500841e+00 6.835269993164730273e+00 6.810829218457345569e+00 6.787714237230612291e+00 6.765899864682001663e+00 6.744225257123587447e+00 6.723819129265423022e+00 6.705783738474433875e+00 6.688963210702341122e+00 6.672226855713094373e+00 6.657789613848200894e+00 6.644518272425249172e+00
5.637773079633545237e+00 5.902316659288771028e+00 6.134028523232633034e+00 6.326111023248457421e+00 6.469351447517386333e+00 6.565988181221273479e+00 6.626905235255135196e+00 6.660006660006660084e+00 6.674453529117302608e+00 6.672226855713094373e+00 6.658897952388879382e+00 6.640106241699867518e+00 6.620324395895398339e+00 6.598482349059715979e+00 6.577865482650880224e+00 6.558452205279554192e+00 6.540222367560496686e+00 6.523157208088714576e+00 6.507239303725394386e+00 6.492452523940918319e+00 6.477732793522267052e+00
5.819874872690236955e+00 6.190992106485063928e+00 6.557377049180328044e+00 6.801564359802753756e+00 6.928806513078122009e+00 6.994229760447630895e+00 7.021239248727400017e+00 7.026172492534691116e+00 7.015082427218518824e+00 6.994229760447630895e+00 6.969855375500959127e+00 6.943239021003297928e+00 6.918021445866481933e+00 6.894174422612890929e+00 6.870491240123668852e+00 6.848142441362780275e+00 6.828269033799931442e+00 6.809669731018045624e+00 6.792324673119375156e+00 6.776215483652380023e+00 6.761325219743069326e+00
6.054184955350385700e+00 6.468305304010348422e+00 6.786562606040041246e+00 6.967427277477790781e+00 7.062146892655366770e+00 7.106057914372002848e+00 7.117437722419928114e+00 7.106057914372002848e+00 7.084661707403470565e+00 7.058408328921827568e+00 7.032348804500702322e+00 7.005253940455341777e+00 6.978367062107466268e+00 6.956521739130435478e+00 6.934812760055478087e+00 6.913238852402350254e+00 6.894174422612890929e+00 6.877579092159559870e+00 6.862240521530280191e+00 6.848142441362780275e+00 6.834102169827438900e+00
5.679397983813715634e+00 5.944419676029126798e+00 6.172839506172839386e+00 6.354249404289117997e+00 6.484033068568648694e+00 6.569223189357858317e+00 6.622516556291390799e+00 6.650041562759767544e+00 6.656681644200365788e+00 6.647831145088914262e+00 6.629101756711965443e+00 6.609385327164573276e+00 6.587615283267457045e+00 6.565988181221273479e+00 6.544502617801046362e+00 6.525285481239804675e+00 6.508298080052066226e+00 6.491398896462187373e+00 6.474587245063126772e+00 6.459948320413436029e+00 6.446414182111200653e+00
5.469711472719813727e+00 5.666525003541576844e+00 5.841974587410544650e+00 5.986231667165518466e+00 6.105006105006104633e+00 6.199628022318660392e+00 6.269592476489028066e+00 6.318117201074080036e+00 6.350214319733289869e+00 6.365372374283895240e+00 6.365372374283895240e+00 6.355258976803304094e+00 6.339144215530903459e+00 6.321112515802781218e+00 6.303183107469271462e+00 6.285355122564424413e+00 6.268609935746748185e+00 6.251953735542356227e+00 6.236357966947302600e+00 6.221807435059884206e+00 6.208288064566195530e+00
6.636801061888169428e+00 7.399186089530150667e+00 7.708614376565812165e+00 7.830853563038371767e+00 7.872466049990159753e+00 7.872466049990159753e+00 7.849293563579276878e+00 7.818608287724784667e+00 7.782101167315174983e+00 7.747433662599263471e+00 7.714561234329798012e+00 7.681966583445361429e+00 7.652573177731011533e+00 7.624857033930613426e+00 7.600228006840204387e+00 7.578628268283439162e+00 7.557150954090307238e+00 7.537214999057847642e+00 7.520210565895845356e+00 7.503282686175201555e+00 7.489234225800410982e+00
5.701254275940707217e+00 5.973715651135005800e+00 6.224712107065047739e+00 6.432936635574138862e+00 6.580029610133245832e+00 6.673340006673340596e+00 6.728343145500420341e+00 6.756756756756757021e+00 6.762468300929839415e+00 6.754474839581222412e+00 6.736274840013471099e+00 6.714789323484975370e+00 6.692320562154926655e+00 6.671114076050700170e+00 6.648936170212765617e+00 6.628003314001656321e+00 6.609385327164573276e+00 6.590871642774756900e+00 6.574621959237344271e+00 6.558452205279554192e+00 6.544502617801046362e+00
6.057852491291836117e+00 6.556302245533518480e+00 6.915629322268326717e+00 7.087172218284904623e+00 7.167174341515857527e+00 7.199424046076313033e+00 7.199424046076313033e+00 7.182618064284431725e+00 7.158196134574086322e+00 7.128854036713597964e+00 7.101011894194922291e+00 7.073386383731210536e+00 7.047216349541930214e+00 7.022471910112359161e+00 7.000350017500875488e+00 6.979584714709474724e+00 6.960153123368713501e+00 6.940829429116778471e+00 6.925207756232686584e+00 6.909656244601831254e+00 6.896551724137930606e+00
6.290297216543480729e+00 7.023705004389815265e+00 7.423904974016330982e+00 7.584376185058779640e+00 7.649646203863071925e+00 7.668711656441717928e+00 7.658433850277617694e+00 7.635044855888528659e+00 7.604562737642585724e+00 7.571455612341471131e+00 7.538635506973237810e+00 7.507507507507506617e+00 7.478033277248083976e+00 7.450176941702365774e+00 7.423904974016330982e+00 7.400555041628122055e+00 7.378712414683636922e+00 7.358351729212656345e+00 7.340796476417692062e+00 7.321984257733844537e+00 7.307270734380709065e+00
5.364087434625184336e+00 5.578022590991492891e+00 5.748778384593273394e+00 5.890148726255337586e+00 6.009615384615384137e+00 6.105006105006104633e+00 6.175698625907055650e+00 6.225680933852140164e+00 6.257822277847308712e+00 6.272541947624274528e+00 6.274509803921568540e+00 6.265664160401001048e+00 6.250000000000000000e+00 6.233442418575657840e+00 6.215040397762584767e+00 6.197706848466066454e+00 6.181424818420645728e+00 6.164278008938202547e+00 6.150061500615005450e+00 6.135910415707929388e+00 6.122761365375783527e+00
6.519967400162999027e+00 7.280669821623589222e+00 7.582938388625592552e+00 7.704160246533127143e+00 7.745933384972889080e+00 7.747433662599263471e+00 7.727975270479134906e+00 7.696748123917644513e+00 7.661367554108408306e+00 7.629219912263970116e+00 7.594456047085626160e+00 7.564296520423599901e+00 7.537214999057847642e+00 7.508916838746010569e+00 7.486430844095076864e+00 7.464079119238664184e+00 7.443245254931150079e+00 7.425283088917764118e+00 7.407407407407407440e+00 7.392348918868970387e+00 7.377351530800441815e+00
6.353240152477763303e+00 7.011393514460999121e+00 7.375991148810619791e+00 7.537214999057847642e+00 7.608902415826515941e+00 7.632131272657889376e+00 7.626310772163965801e+00 7.604562737642585724e+00 7.575757575757576134e+00 7.545746085644218226e+00 7.514559458951718618e+00 7.483629560336763298e+00 7.457121551081282718e+00 7.430800668772058692e+00 7.407407407407407440e+00 7.384160974709248038e+00 7.363770250368187220e+00 7.346189164370982461e+00 7.327349331379373609e+00 7.311277645768598177e+00 7.296607077708864963e+00
6.268609935746748185e+00 6.879944960440316670e+00 7.218913553510196479e+00 7.366482504604051407e+00 7.429420505200594604e+00 7.443245254931150079e+00 7.430800668772058692e+00 7.406035919274208013e+00 7.375991148810619791e+00 7.342143906020557331e+00 7.312614259597806310e+00 7.281995266703075842e+00 7.254261878853826673e+00 7.229351165732874840e+00 7.204610951008644903e+00 7.183908045977010381e+00 7.163323782234957804e+00 7.145409074669523797e+00 7.128854036713597964e+00 7.113640405477502426e+00 7.098491570541260565e+00
6.163328197226502603e+00 6.691201070592170730e+00 7.031112673580594219e+00 7.195538765965102002e+00 7.274049827241316990e+00 7.304601899196493164e+00 7.304601899196493164e+00 7.287301876480233531e+00 7.262164124909221918e+00 7.233273056057865524e+00 7.205908845253107486e+00 7.177462766911895997e+00 7.151796888968352306e+00 7.127583749109051681e+00 7.104795737122557853e+00 7.084661707403470565e+00 7.065889418830594515e+00 7.049700387733521367e+00 7.032348804500702322e+00 7.017543859649123306e+00 7.004027315706530921e+00
6.790018672551348722e+00 7.597340930674264747e+00 7.895775759968416629e+00 8.006405124099279291e+00 8.038585209003214160e+00 8.030515960650470575e+00 8.004802881729037978e+00 7.968127490039840666e+00 7.930214115781125450e+00 7.894217485691729763e+00 7.858546168958741696e+00 7.826257092545490401e+00 7.795751315533033576e+00 7.766990291262136026e+00 7.741436036384748753e+00 7.719027402547278705e+00 7.696748123917644513e+00 7.677543186180422197e+00 7.659900421294522310e+00 7.642338555598013450e+00 7.626310772163965801e+00
5.695571693008685266e+00 5.993407252022774578e+00 6.246096189881322758e+00 6.440186765416196835e+00 6.568144499178981910e+00 6.644518272425249172e+00 6.686726847208291247e+00 6.703536115300820164e+00 6.701289998324678088e+00 6.686726847208291247e+00 6.666666666666666963e+00 6.643414715163593165e+00 6.621420294653202809e+00 6.598482349059715979e+00 6.577865482650880224e+00 6.558452205279554192e+00 6.540222367560496686e+00 6.523157208088714576e+00 6.508298080052066226e+00 6.493506493506494337e+00 6.479831524380365693e+00
5.564830272676682732e+00 5.815644082582145380e+00 6.027727546714888085e+00 6.202512017367032726e+00 6.337135614702154029e+00 6.431902235086026209e+00 6.495615459564793248e+00 6.532745386248570263e+00 6.550933508024892937e+00 6.553079947575360720e+00 6.542361792607131576e+00 6.526350138684940738e+00 6.507239303725394386e+00 6.487187804086928189e+00 6.467259498787388594e+00 6.448492664839593047e+00 6.430868167202572039e+00 6.414368184733802991e+00 6.397952655150351831e+00 6.383657835939993141e+00 6.369426751592357050e+00
6.076257025672185286e+00 6.524221171097699390e+00 6.855184233076264455e+00 7.032348804500702322e+00 7.122507122507122368e+00 7.163323782234957804e+00 7.171029042667622200e+00 7.158196134574086322e+00 7.135212272565108371e+00 7.108583614714767407e+00 7.082152974504248633e+00 7.054673721340387615e+00 7.028641714988578038e+00 7.005253940455341777e+00 6.983240223463687002e+00 6.963788300835655143e+00 6.944444444444443754e+00 6.927606511950121337e+00 6.912044237083117437e+00 6.896551724137930606e+00 6.883496816382722372e+00
6.141563027790572171e+00 6.717044500419815378e+00 7.074637424831977661e+00 7.229351165732874840e+00 7.295276308590187497e+00 7.315288953913678505e+00 7.305936073059360325e+00 7.283321194464675408e+00 7.254261878853826673e+00 7.222824124232573695e+00 7.191657677094569046e+00 7.162041181736794826e+00 7.135212272565108371e+00 7.108583614714767407e+00 7.085916740478299225e+00 7.064641469445425592e+00 7.045974986788796635e+00 7.027406886858748258e+00 7.010164738871363710e+00 6.994229760447630895e+00 6.980802792321116890e+00
6.606110652353426538e+00 7.418397626112758658e+00 7.742934572202864629e+00 7.867820613690008180e+00 7.911392405063289779e+00 7.911392405063289779e+00 7.889546351084812947e+00 7.857002553525829214e+00 7.821666014861164307e+00 7.785130400934215267e+00 7.751937984496123590e+00 7.719027402547278705e+00 7.689350249903882606e+00 7.661367554108408306e+00 7.635044855888528659e+00 7.613247049866768812e+00 7.590132827324477915e+00 7.571455612341471131e+00 7.552870090634440814e+00 7.535795026375281758e+00 7.518796992481203034e+00
5.498281786941580762e+00 5.752085130859936335e+00 5.969258319653782507e+00 6.157635467980295374e+00 6.306164275579377865e+00 6.416426050689764793e+00 6.485084306095978413e+00 6.525285481239804675e+00 6.543432030099786800e+00 6.546644844517185646e+00 6.537015852263442284e+00 6.521030322791000700e+00 6.501950585175552355e+00 6.480881399870381365e+00 6.460991762235503089e+00 6.441223832528180537e+00 6.422607578676942097e+00 6.405124099279422722e+00 6.388755789809933638e+00 6.373486297004460788e+00 6.359300476947535863e+00
6.609385327164573276e+00 7.386888273314865749e+00 7.699711260827719173e+00 7.826257092545490401e+00 7.870916961826051050e+00 7.874015748031496287e+00 7.853917141174161287e+00 7.824726134585287873e+00 7.789678675754625026e+00 7.756447547023462619e+00 7.723498744931454496e+00 7.692307692307692513e+00 7.664303506418854717e+00 7.637960664502577046e+00 7.611798287345385994e+00 7.590132827324477915e+00 7.570022710068130323e+00 7.550018875047187272e+00 7.532956685499057947e+00 7.515971439308530400e+00 7.501875468867215346e+00
5.803830528148577805e+00 6.099420555047269765e+00 6.368412673141219393e+00 6.576783952647154763e+00 6.714789323484975370e+00 6.800408024481468416e+00 6.849315068493150527e+00 6.871671534100670442e+00 6.872852233676975509e+00 6.861063464837049430e+00 6.841115101761586104e+00 6.820119352088661380e+00 6.795786612300373619e+00 6.773920406435224528e+00 6.752194463200541286e+00 6.731740154830022860e+00 6.712535660345696265e+00 6.694560669456066648e+00 6.678911337451995500e+00 6.662225183211192281e+00 6.648936170212765617e+00
5.904059040590405871e+00 6.258801439524330767e+00 6.590871642774756900e+00 6.813149378300118464e+00 6.937218175511619123e+00 7.001575354454751654e+00 7.028641714988578038e+00 7.031112673580594219e+00 7.017543859649123306e+00 6.995452955578873144e+00 6.969855375500959127e+00 6.943239021003297928e+00 6.918021445866481933e+00 6.891798759476223779e+00 6.869311351537007226e+00 6.848142441362780275e+00 6.828269033799931442e+00 6.809669731018045624e+00 6.792324673119375156e+00 6.776215483652380023e+00 6.761325219743069326e+00
6.685609226140731387e+00 7.378712414683636922e+00 7.717538105344393884e+00 7.866273352999017199e+00 7.925500297206260036e+00 7.938082952966857064e+00 7.923930269413629546e+00 7.897334649555774355e+00 7.864726700747148413e+00 7.830853563038371767e+00 7.798791187365958777e+00 7.766990291262136026e+00 7.738440704198104036e+00 7.711586658955079443e+00 7.687872381318468840e+00 7.665772326561900663e+00 7.643798968087138768e+00 7.626310772163965801e+00 7.607455306200074929e+00 7.593014426727410005e+00 7.577192650123129702e+00
5.889281507656065173e+00 6.276478895339714370e+00 6.661115736885928840e+00 6.909656244601831254e+00 7.042253521126760951e+00 7.113640405477502426e+00 7.145409074669523797e+00 7.154355213736361740e+00 7.144132880871584490e+00 7.126313914127916149e+00 7.102272727272726627e+00 7.077140835102618155e+00 7.052186177715091375e+00 7.028641714988578038e+00 7.005253940455341777e+00 6.982021295164950736e+00 6.962576153176675220e+00 6.943239021003297928e+00 6.926406926406926345e+00 6.909656244601831254e+00 6.892986386351886097e+00
5.720005720005719496e+00 6.024096385542168974e+00 6.306164275579377865e+00 6.533812479581834864e+00 6.681142475363285982e+00 6.768189509306260732e+00 6.816632583503748677e+00 6.836438215689625508e+00 6.837606837606837296e+00 6.824773929363590064e+00 6.805035726437562715e+00 6.781959986436079113e+00 6.757898293630681508e+00 6.735140596059943086e+00 6.712535660345696265e+00 6.692320562154926655e+00 6.673340006673340596e+00 6.654466810846781044e+00 6.636801061888169428e+00 6.621420294653202809e+00 6.607201850016518385e+00
6.560603575528948461e+00 7.285974499089252987e+00 7.581501137225170162e+00 7.702676680146350208e+00 7.745933384972889080e+00 7.745933384972889080e+00 7.724990343762069500e+00 7.695267410542514952e+00 7.661367554108408306e+00 7.627765064836003361e+00 7.595898214963919592e+00 7.565727255532437745e+00 7.537214999057847642e+00 7.511737089201877993e+00 7.487832272557094271e+00 7.465472191116087508e+00 7.446016381236038484e+00 7.426661715558855903e+00 7.411524921252547138e+00 7.395082270290257220e+00 7.381435689241557796e+00
6.198667286533394716e+00 6.832934745473180804e+00 7.204610951008644903e+00 7.359705611775528844e+00 7.425283088917764118e+00 7.444630560208448600e+00 7.436326454731363000e+00 7.414272474513438738e+00 7.384160974709248038e+00 7.352941176470587870e+00 7.321984257733844537e+00 7.291286912139992360e+00 7.264802034144569376e+00 7.238508867173361949e+00 7.213706041478809006e+00 7.191657677094569046e+00 7.171029042667622200e+00 7.151796888968352306e+00 7.135212272565108371e+00 7.118704395799964502e+00 7.104795737122557853e+00
5.527915975677169413e+00 5.763688760806916278e+00 5.970149253731343642e+00 6.147226064238511256e+00 6.289308176100629311e+00 6.394884092725819258e+00 6.465168902537578255e+00 6.508298080052066226e+00 6.531678641410842978e+00 6.538084341288001866e+00 6.529546196539340208e+00 6.514657980456026287e+00 6.496670456391099080e+00 6.475635421725756125e+00 6.456820016142049923e+00 6.437077566784678240e+00 6.418485237483952943e+00 6.401024163866217087e+00 6.384676775738229004e+00 6.369426751592357050e+00 6.355258976803304094e+00
6.071645415907711119e+00 6.490345610903779594e+00 6.811989100817437581e+00 6.988120195667365309e+00 7.078393204742522649e+00 7.118704395799964502e+00 7.125044531528322622e+00 7.111111111111111605e+00 7.087172218284904623e+00 7.058408328921827568e+00 7.029876977152899720e+00 7.002801120448178374e+00 6.977149834292690755e+00 6.951685783802572516e+00 6.930006930006929800e+00 6.910850034554250065e+00 6.890611541774332771e+00 6.872852233676975509e+00 6.858710562414265688e+00 6.842285323297981670e+00 6.829434864264981364e+00
5.986231667165518466e+00 6.415396952686447385e+00 6.784260515603798503e+00 6.986899563318777595e+00 7.090941322460556862e+00 7.140307033202427434e+00 7.156915369475756350e+00 7.149240393208221356e+00 7.130124777183600493e+00 7.103534008169063441e+00 7.077140835102618155e+00 7.050943063634759866e+00 7.023705004389815265e+00 6.999125109361330033e+00 6.975933031042901966e+00 6.955312119631368084e+00 6.936015259233569985e+00 6.916825177243643985e+00 6.900120752113161338e+00 6.884681583476764288e+00 6.870491240123668852e+00
6.122761365375783527e+00 6.647831145088914262e+00 7.045974986788796635e+00 7.233273056057865524e+00 7.324665812122321817e+00 7.361059992638939953e+00 7.365126127784937360e+00 7.351589781290203796e+00 7.327349331379373609e+00 7.300602299689725072e+00 7.271405199054717272e+00 7.242440702516747209e+00 7.215007215007214647e+00 7.189072609633357480e+00 7.165890361877462311e+00 7.144132880871584490e+00 7.123775601068565777e+00 7.104795737122557853e+00 7.088428141059718968e+00 7.070885628424959712e+00 7.055918151349445111e+00
5.767012687427912176e+00 6.099420555047269765e+00 6.419515326592842186e+00 6.663334999167082273e+00 6.806193636208949904e+00 6.884681583476764288e+00 6.924009001211700820e+00 6.936015259233569985e+00 6.930006930006929800e+00 6.915629322268326717e+00 6.892986386351886097e+00 6.868131868131867712e+00 6.844626967830254038e+00 6.820119352088661380e+00 6.796941376380629229e+00 6.776215483652380023e+00 6.755615605472049090e+00 6.737409466060299223e+00 6.719301192675960266e+00 6.704659738518270018e+00 6.687844841999665668e+00
6.505122784192550967e+00 7.159477358152854798e+00 7.475238273219958707e+00 7.614696363982485394e+00 7.673124880107422996e+00 7.681966583445361429e+00 7.665772326561900663e+00 7.639419404125286306e+00 7.607455306200074929e+00 7.574323044877863786e+00 7.542900245144257276e+00 7.513148009015777617e+00 7.485029940119760639e+00 7.459903021260722689e+00 7.437709185570843040e+00 7.415647015202076808e+00 7.395082270290257220e+00 7.377351530800441815e+00 7.361059992638939953e+00 7.344840249724568615e+00 7.330034817665383784e+00
5.487721223761831801e+00 5.703693141308996850e+00 5.885815185403178162e+00 6.037735849056603321e+00 6.160480517480362295e+00 6.255864873318735420e+00 6.325110689437064337e+00 6.370441153049847927e+00 6.398976163813789420e+00 6.410256410256409687e+00 6.407176037161621096e+00 6.394884092725819258e+00 6.377551020408162685e+00 6.359300476947535863e+00 6.340148993501346197e+00 6.323110970597533687e+00 6.305170239596468384e+00 6.288319446627888887e+00 6.273525721455458282e+00 6.258801439524330767e+00 6.246096189881322758e+00
6.446414182111200653e+00 7.163323782234957804e+00 7.511737089201877993e+00 7.655502392344497586e+00 7.711586658955079443e+00 7.722007722007722563e+00 7.705644384511654899e+00 7.677543186180422197e+00 7.643798968087138768e+00 7.610350076103500783e+00 7.577192650123129702e+00 7.545746085644218226e+00 7.517383950385266189e+00 7.489234225800410982e+00 7.465472191116087508e+00 7.440476190476189799e+00 7.421150278293135116e+00 7.400555041628122055e+00 7.382798080472498192e+00 7.366482504604051407e+00 7.351589781290203796e+00
5.779511631267157945e+00 6.089206880803774702e+00 6.363347120585427952e+00 6.567066163191594086e+00 6.697923643670461225e+00 6.773920406435224528e+00 6.816632583503748677e+00 6.831767719897523072e+00 6.828269033799931442e+00 6.813149378300118464e+00 6.791171477079796404e+00 6.768189509306260732e+00 6.744225257123587447e+00 6.721559401781212806e+00 6.700167504187604983e+00 6.680026720106879701e+00 6.661115736885928840e+00 6.644518272425249172e+00 6.628003314001656321e+00 6.613756613756613056e+00 6.599571027883187391e+00
6.134028523232633034e+00 6.671114076050700170e+00 7.109847138286526480e+00 7.315288953913678505e+00 7.414272474513438738e+00 7.458512026850642407e+00 7.466865783087548003e+00 7.457121551081282718e+00 7.436326454731363000e+00 7.408779403593258372e+00 7.380073800738006895e+00 7.351589781290203796e+00 7.323324789454411565e+00 7.296607077708864963e+00 7.274049827241316990e+00 7.250317201377559861e+00 7.228044813877846586e+00 7.209805335255946801e+00 7.191657677094569046e+00 7.173601147776183851e+00 7.158196134574086322e+00
6.119014838610983276e+00 6.611570247933884481e+00 7.000350017500875488e+00 7.199424046076313033e+00 7.299270072992700698e+00 7.346189164370982461e+00 7.359705611775528844e+00 7.350238882763688864e+00 7.330034817665383784e+00 7.303268212525104275e+00 7.278020378457059181e+00 7.249003262051466834e+00 7.222824124232573695e+00 7.199424046076313033e+00 7.174887892376681897e+00 7.154355213736361740e+00 7.133939718209380665e+00 7.114905727499110100e+00 7.097232079488998480e+00 7.082152974504248633e+00 7.067137809187278741e+00
6.261740763932372111e+00 6.856359273225916873e+00 7.256894049346878539e+00 7.441860465116279855e+00 7.527286413248024388e+00 7.561436672967864148e+00 7.562866326337681855e+00 7.547169811320754818e+00 7.521624670928919620e+00 7.492039707810451254e+00 7.462686567164179330e+00 7.432181345224822877e+00 7.404664938911513339e+00 7.378712414683636922e+00 7.352941176470587870e+00 7.331378299120234310e+00 7.309941520467836185e+00 7.291286912139992360e+00 7.272727272727272485e+00 7.255577725376382681e+00 7.241129616220129961e+00
6.337135614702154029e+00 7.052186177715091375e+00 7.423904974016330982e+00 7.581501137225170162e+00 7.649646203863071925e+00 7.668711656441717928e+00 7.659900421294522310e+00 7.637960664502577046e+00 7.608902415826515941e+00 7.577192650123129702e+00 7.547169811320754818e+00 7.517383950385266189e+00 7.487832272557094271e+00 7.461294534601752737e+00 7.437709185570843040e+00 7.415647015202076808e+00 7.393715341959334886e+00 7.374631268436577791e+00 7.356998344675371726e+00 7.340796476417692062e+00 7.324665812122321817e+00
6.533812479581834864e+00 7.388252678241595817e+00 7.714561234329798012e+00 7.835455435847208605e+00 7.875566056310296936e+00 7.874015748031496287e+00 7.850834151128556648e+00 7.820136852394917071e+00 7.785130400934215267e+00 7.747433662599263471e+00 7.713073659853451502e+00 7.680491551459292410e+00 7.649646203863071925e+00 7.621951219512194342e+00 7.595898214963919592e+00 7.571455612341471131e+00 7.548594074353652594e+00 7.528703180877093004e+00 7.511737089201877993e+00 7.494847292486414680e+00 7.478033277248083976e+00
6.099420555047269765e+00 6.705783738474433875e+00 7.156915369475756350e+00 7.339449541284404077e+00 7.419773696902244531e+00 7.447402718301992408e+00 7.446016381236038484e+00 7.426661715558855903e+00 7.400555041628122055e+00 7.370554634236225588e+00 7.339449541284404077e+00 7.308605883427735428e+00 7.279344858962693898e+00 7.251631617113850403e+00 7.226738934056006869e+00 7.203313524221140796e+00 7.182618064284431725e+00 7.162041181736794826e+00 7.144132880871584490e+00 7.126313914127916149e+00 7.109847138286526480e+00
