2.792916019163700359e+00 2.843864881736838157e+00 3.472969875459299693e+00 3.579541543333103704e+00 3.427987771178318432e+00 3.491376300537671451e+00 3.795433058912022428e+00 3.905432735895110863e+00 3.951747088186356116e+00 4.041455746059580356e+00 4.098246783918201963e+00 4.165075839089236176e+00 4.209276970424654429e+00 4.559270516717323751e+00 4.597007142514081934e+00 4.632030142763316150e+00 4.664723032069971076e+00 4.695354361155609446e+00 5.082230489317151267e+00 4.751346214760848952e+00 4.777103136964393038e+00
2.950349827193795349e+00 3.033478572610446289e+00 2.867301296020186019e+00 3.437318050128724156e+00 3.104090501483065534e+00 3.182113753649054022e+00 3.352657679681497083e+00 3.791639091109640258e+00 3.957450583041642211e+00 4.286326618088298623e+00 4.337767495662231632e+00 4.383021271350107106e+00 4.426584405973121861e+00 4.466525112178496570e+00 4.503443402108996629e+00 4.537704196688849834e+00 4.569624459953472773e+00 4.599468658396776100e+00 5.041192760018507357e+00 4.653964082347788356e+00 4.678974203714279412e+00
2.996682741895018154e+00 2.967584317352086387e+00 3.381992614832453281e+00 2.920664771796351200e+00 3.276083198572464106e+00 3.366772021437405726e+00 3.611608937709967382e+00 3.768723704586878664e+00 3.842090097012774486e+00 3.896926299381362924e+00 3.966735098646438029e+00 4.037029303264424662e+00 4.091284177825240675e+00 4.273003576917509427e+00 4.459905450004460370e+00 4.495967463029312938e+00 4.529544986617254132e+00 4.560940382980781749e+00 4.878249876326059109e+00 4.618300878855763791e+00 4.644650114408659825e+00
2.795892833427694235e+00 2.955020368533254782e+00 3.323018131217678306e+00 3.417681718136953428e+00 2.933903348841108372e+00 3.425431775675323642e+00 3.502314274334216826e+00 3.679533462926964038e+00 3.788244045569132190e+00 3.868953033673709019e+00 3.940518904120953181e+00 4.002373821714948043e+00 4.081077404434770628e+00 4.323923651862375372e+00 4.360890984539278037e+00 4.395121415229096051e+00 4.426921214636508672e+00 4.456664084086966682e+00 4.484518220053949733e+00 4.510784876568521895e+00 4.535583715880040501e+00
2.891765353896997848e+00 3.209757663296421093e+00 3.298221022036238903e+00 3.192980994821817742e+00 3.267087912469849087e+00 3.436685935019141880e+00 3.615328994938539431e+00 3.707288941980928065e+00 3.727774026558631437e+00 3.770480564886542929e+00 3.816105352261215611e+00 3.863534444099485654e+00 3.908258767869998707e+00 3.946275270008307245e+00 4.426125204016708281e+00 4.463090243684726843e+00 4.497522902770474396e+00 4.529700422085721989e+00 4.559932015559040153e+00 4.588431590656283809e+00 4.615405811278122883e+00
2.888076470629671100e+00 3.179012985576956662e+00 3.261465438875279954e+00 3.162822080715219197e+00 3.164868552459454421e+00 3.263118430370606671e+00 3.603179112647851845e+00 3.664707457679676761e+00 3.700429660999527304e+00 3.743267317810326844e+00 3.787383193659231484e+00 3.835800346591959453e+00 3.881583963513110191e+00 3.922282768571307976e+00 4.366812227074235331e+00 4.403225362578088387e+00 4.437080123960924993e+00 4.468705312946871011e+00 4.498363287819124423e+00 4.526314345673253747e+00 4.552728878097235032e+00
2.780867630700778470e+00 3.134315883319866991e+00 3.202361393444904891e+00 3.290947792964373786e+00 3.137506449318812063e+00 3.065774804905239126e+00 3.469090404495941193e+00 3.614575078895052584e+00 3.674864619374163865e+00 3.722623208487580548e+00 3.767030115312976601e+00 3.824144955952802682e+00 3.877955209617327981e+00 3.924673804523703069e+00 3.963122105877936008e+00 4.310492285587218753e+00 4.335976214073339996e+00 4.365843855248020766e+00 4.393793766305093662e+00 4.420054808679628522e+00 4.444869936267403787e+00
2.762087585797345479e+00 2.988560070057407536e+00 3.336136614794376065e+00 3.428515452808933439e+00 2.967215716582594975e+00 3.315810197497945033e+00 3.495061478131400001e+00 3.718880203849729504e+00 3.797031411805315670e+00 3.882149046793760938e+00 3.957343997333999663e+00 4.031417251685549097e+00 4.285277012549739695e+00 4.325437693099896563e+00 4.362548559320272190e+00 4.396963347188347804e+00 4.428943143442395147e+00 4.458804080148718540e+00 4.486774213284930646e+00 4.513159964168245608e+00 4.538109808505518039e+00
2.954750112561908892e+00 3.193601688443327369e+00 3.335070349140177193e+00 3.066907372427107870e+00 3.373749475003270160e+00 3.604527841511683484e+00 3.642411413805426434e+00 3.729513574738761328e+00 3.755320036718684751e+00 3.803043817979408381e+00 3.853431962841905811e+00 3.903227352721645005e+00 3.948024602426996044e+00 4.413366985256595321e+00 4.453732570488883269e+00 4.491090367647567305e+00 4.525941875934332614e+00 4.558514753011381870e+00 4.589135393193010337e+00 4.618014391662761398e+00 4.645325900811891451e+00
2.761101042138649486e+00 3.152982721654685072e+00 3.228310220005906839e+00 3.092406735824126063e+00 3.082549268244838103e+00 3.306673280013226801e+00 3.497606539838423956e+00 3.633920245735286159e+00 3.669800999847668610e+00 3.715886101209727066e+00 3.761729280882752491e+00 3.812692800942774518e+00 3.862974766496970691e+00 3.909572279074871926e+00 3.943463190884372693e+00 4.321284038685780260e+00 4.354648068402535266e+00 4.385754521096163927e+00 4.414889213873789409e+00 4.442287846583880651e+00 4.468121670390101663e+00
2.781403110892402442e+00 2.953212673501244279e+00 3.181035496206960911e+00 2.884674821596598715e+00 2.905864175655945125e+00 3.310732982487602172e+00 3.432368608929650122e+00 3.533593387330335567e+00 3.630042792619843528e+00 3.680529996319469976e+00 3.732658689836799937e+00 3.789575223068176957e+00 3.845731238325459156e+00 3.889988398280215698e+00 3.936192251916303508e+00 4.213588142147433935e+00 4.245732012134575406e+00 4.275685144063004373e+00 4.303642825410928019e+00 4.329896907216494562e+00 4.354648068402535266e+00
2.705815421760305650e+00 3.088933194799359683e+00 3.062510005359392107e+00 3.655227678508667033e+00 3.090489533542113421e+00 3.262710687807180765e+00 3.694486849718033650e+00 3.980044878437077660e+00 4.082564680971788817e+00 4.427901313149482654e+00 4.480966234195975950e+00 4.530539957989538458e+00 4.575738877834704788e+00 4.617441523893536903e+00 4.656099147523023341e+00 4.692049735727198190e+00 4.725638988576280397e+00 4.757115285290999473e+00 4.786783008287971874e+00 4.814802077243181877e+00 4.841360217656645482e+00
2.940682238279280547e+00 2.898210699917883826e+00 3.284454267395632954e+00 3.374423249087528109e+00 2.881963028531433935e+00 3.066308930624760620e+00 3.525313130754555324e+00 3.667642397946119903e+00 3.743686782743645747e+00 3.814993618556129285e+00 4.124816961247344871e+00 4.171301446051168149e+00 4.213788603740757033e+00 4.254472342498747395e+00 4.291904913538883370e+00 4.326536778996380228e+00 4.358745511529918737e+00 4.388762026236567415e+00 4.416900164253473982e+00 4.443350696580670167e+00 4.468305962095016071e+00
2.970402065136673819e+00 3.193291311470857430e+00 3.368775660595852539e+00 3.388634933368372515e+00 3.300239267346881888e+00 3.586107969435325504e+00 3.673871151100081445e+00 3.756861490082581412e+00 3.814993618556129285e+00 3.860391691885594501e+00 3.919977442936819934e+00 3.976306696648932881e+00 4.028953837749248201e+00 4.423371991761469779e+00 4.463059599011259593e+00 4.499858081398971699e+00 4.534150396394663218e+00 4.566273229185403792e+00 4.870185547209931798e+00 4.624812117007746082e+00 4.651744056876248479e+00
2.979015262257262098e+00 2.907741515625648976e+00 3.041835854048471344e+00 3.609156151529032464e+00 3.696528685747143328e+00 3.565835104597829819e+00 3.580379520229144408e+00 3.912980798934570181e+00 4.039463504474218425e+00 4.327517516142328269e+00 4.378588009618993304e+00 4.425084698886815104e+00 4.468275245755138236e+00 4.508003439953394142e+00 4.544765944553855519e+00 4.578881642847232314e+00 4.610673364759314552e+00 4.640435508335468029e+00 4.668405876699162960e+00 4.694771793266744098e+00 4.719723656759806651e+00
2.755054465307506195e+00 2.617338096417075821e+00 3.189350343201830196e+00 2.766290971251852859e+00 3.064728458093320729e+00 3.105611982015683559e+00 3.427615613474642942e+00 3.565660591060679341e+00 3.631690691697396112e+00 3.681501496912400917e+00 3.745240423628305226e+00 3.800573541098020147e+00 3.856802435295251907e+00 3.919088021341840200e+00 4.148975894450053659e+00 4.183727358147636188e+00 4.215880269000360059e+00 4.245811611250704054e+00 4.273592643906339639e+00 4.299941742724775473e+00 4.324656120085935029e+00
2.755190708649179143e+00 2.941114682464653907e+00 3.505612416741705317e+00 3.607503607503607324e+00 3.347863993025283147e+00 3.611662892941976732e+00 3.811160463714287072e+00 3.922459175457792213e+00 4.019738301175427075e+00 4.066133245118916939e+00 4.126519074834423151e+00 4.169172726775657090e+00 4.544672060595627450e+00 4.586779122624458971e+00 4.625762042515584760e+00 4.662036624411245889e+00 4.695873156179215968e+00 5.041715011879109198e+00 4.757505136726560835e+00 4.785750946746382795e+00 4.812518046942675376e+00
2.585514132979280788e+00 2.805167117831044887e+00 3.453491825584848574e+00 3.559985760056959325e+00 3.302237265747544281e+00 3.619707917414971554e+00 3.653005803454502765e+00 3.865587983543639083e+00 3.923134102359386421e+00 4.018986245366039434e+00 4.074079189051085237e+00 4.132231404958678134e+00 4.195554088257950731e+00 4.535303212506442527e+00 4.573066684867926668e+00 4.608170014366647749e+00 4.640909618285183669e+00 4.671580986665383683e+00 5.047432032524822532e+00 4.727646454265158837e+00 4.753408331553674593e+00
2.926604929238873609e+00 2.980171463818638955e+00 3.435363633240578363e+00 3.550394720354204114e+00 3.523681210488133431e+00 3.548270392118664684e+00 3.749244943726609769e+00 3.851285366491066675e+00 3.920220082530949224e+00 3.994187768144285666e+00 4.047638648774730896e+00 4.117937736781419389e+00 4.454648254120549211e+00 4.497709627866425031e+00 4.537610604258478730e+00 4.574660539394064251e+00 4.609200778141542720e+00 4.641511494566700868e+00 4.671966141986548138e+00 4.700720777185835253e+00 5.118132020140540028e+00
2.821922899560192821e+00 3.254036389819711772e+00 3.348704818646704773e+00 3.323409264003323038e+00 3.495770118157029760e+00 3.580872631115028515e+00 3.697528237255736094e+00 3.764404073921741922e+00 3.783605294295698585e+00 3.828719498437745727e+00 3.877391346493384017e+00 3.927729772191673074e+00 3.971813817803313107e+00 4.467446064180017551e+00 4.507119199644893826e+00 4.543889845094663649e+00 4.578191409399642531e+00 4.610292650367790124e+00 4.640497898127422971e+00 4.668950790631886782e+00 4.695953993262325987e+00
2.820894874651004525e+00 2.936939708823405937e+00 3.083780715156781760e+00 2.809856978279805073e+00 3.797739309363843851e+00 3.816052397868560764e+00 3.837625788845301145e+00 4.042487942234241238e+00 4.151071322323769408e+00 4.465849988663610937e+00 4.518319732734542349e+00 4.566936761765052033e+00 4.611466721728954887e+00 4.652583920114439664e+00 4.690658002745414557e+00 4.726059767532653666e+00 4.759185227489053815e+00 4.790202993529755204e+00 5.309409226119570668e+00 4.847078099399235285e+00 4.873227449311569259e+00
2.915016601375034710e+00 3.149261292840222826e+00 3.226293606447095730e+00 3.220544271981964801e+00 3.296788086670454643e+00 3.274234560590755461e+00 3.554081269991707259e+00 3.628244487859335621e+00 3.665410283896400223e+00 3.707008992929222924e+00 3.750546954764236496e+00 3.797005198445298824e+00 3.843408554329325266e+00 3.888186855151152699e+00 4.304240370997749920e+00 4.340542703479894016e+00 4.374243905106245833e+00 4.405650246441060069e+00 4.435112229128985284e+00 4.462783815886137262e+00 4.488981277495009969e+00
2.792576043993812984e+00 3.089131748036684666e+00 3.151657771988065626e+00 3.237873474927147388e+00 3.162185757790319407e+00 3.203811142297968040e+00 3.529924764152575722e+00 3.587914248849452203e+00 3.630651073485773761e+00 3.670487205235637873e+00 3.706576427546726560e+00 3.746019853905225627e+00 3.788974772317061035e+00 3.832271910143675075e+00 3.876179854745259945e+00 3.905821730073456788e+00 4.307320360425451966e+00 4.337409120951750907e+00 4.365601829395052924e+00 4.392105190919322055e+00 4.417113554327045222e+00
3.000174428745856936e+00 2.935995302407516050e+00 3.332801010949640208e+00 3.136194471934544481e+00 3.122354671736445209e+00 3.554155574449105792e+00 3.617796829990852725e+00 3.729668128604482380e+00 3.759660238111815378e+00 3.805333001231543832e+00 3.854254132999297866e+00 3.903895676949208582e+00 3.948407475651487086e+00 4.427288700729118176e+00 4.467292545806929915e+00 4.504412276570914031e+00 4.538987873450308186e+00 4.571333582678801299e+00 4.601711561972004816e+00 4.630386228686604433e+00 4.657566147713340321e+00
2.896991267640607326e+00 2.939826765330120661e+00 3.422170074868700507e+00 3.291594091588605497e+00 3.385932859773001624e+00 3.590837839144275456e+00 3.687828773414234096e+00 3.819417920708883862e+00 3.869193618594238604e+00 3.939021187787652423e+00 4.007683697019111868e+00 4.068320197485914669e+00 4.151329809315583930e+00 4.452908777025730735e+00 4.492766645700421613e+00 4.529731510459562571e+00 4.564189095737322788e+00 4.596439474496620825e+00 4.626752296112146112e+00 4.987531172069825658e+00 5.054631565827920170e+00
2.868958568039801538e+00 3.045235590498864386e+00 3.087758507877460090e+00 3.122593001228219478e+00 3.754753176179845386e+00 3.500983776441179529e+00 3.621258920012780269e+00 3.961166667824902454e+00 4.096597775547407672e+00 4.423524858136175908e+00 4.474488531541701342e+00 4.467169738704932058e+00 4.567268364508916711e+00 4.608073068907887482e+00 4.645841278646464900e+00 4.680971163840874638e+00 4.713744029835226890e+00 4.744485395236261560e+00 4.773399888166059313e+00 4.800702274161247729e+00 4.826587602564987201e+00
2.753401156428485486e+00 2.726948544578616573e+00 2.941518507624005352e+00 2.945756007238143237e+00 2.943196311193956749e+00 3.332662172201432238e+00 3.240865242065051444e+00 3.598790252815015300e+00 3.617693303093127977e+00 3.643012771562082364e+00 4.043925396548718965e+00 4.100797605134198776e+00 4.138787335310754045e+00 4.178651270658207295e+00 4.215327206136410432e+00 4.249331252786446633e+00 4.280821917808219190e+00 4.310165037609666072e+00 4.337618165669473669e+00 4.363424803645883365e+00 4.387767183680292504e+00
2.669364129365814797e+00 2.980943255615883913e+00 3.499310430003499839e+00 3.627459871225174659e+00 3.698452813906182080e+00 3.385521024776486421e+00 3.659791322841932093e+00 3.943326784182416667e+00 4.049833544977176736e+00 4.090376522625327915e+00 4.179570806040508124e+00 4.219847117014284166e+00 4.576033876310486193e+00 4.617186961615326268e+00 4.655302252344765357e+00 4.690755073603464886e+00 4.723859598677319305e+00 5.092665872944867722e+00 4.784100384094917224e+00 4.811691034444833370e+00 4.837830471518124398e+00
2.928849868550428059e+00 2.900111861457513207e+00 3.249559235316485495e+00 3.348564651714394991e+00 3.216693239349948552e+00 3.299286529288041336e+00 3.438434824467901496e+00 3.633238543071343862e+00 3.742981908920773204e+00 3.767187794311546600e+00 3.815628815628814952e+00 3.874976646346104836e+00 3.928704354658615561e+00 3.975598053327849435e+00 4.024033191335839810e+00 4.371933574367978359e+00 4.404376849494184398e+00 4.434651256253550500e+00 4.463059599011259593e+00 4.489734833539679393e+00 4.515017643299712446e+00
2.917318912765048733e+00 2.840279317224561950e+00 3.380305495109120706e+00 3.470318367006989035e+00 2.825014469586307531e+00 3.329287324432113504e+00 3.608345891792073434e+00 3.726476616359231997e+00 3.861323330667180809e+00 3.932444738802880924e+00 4.209683652625185957e+00 4.257481493689312835e+00 4.303105176219097494e+00 4.344557923990925552e+00 4.382871191524622567e+00 4.418372271655121253e+00 4.451414522568672538e+00 4.482264026038506266e+00 4.511226012423222187e+00 4.538453075145779891e+00 4.901351668530561589e+00
2.759077364529300969e+00 3.012761195635800249e+00 2.712986859404673545e+00 3.640109890109889612e+00 3.320742185878544195e+00 3.516053195816585930e+00 3.458771444382955362e+00 3.963673282060553582e+00 4.041760289362634317e+00 4.455490347597864442e+00 4.505980665246599237e+00 4.255844922502436845e+00 4.299930382079527824e+00 4.639611364318658282e+00 4.677461514121805664e+00 4.712664089499638109e+00 4.745529573590096639e+00 5.127048255778182906e+00 4.805316052501510171e+00 5.300766890170863554e+00 5.333187468376933360e+00
2.890947807815430259e+00 2.947430472220467390e+00 2.911993863505613955e+00 3.389807057716653471e+00 3.041319508296436602e+00 3.278208284799575711e+00 3.395491618679361778e+00 3.677439946711813956e+00 3.799628327265442085e+00 3.861110345017787715e+00 3.916556728232189588e+00 3.980727786852616745e+00 4.029148807580357428e+00 4.354511682338372935e+00 4.390478150511079036e+00 4.423815098140635449e+00 4.454770373720966958e+00 4.483748137520004562e+00 4.510908196183497587e+00 4.536456614978554569e+00 4.560584299337693714e+00
2.871470192738682314e+00 2.980357365641330691e+00 3.283246362232886906e+00 3.375422788925857898e+00 2.920276452837534897e+00 2.821113211273168275e+00 3.415919579493328140e+00 3.639235073986335944e+00 3.755868544600938996e+00 3.821753420469311102e+00 3.881799213935658965e+00 3.944692688036018247e+00 3.998014778868423935e+00 4.273356997622083320e+00 4.310551271612625079e+00 4.345007379615707599e+00 4.376975718206134403e+00 4.406863690197481809e+00 4.434831851644639222e+00 4.461160450783104636e+00 4.486069030249907996e+00
2.742769374237167046e+00 2.987770983879932896e+00 3.495880344926860950e+00 3.599188798217017204e+00 3.406657582246447102e+00 3.656887367869069649e+00 3.812376608346381257e+00 3.892294646704755223e+00 3.937279823167783022e+00 4.037583745645910049e+00 4.091340919650225061e+00 4.134196002232465972e+00 4.557570400651870912e+00 4.600194993340015692e+00 4.639674676928534858e+00 4.676367837592494858e+00 4.710669324667521529e+00 4.742804488048132150e+00 5.129187126424203491e+00 5.222757478507665141e+00 5.256762107620255975e+00
2.992032842779110968e+00 2.793101040430137072e+00 3.442957086982867398e+00 3.409668148828534751e+00 3.381945930276697876e+00 3.384655766693605461e+00 3.628447024673439270e+00 3.857121210034025083e+00 3.936592738392322932e+00 3.998924427223022438e+00 4.061990099759722916e+00 4.127370658521988922e+00 4.435739779031916186e+00 4.477601658779199134e+00 4.516303856923494564e+00 4.552248946867780255e+00 4.585743129940795804e+00 4.617118646369450019e+00 4.646586125840484804e+00 4.674406934620169984e+00 4.700752801716797435e+00
2.745376855769162905e+00 2.829734853844194653e+00 3.243067942273390347e+00 2.851003761934232106e+00 3.053964948811382918e+00 3.338317627012552968e+00 3.408126643203917450e+00 3.614951997608570444e+00 3.699618869452316883e+00 3.738421278540076553e+00 4.042234379900338404e+00 4.100696423358678011e+00 4.139444072661040863e+00 4.179640968840775628e+00 4.216463562151363753e+00 4.250545254370744708e+00 4.282181978920613474e+00 4.311633761483201432e+00 4.339201586908009389e+00 4.365087613544242906e+00 4.389540352417381719e+00
2.834920404157883045e+00 3.296603096001290201e+00 3.386480341136060446e+00 3.180099643122150876e+00 3.355845463316414090e+00 3.583611867268530204e+00 3.686674411001593210e+00 3.757149019662413103e+00 3.825208821627035238e+00 3.870236499094640958e+00 3.929760698256427709e+00 3.989901421918316871e+00 4.046778010219829191e+00 4.414676038656006440e+00 4.455411611488107049e+00 4.493201440589507989e+00 4.528426166069737135e+00 4.561318635751062445e+00 4.592249379703628342e+00 4.621417551872013973e+00 4.649097242460829449e+00
2.883952562497361871e+00 2.931220993125588592e+00 3.350574832994785535e+00 3.140856965373796772e+00 2.937576499388004692e+00 3.177292946409659091e+00 3.641160224790117361e+00 3.744655355538004660e+00 3.813036424897048082e+00 3.864414265209230148e+00 3.932254837708253792e+00 3.995673649910096881e+00 4.041677227546428774e+00 4.118785781951480374e+00 4.429770828574789654e+00 4.465451147964440537e+00 4.498643485964231914e+00 4.529700422085721989e+00 4.558861113605436444e+00 4.586327185801842177e+00 4.612323853975203392e+00
2.904042150097493113e+00 2.973261880658931045e+00 3.399354816330777851e+00 3.501472678214660572e+00 3.316085085216478490e+00 3.397092366248154249e+00 3.698353883620479454e+00 3.791952786740576009e+00 3.890753208134453356e+00 3.952486946391794653e+00 4.011065006915630171e+00 4.083158011294429457e+00 4.145091803590600144e+00 4.447440289639549071e+00 4.485387986060794141e+00 4.520547945205479756e+00 4.553325652470868512e+00 4.583986152256757762e+00 4.612796440006511567e+00 4.639959605057556224e+00 5.056767409480399600e+00
2.944021533414644232e+00 2.934608337150710344e+00 2.764454642210457891e+00 3.235755789937487137e+00 2.989120989885648783e+00 2.926418420733317038e+00 3.424962496660661326e+00 3.652993698585870419e+00 3.773144813297933720e+00 3.819683174642859669e+00 4.172200627220827407e+00 4.215020429252241740e+00 4.257481493689312835e+00 4.297587112783935126e+00 4.334574076494911665e+00 4.368841147548940818e+00 4.400712365314134900e+00 4.430445467446610053e+00 4.458314757021845764e+00 4.484521501555782663e+00 4.509336375996666035e+00
2.705396554179125612e+00 2.956060275476664501e+00 3.497041502888555975e+00 3.250975292587776178e+00 3.443170471370037511e+00 3.597047653964015268e+00 3.831310865597615134e+00 3.913625596484602731e+00 3.931121141709896349e+00 4.046472710313704368e+00 4.093185886140056517e+00 4.157543169156571849e+00 4.538034827724006348e+00 4.580695445284618472e+00 4.620211702237699392e+00 4.656960100809489411e+00 4.691240488164964972e+00 4.723439211391017523e+00 4.753703065794006477e+00 4.782367618519545616e+00 5.232502099885710578e+00
2.652057089018389657e+00 2.856784514834375788e+00 3.159818104383904203e+00 3.241602869163390466e+00 3.023764036450100612e+00 3.193801248359704914e+00 3.378308501616761550e+00 3.562820915854552961e+00 3.620993405613932570e+00 3.665942700623901818e+00 3.706601869774720726e+00 3.757201302496451234e+00 3.805950876048335818e+00 3.858024691358024949e+00 3.895489579565374783e+00 3.936545646663950127e+00 4.261988561372634265e+00 4.292053470679044302e+00 4.320157994349507646e+00 4.346536224584836461e+00 4.371435401796387232e+00
2.878283700490009700e+00 2.970549127224375141e+00 3.189770544549305420e+00 3.624328131624656280e+00 3.712654548001820931e+00 3.248548520873652201e+00 3.145944467241143183e+00 3.929110573443348908e+00 4.051665723606541647e+00 4.368749786682139202e+00 4.421263514213671364e+00 4.470764638315140260e+00 4.515644973045072952e+00 4.557017126222572934e+00 4.595367595113821757e+00 4.631005619414281682e+00 4.664243089375128548e+00 4.695410746366160737e+00 4.724700597777336419e+00 4.752367697477850150e+00 4.778581034494528090e+00
2.874268288408285965e+00 3.073527151818270742e+00 3.248266414337565244e+00 3.249761453680527268e+00 3.149099357583730718e+00 3.244463252927069608e+00 3.543980098119605682e+00 3.664836597622084913e+00 3.700784703423225519e+00 3.746435682718524340e+00 3.793417386266449753e+00 3.843012922130950138e+00 3.895056060985449431e+00 3.942835798182144913e+00 3.975489053696518837e+00 4.371690872880944490e+00 4.404922500894749682e+00 4.435880730256864801e+00 4.464929694530116677e+00 4.492240675197385791e+00 4.518093225640526178e+00
3.033188727824216002e+00 2.880083171182309165e+00 2.956179790729970502e+00 3.510945890128046365e+00 3.360311150513340728e+00 3.234812205087093329e+00 3.563840723733807891e+00 3.700393777752952751e+00 3.911101352417678534e+00 4.278517700641777388e+00 4.068684918281498142e+00 4.140672445205101582e+00 4.412423730566375824e+00 4.451688902282003646e+00 4.487958462218294642e+00 4.521569943891427634e+00 4.552885908818112171e+00 4.582167844124224843e+00 4.609689981148431315e+00 5.003838561087957437e+00 4.660091532544130999e+00
2.942021168542788168e+00 3.003653280618053589e+00 3.347607158299973129e+00 3.459250034592499912e+00 3.339083977962045591e+00 3.253766061143109845e+00 3.509858573345721044e+00 3.747189607794154220e+00 3.839087394082320692e+00 3.887754960358784206e+00 3.936871913526953648e+00 3.998373075782957642e+00 4.060312850546077712e+00 4.108716642356760040e+00 4.485047541503939250e+00 4.519835916259767217e+00 4.552226452574077875e+00 4.582512584810679357e+00 4.610958941819332857e+00 4.637807681027956264e+00 4.663187563004464131e+00
2.930464269267802457e+00 2.842662118407277116e+00 3.153844536489981198e+00 3.539454507599416377e+00 3.442316608826380797e+00 3.220859969611885809e+00 3.610058177476014318e+00 3.851486673856107767e+00 3.946275270008307245e+00 4.321224758560139989e+00 4.074557496149887825e+00 4.141770776751765304e+00 4.222311511247011317e+00 4.498578858042572293e+00 4.535646054675151362e+00 4.570067443116509587e+00 4.602154082866248608e+00 4.632184142943753358e+00 4.660375160200396216e+00 5.068389005705362216e+00 5.138746145940389809e+00
2.918227107550565247e+00 3.057615199127189154e+00 3.178991015894955030e+00 3.555047470339750770e+00 3.351604231400342027e+00 3.501277966457756907e+00 3.578018339097918332e+00 3.870316743957813443e+00 3.954104638095369939e+00 4.031403953509030025e+00 4.077063408701420144e+00 4.137160666634487782e+00 4.221073536636841261e+00 4.534243846137991696e+00 4.571491899454883878e+00 4.606045606726200781e+00 4.638283142956039384e+00 4.668469977618805444e+00 4.696846205915263361e+00 4.723599938871059223e+00 4.748926329699372673e+00
3.011541909457642330e+00 2.834346612247211628e+00 3.020452780254868408e+00 3.672852767113415240e+00 3.760503770759690223e+00 3.466925530439606273e+00 3.385550751521734902e+00 3.996995362107106153e+00 4.017649951857470647e+00 4.400228261841082400e+00 4.451414522568672538e+00 4.423433137043487839e+00 4.543702153439444835e+00 4.584256551666655355e+00 4.621763066675728560e+00 4.656673081005568093e+00 4.689202421835133805e+00 4.719691373224985220e+00 4.748370758294164773e+00 4.775450034258663656e+00 4.801097393689986781e+00
2.816088796087697244e+00 2.836738601629705592e+00 3.124631119937228974e+00 3.008423586040914088e+00 3.637336920342320923e+00 3.285151116951379180e+00 3.063448189432496083e+00 3.775786908317028345e+00 3.890401822931139897e+00 4.252196396606473527e+00 4.311288733165443254e+00 4.220314240447214260e+00 4.400117336462305850e+00 4.440012022186398788e+00 4.476892347957847740e+00 4.511093188249285291e+00 4.542920271749230743e+00 4.572727146756827565e+00 4.600700405136303850e+00 4.627071823204419232e+00 5.043758008669811055e+00
