2.925035518288436442e+00 2.959538875657087953e+00 2.993720149825250143e+00 3.027593344927372865e+00 3.061188993634118560e+00 3.094516376321323037e+00 3.127606338615512627e+00 3.160467468254859913e+00 3.193180477172230081e+00 3.225670729141830950e+00 3.258051546534681098e+00 3.290285432261248477e+00 3.322466100463068894e+00 3.354533069534678447e+00 3.386597368130045638e+00 3.418616417563483445e+00 3.450655624568668145e+00 3.482694491073853982e+00 3.629987808720190223e+00 3.604402916793745248e+00 3.579173421479250994e+00
2.879118167235635628e+00 2.912096293317432139e+00 2.944826570749458305e+00 2.977282641057419799e+00 3.009539540450310913e+00 3.041593795148657353e+00 3.073441276316341231e+00 3.105140041815885432e+00 3.136719131198505206e+00 3.168166265365605749e+00 3.199532590021631151e+00 3.230817878108802166e+00 3.262053983523157008e+00 3.293287867664715929e+00 3.324560188391743942e+00 3.355865573613308950e+00 3.387252868795796790e+00 3.585438899902981813e+00 3.561424295762589232e+00 3.537686769051483271e+00 3.514139242599636059e+00
2.822267692090594249e+00 2.853742230512768430e+00 2.885028111432451858e+00 2.916140141363364524e+00 2.947099562846898113e+00 2.977901202933578517e+00 3.008588151632842322e+00 3.039177764270320825e+00 3.069646083759479005e+00 3.100070268259414341e+00 3.130434782608695343e+00 3.160795146118062338e+00 3.191164636345977357e+00 3.221539073156354238e+00 3.251965017159304860e+00 3.282489663649569511e+00 3.313148971866430870e+00 3.505058280184737196e+00 3.482306401175626842e+00 3.459752696877226974e+00 3.437394729786400038e+00
2.809431467002884375e+00 2.839295854628051785e+00 2.868918417756505690e+00 2.898366311086604696e+00 2.927609499735800647e+00 2.956684571034346565e+00 2.985613508859634280e+00 3.788922568200606023e+00 3.043019807935912091e+00 3.071596113034737119e+00 3.100048911882831604e+00 3.128454334994890118e+00 3.156825605973263116e+00 3.185141668023300898e+00 3.213479849385596498e+00 3.241879444370053154e+00 3.270293213097872354e+00 3.451870568661156824e+00 3.429496412746751766e+00 3.407320872274143486e+00 3.385240352064996294e+00
2.812592180993736424e+00 2.842484747642817666e+00 2.872133995558699748e+00 2.901586672517019849e+00 2.930791453253876355e+00 2.959789150258628876e+00 2.988601612454822920e+00 3.017226256885240154e+00 3.045699334099372546e+00 3.074021029098402913e+00 3.102228779031690475e+00 3.130313529357360292e+00 3.158342831248369009e+00 3.186257532728406616e+00 3.214130996799843043e+00 3.241970836357997765e+00 3.269792681229998887e+00 3.450898642177023579e+00 3.427427647002371458e+00 3.404267144653563282e+00 3.381353245746891112e+00
2.809893566714411595e+00 2.838489923360771883e+00 2.866812104939307382e+00 2.894866906728799982e+00 2.922633710492255510e+00 2.950142590225194095e+00 2.977426949176014137e+00 3.004450779410428485e+00 3.031305114638447318e+00 3.057929994737515589e+00 3.084364375591461815e+00 3.110639802050194191e+00 3.136762860727729141e+00 3.162751043364066650e+00 3.188620782875719595e+00 3.214378052785677120e+00 3.240052686074112120e+00 3.412018661653088536e+00 3.388442587075914947e+00 3.365199714301411849e+00 3.342152903495334559e+00
2.781912008123182733e+00 2.809315965822272609e+00 2.836477095447454300e+00 2.863388436101042434e+00 2.890071546893173249e+00 2.916545143952334662e+00 2.942783873544372764e+00 3.656508930850586925e+00 2.994700077305048058e+00 3.020422172644585235e+00 3.045951363948686375e+00 3.071360263578553074e+00 3.096678296414046017e+00 3.121856463977244811e+00 3.146941173179669260e+00 3.171962669523782363e+00 3.196930946291559827e+00 3.362728614075421341e+00 3.340524740761361411e+00 3.318505966250088424e+00 3.296658012939382321e+00
2.804596734047102746e+00 2.834467120181405786e+00 2.864168552826444891e+00 2.893702315667633140e+00 2.923040518909288288e+00 2.952216270929104436e+00 2.981266552962546612e+00 3.010171579780047235e+00 3.038976642284179075e+00 3.067677140924904400e+00 3.096337376920589080e+00 3.124913196855642283e+00 3.153492836086926765e+00 3.182056032471114015e+00 3.210631377640046136e+00 3.239276937052398608e+00 3.267996579033368043e+00 3.450441311443734005e+00 3.428250152557131614e+00 3.406207639637135021e+00 3.384309495103327681e+00
2.817099795760264591e+00 2.847479286324459569e+00 2.877638691907668633e+00 2.907560349184151960e+00 2.937288882361579923e+00 2.966814065524207678e+00 2.996139857021418162e+00 3.025314140177578714e+00 3.054325341182023479e+00 3.083218880511253257e+00 3.111981837342367108e+00 3.140681597699625183e+00 3.169259590531660287e+00 3.197797690633928713e+00 3.226293606447095730e+00 3.254757485942217698e+00 3.283246362232886906e+00 3.467478518970574797e+00 3.443834503089119981e+00 3.420569489916300832e+00 3.397516346213849570e+00
2.773668639053254115e+00 2.800787021152943979e+00 2.827674449840589688e+00 2.854298503929881825e+00 2.880710481570478709e+00 2.906873692793080277e+00 2.932838009580603700e+00 2.958600722743890188e+00 2.984163115743889261e+00 3.009560604151793939e+00 3.519061583577712149e+00 3.059869121052594565e+00 3.084811757931393839e+00 3.109628540736133484e+00 3.134359545866127750e+00 3.158993517195912037e+00 3.183564318611117105e+00 3.348144221312332913e+00 3.325667787015743393e+00 3.303464508403187505e+00 3.281435453466452490e+00
2.745876037426290495e+00 2.771165665967953995e+00 2.796244643443854816e+00 2.821053522437954264e+00 2.845638347822375014e+00 2.870002870002869688e+00 2.894151695902304589e+00 2.918085180295976855e+00 2.941835705480219332e+00 2.965414985690148164e+00 2.988809341766872407e+00 3.012048192771084487e+00 3.035152585398156688e+00 3.058125230228177838e+00 3.080952014172378739e+00 3.103705134218003980e+00 3.126346065667161778e+00 3.280404815913453120e+00 3.258875121322252877e+00 3.237538919350838817e+00 3.216355868800648832e+00
2.934538823249931649e+00 2.970044974966763895e+00 3.005227698414917104e+00 3.040143715884750186e+00 3.074799625557734117e+00 3.109216408371392237e+00 3.143401999203670805e+00 3.177405119152691970e+00 3.211236535494634392e+00 3.244937552212425746e+00 3.278505559508363199e+00 3.312004960960622135e+00 3.345437311383546497e+00 3.378830220820633112e+00 3.412232505344670486e+00 3.445632836177737968e+00 3.479059540624978020e+00 3.691321911129683553e+00 3.664827338228989539e+00 3.638935233818753723e+00 3.613444794207369526e+00
2.800983145083923986e+00 2.828694274722788116e+00 2.856127787336904866e+00 2.883263009845288050e+00 2.910118899143593563e+00 2.936734351401241838e+00 2.963067480334403037e+00 3.690319525968012382e+00 3.015068329862498508e+00 3.040760331513591819e+00 3.066266193718335309e+00 3.091593613454615141e+00 3.116765364236533831e+00 3.141777967060202847e+00 3.166670108699393360e+00 3.191452457765288742e+00 3.216108508704467184e+00 3.382109331860850165e+00 3.359274396730306478e+00 3.336670003336670298e+00 3.314230477111095308e+00
2.805540943363142414e+00 2.837060521593576468e+00 2.868456770257601374e+00 2.899719222309449229e+00 2.930852808385030261e+00 2.961897306789091466e+00 2.992824182019390378e+00 3.023697348990928457e+00 3.054516171580504036e+00 3.085315999467081571e+00 3.116084535911142872e+00 3.146897159400831256e+00 3.177741684909258346e+00 3.208660593462702604e+00 3.239710398061807606e+00 3.270862185353497154e+00 3.302185062882034838e+00 3.495688650664180663e+00 3.473500663438626734e+00 3.451554960729757315e+00 3.429708131837980734e+00
2.913348686218473205e+00 2.947120242505893994e+00 2.980584610479180885e+00 3.013737033922062825e+00 3.046627245156555031e+00 3.079248663326148439e+00 3.111602821186557843e+00 3.143797287950872654e+00 3.175745770965214820e+00 3.207541907232309697e+00 3.239208506443207458e+00 3.270725613956951605e+00 3.302185062882034838e+00 3.333541679688313941e+00 3.364876186290532534e+00 3.396197644840898811e+00 3.427521627661470394e+00 3.628322824888924991e+00 3.602979386800623907e+00 3.578039096957979392e+00 3.553338396259936971e+00
2.693373592180711373e+00 2.718812088256822967e+00 2.744161795779478830e+00 2.769394638736019321e+00 2.794545048066174431e+00 2.819621747742540041e+00 2.844586041616294025e+00 2.869520790028065260e+00 2.894356005788711883e+00 2.919160115932359023e+00 2.943918355330945147e+00 2.968649678626412491e+00 2.993386703793944115e+00 3.018115713152667023e+00 3.042869071712639872e+00 3.067677140924904400e+00 3.092528451261751687e+00 3.252797752109127583e+00 3.232862390117070550e+00 3.213008493518104469e+00 3.193224809968414846e+00
2.896584855806592973e+00 2.931752978870437509e+00 2.966667373016041331e+00 3.001409964681082343e+00 3.035951311813380737e+00 3.070374376330204491e+00 3.104647798875270315e+00 3.138839038969368556e+00 3.172946750902526425e+00 3.207027573465332182e+00 3.241044029927938386e+00 3.275124385043134190e+00 3.309206635311346734e+00 3.343363423604145623e+00 3.377617653681603382e+00 3.412042420739646698e+00 3.446602283198165306e+00 3.481360794307278628e+00 3.634543247635832142e+00 3.610509359551186126e+00 3.586775348304017896e+00
2.906420353449070237e+00 2.940455770644449629e+00 2.974188294444640945e+00 3.007642145269115552e+00 3.040837059510563378e+00 3.073806280345103836e+00 3.106554830692761282e+00 3.139126067302862921e+00 3.171538885824599863e+00 3.203788828527649457e+00 3.235927233844984485e+00 3.267973856209150263e+00 3.299959277098282406e+00 3.331875637741820828e+00 3.363836696025866768e+00 3.395750460851848285e+00 3.427733102989669156e+00 3.631131816936146617e+00 3.605852576104291884e+00 3.581020590868397413e+00 3.556435754034113828e+00
2.851003761934232106e+00 2.883607744948411433e+00 2.915998417029430634e+00 2.948175290079389832e+00 2.980150809492126740e+00 3.011984898047813441e+00 3.043634653163996173e+00 3.075181191073587783e+00 3.106597723209046258e+00 3.137922137692023661e+00 3.169157210866075491e+00 3.200378479541928112e+00 3.231539828728388741e+00 3.262733337498525010e+00 3.293965866278710575e+00 3.325228089864288972e+00 3.356578208272252173e+00 3.554106037798962614e+00 3.530120231742010173e+00 3.506480112757399681e+00 3.483106931382792926e+00
2.829094406880357404e+00 2.861509900126324890e+00 2.893722739014439771e+00 2.925830204320476025e+00 2.957746478873239493e+00 2.989557406454662836e+00 3.021275399792023642e+00 3.052926646498848040e+00 3.084494107915232153e+00 3.116019804036977092e+00 3.147513464363152824e+00 3.179043743641912556e+00 3.210608968766357929e+00 3.242222190896403955e+00 3.273960865718843039e+00 3.305785123966942241e+00 3.337783711615486926e+00 3.535577616327435724e+00 3.512759582601508335e+00 3.490230843868013189e+00 3.467839258714680017e+00
2.963234723466702469e+00 2.999734907147740159e+00 3.035929877080141726e+00 3.071810553065527305e+00 3.107391448458733940e+00 3.142699509040498551e+00 3.177786565730749135e+00 3.212649458040004014e+00 3.247314056724357911e+00 3.281870806013504449e+00 3.316258131888291327e+00 3.350564809496458185e+00 3.384772667615323360e+00 3.418920304967691060e+00 3.453086368596251177e+00 3.487227175756249853e+00 3.521394195913801539e+00 3.738861309016886292e+00 3.589846257930453532e+00 3.684777696666318825e+00 3.658528167215445936e+00
2.747659205715130781e+00 2.775696005773447883e+00 2.803613858263301672e+00 2.831377323499016274e+00 2.859015661827259969e+00 2.886510842016333012e+00 2.913914636176943684e+00 2.941236824285039742e+00 2.968449621169286790e+00 3.548930884571022570e+00 3.022698355792684755e+00 3.049773692929377056e+00 3.076793980672139828e+00 3.103859366953773513e+00 3.130913948569520322e+00 3.158017588784918228e+00 3.185198520959990454e+00 3.358663252025693602e+00 3.337319576160413970e+00 3.316164538206448409e+00 3.295119104825976475e+00
2.752177042609345925e+00 2.778993587472296412e+00 2.805619656171311149e+00 2.832058906825261513e+00 2.858318054112841011e+00 2.884378627457877098e+00 2.910300384575407850e+00 2.936077400592807862e+00 2.961709329384387246e+00 2.987189818545585407e+00 3.012596858492019969e+00 3.037881678041060241e+00 3.063085641089901223e+00 3.088262543493030421e+00 3.113347060363554242e+00 3.138425486804663933e+00 3.163490567984099666e+00 3.327999093651310414e+00 3.306513832249531326e+00 3.285242968182072065e+00 3.264070226123673812e+00
2.817258525728612906e+00 2.848290331096383188e+00 2.879132608634588308e+00 2.909776155077212767e+00 2.940251357302079427e+00 2.970570137282776635e+00 3.000718776823285250e+00 3.030751555903269612e+00 3.060656649972175458e+00 3.090495322113898879e+00 3.120235435946530522e+00 3.149937001259974334e+00 3.179605304994806758e+00 3.209242618741976472e+00 3.238912007210099198e+00 3.268610214754645416e+00 3.298402336368321031e+00 3.487309680074209606e+00 3.464091230306640679e+00 3.441203595369516588e+00 3.418517200722772209e+00
2.819403132356880004e+00 2.851439977188479968e+00 2.883323839462154758e+00 2.915047196002221064e+00 2.946644683761882710e+00 2.978107447346367564e+00 3.009476351114905857e+00 3.040774015203870029e+00 3.072007864340132954e+00 3.103202646185529545e+00 3.134381377595441442e+00 3.669623136627685245e+00 3.196797642709216625e+00 3.228088490834289281e+00 3.259475016470751996e+00 3.290962195071784002e+00 3.322627090486211188e+00 3.518525034305619137e+00 3.495880344926860950e+00 3.473500663438626734e+00 3.451287541556319116e+00
2.945044107172209547e+00 2.980687915043462421e+00 3.015998821656273865e+00 3.051000242693200359e+00 3.085748749921102263e+00 3.120211342314919367e+00 3.154441453566621867e+00 3.188466070562140153e+00 3.222326519747257478e+00 3.255997616886850743e+00 3.289586403042866980e+00 3.323041136480068491e+00 3.356417264314434323e+00 3.389760157174185107e+00 3.423086665708202414e+00 3.456380478363058284e+00 3.489732659107859902e+00 3.701944568618685150e+00 3.675348811406063732e+00 3.649302070978924561e+00 3.623642876057477036e+00
2.737437618008127682e+00 2.764428188661591346e+00 2.791288388938124143e+00 2.818032590546909244e+00 2.844634395098902591e+00 2.871128353442903069e+00 2.897506024692404925e+00 2.923793413111124728e+00 2.949976821610687416e+00 2.976106119441058517e+00 3.002185311633816855e+00 3.028217481073640638e+00 3.054240535325068340e+00 3.080261822254891868e+00 3.106318943023207435e+00 3.132417739229703457e+00 3.158581384969272765e+00 3.326373898580982758e+00 3.305694058014930103e+00 3.285128154946214796e+00 3.264637034876048283e+00
2.930505163271002189e+00 2.966499742197046263e+00 3.002227233691971087e+00 3.037688530959697264e+00 3.072969046820873462e+00 3.108035307281090454e+00 3.142919003485148188e+00 3.177673390439347934e+00 3.212335367812399589e+00 3.246910254018914976e+00 3.281389633601429878e+00 3.315883788855807701e+00 3.350358625122219269e+00 3.384866194166977760e+00 3.419458084282802623e+00 3.454135982425356577e+00 3.488920965678595110e+00 3.704868756771870331e+00 3.679329112518049172e+00 3.654251581166549467e+00 3.629565205481328327e+00
2.825277760119791814e+00 2.853841549148719903e+00 2.882046956277238614e+00 2.909937436345118478e+00 2.937555953446731927e+00 2.964866333942778098e+00 2.991887115403347952e+00 3.018666591785014841e+00 3.045174814279745679e+00 3.071467463386711394e+00 3.097530923683721404e+00 3.123416601306281848e+00 3.149099357583730718e+00 3.174603174603174427e+00 3.199955478880293303e+00 3.225208780802459430e+00 3.250309132662073885e+00 3.419948770563313811e+00 3.396362426527670397e+00 3.373029531217732746e+00 3.349896711518061565e+00
2.829754872484170569e+00 2.859075472619122760e+00 2.888117158938018125e+00 2.916828712706261317e+00 2.945286172223896326e+00 2.973453285665880408e+00 3.001368065443783539e+00 3.029064934698995515e+00 3.056510715154041158e+00 3.083780715156781760e+00 3.110815740727647771e+00 3.137703340608156477e+00 3.164448113369792814e+00 3.191031813199772138e+00 3.217503217503217439e+00 3.243868383566280933e+00 3.270133936336754310e+00 3.445376993150590206e+00 3.421548774526918635e+00 3.398034687692872868e+00 3.374748615664342921e+00
2.977385716857542608e+00 3.013546944753974888e+00 3.049329840464606534e+00 3.084710352708585734e+00 3.119735446434142023e+00 3.154441453566621867e+00 3.188841826513140187e+00 3.222958676064627159e+00 3.256809850810391538e+00 3.290440919083156945e+00 3.323869538120628686e+00 3.357107132824971529e+00 3.390158853157690722e+00 3.423133536439256108e+00 3.455950455494269935e+00 3.488706168853378031e+00 3.521394195913801539e+00 3.735008092517533740e+00 3.586602659603818299e+00 3.678894943254781058e+00 3.651685393258426782e+00
2.845661060945730902e+00 2.876405755617760462e+00 2.906876146312765474e+00 2.937104015440775040e+00 2.967092870006831085e+00 2.996849822976777933e+00 3.026405387001588565e+00 3.055788983880713072e+00 3.085013146362840075e+00 3.114074199895253692e+00 3.143006809848087890e+00 3.171850880717261845e+00 3.200623425780325881e+00 3.229308378337524044e+00 3.257983793263598216e+00 3.286644336132808153e+00 3.315345818784608323e+00 3.499910786587793421e+00 3.476712976483512740e+00 3.453754230848932849e+00 3.430931909725319251e+00
2.793666757460835814e+00 2.822068576266403284e+00 2.850270428096714159e+00 2.878243288779062770e+00 2.905991185160071488e+00 2.933534489984074956e+00 2.960874162848079028e+00 2.988061651355745862e+00 3.015089471027093904e+00 3.041964967882509363e+00 3.068682698209005189e+00 3.095336359884441002e+00 3.121878121878121970e+00 3.148350264461421855e+00 3.174737555028784186e+00 3.201135707277016795e+00 3.227489974180079546e+00 3.399755772646536389e+00 3.377400366689182309e+00 3.355259019006143539e+00 3.333287037680032316e+00
2.896789509382771577e+00 2.932039512722957042e+00 2.967086532959386069e+00 3.001933803869003992e+00 3.036615938702729167e+00 3.071124450338521328e+00 3.105547197416184790e+00 3.139846011030415163e+00 3.174077447489718207e+00 3.208257776537871475e+00 3.242407936310829353e+00 3.276585658314858485e+00 3.310791772330233584e+00 3.345087599481511020e+00 3.379472520664066781e+00 3.413991792485037813e+00 3.448639898652214875e+00 3.661712990790446209e+00 3.637112270107054179e+00 3.612967775106652013e+00 3.589148105140926859e+00
2.851558968152954066e+00 2.884297462521719702e+00 2.916848969727274810e+00 2.949168966316277452e+00 2.981349233862580217e+00 3.013377996734338815e+00 3.045235590498864386e+00 3.077009147109009746e+00 3.108700908431487608e+00 3.140309006406229564e+00 3.171866919496638459e+00 3.203387233805484957e+00 3.234925948325574119e+00 3.266520252425564763e+00 3.298153034300791653e+00 3.329887824403915619e+00 3.361759641046398794e+00 3.560424512153371968e+00 3.536999791941188409e+00 3.513848697809011323e+00 3.490888780283460502e+00
2.760241202615858924e+00 2.786718499630759460e+00 2.812939521800281284e+00 2.838961632472181584e+00 2.864748915238367832e+00 2.890336406959365778e+00 2.915755493075080196e+00 2.940949926826364802e+00 2.966028625625107384e+00 2.990909027676341925e+00 3.015660394560589985e+00 3.040287342506044599e+00 3.064813847386201218e+00 3.089216574676661775e+00 3.113567369813964536e+00 3.137834615196881671e+00 3.162055335968379399e+00 3.323198755568125939e+00 3.301623986298260149e+00 3.280175873259587593e+00 3.258898209022897063e+00
2.819562122002452487e+00 2.849695916594265466e+00 2.879597699131204447e+00 2.909231962761830825e+00 2.938645284523834000e+00 2.967841319417455104e+00 2.996808050959675285e+00 3.025612158739093172e+00 3.054219334596669277e+00 3.082700445590336624e+00 3.111013695530746137e+00 3.139213661857855886e+00 3.167302422297808562e+00 3.195309840859677397e+00 3.223240247983759854e+00 3.251132708470238164e+00 3.278963010506634301e+00 3.461333444096003298e+00 3.437347467706121318e+00 3.413706379450880846e+00 3.390346507251189578e+00
2.824060999717593834e+00 2.854735728062052225e+00 2.885190528130607390e+00 2.915411420083019234e+00 2.945447571033235512e+00 2.975304968759297619e+00 3.004975680661932991e+00 3.034482758620689502e+00 3.063874826786622041e+00 3.093167614535075494e+00 3.122333007222997114e+00 3.151440413797828022e+00 3.180504215935032963e+00 3.209533710569831388e+00 3.238547159582930934e+00 3.267564899400714040e+00 3.296658012939382321e+00 3.482548947225453162e+00 3.459401452948609901e+00 3.436520591631384569e+00 3.413801511826383361e+00
2.861170428059010007e+00 2.893232658245712852e+00 2.924994776795041052e+00 2.956538878486251853e+00 2.987854025959587823e+00 3.018942106519510560e+00 3.049837110972481558e+00 3.080563743164999480e+00 3.111129547434354770e+00 3.787539683086225573e+00 3.171895595294316639e+00 3.202138471605385117e+00 3.232306560206867907e+00 3.262438916037316616e+00 3.292542391483290309e+00 3.322673090501307769e+00 3.352834513667932725e+00 3.545532281723823509e+00 3.521523551949515163e+00 3.497774455273066074e+00 3.474297149686618180e+00
2.802670945410976611e+00 2.831798262691765711e+00 2.860671350725284778e+00 2.889358703312191246e+00 2.917821637731602191e+00 2.946107280392252559e+00 2.974214254094731835e+00 3.002143390746416785e+00 3.029927419465906269e+00 3.057593951523237763e+00 3.085142933269760857e+00 3.112620260328240462e+00 3.140002232890476197e+00 3.167346039440343652e+00 3.194644109701300305e+00 3.221958676666163868e+00 3.249253024983929983e+00 3.425902620465922865e+00 3.403510477950113522e+00 3.381315814897110972e+00 3.359250887052187551e+00
2.907347789706570484e+00 2.941639245572148731e+00 2.975613806848063536e+00 3.009308337835896463e+00 3.042750646584511998e+00 3.075976622577667907e+00 3.108958637032533723e+00 3.141756032171581836e+00 3.174384100476157489e+00 3.206848713426238451e+00 3.239212388953596644e+00 3.271454126556550435e+00 3.303647367274209490e+00 3.335765662462212067e+00 3.367830205227152707e+00 3.399920899799474316e+00 3.432021460640317212e+00 3.637431973027043242e+00 3.611462225494144640e+00 3.585968316915223220e+00 3.560905447487117126e+00
2.744915044879360888e+00 2.770555389795831491e+00 2.795990549551941928e+00 2.821212698278355191e+00 2.846214188030627756e+00 2.870987619741190766e+00 2.895582471132454927e+00 2.919992213354097643e+00 2.944227911280599130e+00 2.968281788884491679e+00 2.992199405735280315e+00 3.015956514115377907e+00 3.039621107694483015e+00 3.063149613973531249e+00 3.086592962568045273e+00 3.109936246306950647e+00 3.133224714876550632e+00 3.289980260118439581e+00 3.268519291218114464e+00 3.247201879231725652e+00 3.226032681113682354e+00
2.919342730836599564e+00 2.953461879245601551e+00 2.987252075445482546e+00 3.020723568668774117e+00 3.053922555300290664e+00 3.086809501760884089e+00 3.119497552927474882e+00 3.151922672830426375e+00 3.184140212922071278e+00 3.216175966775503881e+00 3.248059990255819596e+00 3.279809631475007148e+00 3.311421586241396042e+00 3.342967580178987763e+00 3.374435836508583808e+00 3.405876179023973105e+00 3.437269825681315449e+00 3.640334910811794611e+00 3.614122880177925268e+00 3.588415749627085649e+00 3.563034883481907222e+00
2.788816844453740007e+00 2.817278368232368990e+00 2.845503064120982195e+00 2.873482660985113846e+00 2.901278685508466015e+00 2.928849868550428059e+00 2.956247536460386627e+00 2.983459147424511126e+00 3.010529853254172217e+00 3.037415435592985880e+00 3.064216222239245280e+00 3.090871625798474742e+00 3.117449925960563917e+00 3.143929072960114368e+00 3.170376006594382012e+00 3.196753210652136801e+00 3.223151831024550606e+00 3.395868129431087734e+00 3.373308182681848955e+00 3.350972480138506793e+00 3.328825548736086493e+00
2.896257470225060526e+00 2.928931567606016806e+00 2.961291687231192071e+00 2.993345028262746066e+00 3.025115332522052114e+00 2.233607415576619903e+00 3.087881095991929836e+00 3.118892169501392253e+00 3.149738571698548650e+00 3.180346869831936374e+00 3.210855483582756076e+00 3.241171331134973244e+00 3.271408585011380321e+00 3.301555858198176097e+00 3.331644374726701052e+00 3.361690450054884316e+00 3.391731098021028679e+00 3.585690983744866944e+00 3.560905447487117126e+00 3.536435688876869765e+00 3.512203184397554079e+00
2.871208778895915081e+00 2.903353727622931757e+00 2.935215598574323792e+00 2.966835022781054043e+00 2.998145333351926123e+00 3.029278327274776750e+00 3.060167057301627747e+00 3.090864388324962242e+00 3.932770326212948309e+00 3.151785897813619730e+00 3.182033531562236561e+00 3.212178345728151641e+00 3.242245043241680946e+00 3.272251308900523181e+00 3.302191829827047620e+00 3.332153195743174479e+00 3.362128707776123271e+00 3.554601466447349534e+00 3.530315720980458760e+00 3.506335466927006372e+00 3.482597460489931684e+00
2.909695521147251274e+00 2.943048587678892769e+00 2.976066885372977033e+00 3.008760390719023459e+00 3.041173339968620049e+00 3.073291005734481551e+00 3.105151729004939742e+00 3.136784725949573804e+00 3.168188570583720942e+00 3.199421322056532180e+00 3.230484778917993349e+00 3.261397543543126609e+00 3.292181069958847850e+00 3.322880106332163130e+00 3.353499958936735137e+00 3.384094754653130366e+00 3.414657941867190516e+00 3.445187073658099841e+00 3.586951934844072820e+00 3.561839004876979686e+00 3.536999791941188409e+00
2.903929512423152115e+00 2.938357458180876236e+00 2.972567448970925064e+00 3.006532374887254999e+00 3.040287342506044599e+00 3.073827753870228108e+00 3.107219797823565166e+00 3.140440499120676243e+00 3.173550921387617407e+00 3.206558108409546914e+00 3.239482246228819751e+00 3.272388007742330629e+00 3.305296914118540652e+00 3.338201543918214220e+00 3.371165299471850396e+00 3.404219843127991751e+00 3.437366275929316206e+00 3.470679697912038453e+00 3.619783509101666574e+00 3.595555340436860092e+00 3.571575751748011562e+00
2.935092525297701815e+00 2.970318036195446432e+00 3.005248701802450295e+00 3.039878970400061942e+00 3.074232466627498273e+00 3.108354408918150735e+00 3.142238670483904261e+00 3.175918254625793580e+00 3.209444138229363475e+00 3.242788245927541002e+00 3.276037528055427472e+00 3.309206635311346734e+00 3.342292534154051253e+00 3.375313798704723034e+00 3.408339999304420775e+00 3.441397909877514039e+00 3.474466148276317057e+00 3.684470305254888167e+00 3.658364992261150750e+00 3.632749580177524251e+00 3.607503607503607324e+00
2.868276166024219087e+00 2.900642386167473052e+00 2.932776571304875457e+00 2.964658512706663807e+00 2.996318808321205118e+00 3.027763890747012798e+00 3.059018194205941121e+00 3.090126344029384242e+00 3.121076979629771042e+00 3.151915473849379090e+00 3.182663677320338280e+00 3.213322715397403773e+00 3.243959887730779368e+00 3.274553929116358120e+00 3.305157452075217162e+00 3.335812026992279300e+00 3.366540707660598208e+00 3.561253561253561184e+00 3.537465925879684558e+00 3.513945540734207285e+00 3.490596333477610891e+00
