3.186833420676174811e+00 3.236201388123829403e+00 3.285403720195446464e+00 3.334491142757901816e+00 3.383498396362738525e+00 3.432462860751846367e+00 3.481457755991588243e+00 3.530511231871516831e+00 3.579700989682037982e+00 3.629043302018569950e+00 3.678588532520804755e+00 3.728380570994579646e+00 3.778496158528905191e+00 3.828955105501387735e+00 3.879835938366034132e+00 3.931197152985640653e+00 3.983106136043677470e+00 4.035678130728610036e+00 4.089072473611620850e+00 4.143703642315500701e+00 4.200089510104313639e+00
3.135167522451282718e+00 3.182258554971748143e+00 3.229241815246143066e+00 3.276106034308497339e+00 3.322893320984424914e+00 3.369712474125422297e+00 3.416562659061909368e+00 3.463467346429857763e+00 3.510510882583735892e+00 3.557725845831879674e+00 3.605127600718252001e+00 3.652814071763747172e+00 3.700784703423225519e+00 3.749088763147846226e+00 3.797765532861029580e+00 3.846880180173879449e+00 3.896411127036917943e+00 3.946411880776819814e+00 3.996995362107106153e+00 4.048277423648801943e+00 4.100468426393116594e+00
3.075632601705577951e+00 3.120323946358794842e+00 3.164927103472475522e+00 3.209421745925429725e+00 3.253895832891227524e+00 3.298425002061515787e+00 3.342967580178987763e+00 3.387605598018250674e+00 3.432345046782863118e+00 3.477293274914805998e+00 3.522416659621833368e+00 3.567801959546614832e+00 3.613444794207369526e+00 3.659387018151940119e+00 3.705660739896928124e+00 3.752319141691739635e+00 3.799260871066902023e+00 3.846602968753220164e+00 3.894324717139896475e+00 3.942426736569812018e+00 4.008957947413531286e+00
3.052134719806934182e+00 3.094889306125817363e+00 3.137506449318812063e+00 3.180001935653351985e+00 3.222416812609457004e+00 3.264818455254620666e+00 3.307197288098223886e+00 3.349616189811583489e+00 3.392082314530832754e+00 3.434679269649799860e+00 3.477414194804743452e+00 3.520308660663367117e+00 3.563474387527839848e+00 3.606828002857717319e+00 3.650480529600482527e+00 3.694480172956404740e+00 3.738757763115077903e+00 3.783423103645155994e+00 3.828430621876349083e+00 3.873797220550494025e+00 3.919600063263720457e+00
3.057657695221019711e+00 3.100497457592084505e+00 3.143116574701403820e+00 3.185637729277426278e+00 3.228021978021977656e+00 3.270315968187479605e+00 3.312588541262870834e+00 3.354836906001663177e+00 3.397092366248154249e+00 3.439428229451135799e+00 3.481821410416216622e+00 3.524363023212422341e+00 3.567067733128455043e+00 3.609907808508274751e+00 3.653019361002613152e+00 3.696376866156931840e+00 3.739974789799564991e+00 3.969165848461426283e+00 3.828164151678824290e+00 3.872835119140637605e+00 3.917956613785708253e+00
3.045347346652596876e+00 3.086701228366784289e+00 3.127823729756029181e+00 3.168742422572467632e+00 3.209466530845764165e+00 3.250079485639593813e+00 3.290556103981572722e+00 3.330927663354244395e+00 3.371289002029653314e+00 3.411591054669006251e+00 3.451919690031700849e+00 3.492289572434193801e+00 3.532736693358454971e+00 3.573269197732348523e+00 3.613972172414272599e+00 3.654816626604253216e+00 3.695896186382674919e+00 3.912443629924016619e+00 3.778744220238953400e+00 3.820664934631896159e+00 3.862948119227133770e+00
3.010867129733362457e+00 3.050554065750081367e+00 3.090061239395471393e+00 3.129346314325451406e+00 3.168502331604432953e+00 3.207497176007920725e+00 3.246416853738559816e+00 3.285288895723532665e+00 3.324091886386782324e+00 3.362890163889422634e+00 3.401714741920927487e+00 3.440564252537415602e+00 3.479519547940820079e+00 3.518574555076247279e+00 3.557775483438903930e+00 3.597147185578207118e+00 3.636712960421583762e+00 3.676520649790983253e+00 3.716576619980040519e+00 3.756913764914599607e+00 3.797601884735750222e+00
3.048283391108936424e+00 3.091038097044545463e+00 3.133661091071154203e+00 3.176181401386471759e+00 3.218651385069655646e+00 3.261080736032860639e+00 3.303532715297420985e+00 3.346020327073486733e+00 3.388586112444582188e+00 3.431308632486257615e+00 3.474128167536356226e+00 3.517213241604412399e+00 3.560473269062225832e+00 3.604028194589798950e+00 3.647851553090005527e+00 3.692030001162305286e+00 3.736507057846664814e+00 3.781380203774377780e+00 3.826566109147579553e+00 3.872098473578021949e+00 3.918056643904623826e+00
3.065262219249846432e+00 3.108683825659358746e+00 3.151922672830426375e+00 3.195043515103526133e+00 3.238051932841425007e+00 3.281023120741650700e+00 3.323938590234545298e+00 3.366864555848724461e+00 3.409834240302848762e+00 3.452868347062595156e+00 3.496024129421442250e+00 3.539307128580945427e+00 3.582768988675639754e+00 3.626436034457984015e+00 3.670360110803323472e+00 3.714528009643755624e+00 3.759038779610972991e+00 3.993857722261624499e+00 3.849008880213344419e+00 3.894595553206434690e+00 3.940682360261329453e+00
3.003128841211308409e+00 3.042414017231126255e+00 3.081491441857859392e+00 3.120368203448006916e+00 3.159101990921015179e+00 3.197664314761391235e+00 3.236134540572175311e+00 3.274508301226895401e+00 3.312798680519334127e+00 3.351089453144089791e+00 3.389399652586535527e+00 3.427686106217136874e+00 3.466060337178349382e+00 3.504528400423291501e+00 3.543093746092175866e+00 3.581812818675993437e+00 3.620663742809907770e+00 3.821833090125772436e+00 3.699024992846225324e+00 3.738550688516418141e+00 3.778354835607215634e+00
2.964474564118827260e+00 3.001430914738421496e+00 3.038149490764716187e+00 3.074665455434820505e+00 3.111000497760079142e+00 3.147139250421366441e+00 3.183158966958809621e+00 3.219056816352808159e+00 3.254908897930302025e+00 3.290648257706767943e+00 3.326357223046111589e+00 3.362082570003361415e+00 3.397775497184700288e+00 3.433523550538032598e+00 3.469355185645196293e+00 3.505251003464012527e+00 3.541273191867569725e+00 3.577441077441077422e+00 3.613771248279983972e+00 3.699466317729350084e+00 3.687007819239224382e+00
3.203164169127067584e+00 3.253803767338883546e+00 3.304305923656765120e+00 3.354719671237471612e+00 3.405071471755279688e+00 3.455449384718451533e+00 3.505901601028397874e+00 3.556435754034113828e+00 3.607128240345729431e+00 3.658048396670486202e+00 3.709224291297747556e+00 3.760735189541053458e+00 3.812560654374046898e+00 3.864840989399292770e+00 3.917563275642550025e+00 3.970852549008680121e+00 4.024787137335452236e+00 4.079459575321344289e+00 4.135193251364612799e+00 4.192295797395277468e+00 4.251700680272108457e+00
3.029009651526207492e+00 3.069239247199319287e+00 3.109216408371392237e+00 3.148989174474992936e+00 3.188549564231559330e+00 3.227977637669812161e+00 3.267246892639657840e+00 3.306445502200852538e+00 3.345577216619154637e+00 3.384643589978634015e+00 3.423700391280044997e+00 3.462795722754722583e+00 3.501929494486177852e+00 3.541125661357292120e+00 3.580478131541258158e+00 3.619934701947107758e+00 3.659614428547754095e+00 3.699489749621325263e+00 3.739586290953663461e+00 3.780016769528941278e+00 3.820744558912407385e+00
3.060763103892038206e+00 3.105261300681040115e+00 3.149694479635475108e+00 3.194111724473144953e+00 3.238520478474173903e+00 3.282994090610636739e+00 3.327533258001677652e+00 3.372193852972348083e+00 3.417015341701533870e+00 3.462052443170409166e+00 3.507324118011140968e+00 3.552868070165661418e+00 3.598715535378141706e+00 3.644876845218903316e+00 3.691373806284905523e+00 3.738240119623683189e+00 3.785435885932198374e+00 3.832912874405897785e+00 3.880776986992466426e+00 3.928920994223796814e+00 4.719626807480265640e+00
3.170424078681654212e+00 3.218831564142215829e+00 3.267042492405863641e+00 3.315158739675396760e+00 3.363167142543377341e+00 3.411139808001559359e+00 3.459106443623482630e+00 3.507131166705634406e+00 3.555245730219589007e+00 3.603528686167300599e+00 3.651993145489788262e+00 3.700657894736842035e+00 3.749635452108821987e+00 3.798919725372639000e+00 3.848629887759956958e+00 3.898742142666602017e+00 4.903416507248078204e+00 4.000579394257099075e+00 4.052531802071599465e+00 4.105455466071830983e+00 4.159877976912677688e+00
2.919708029197080279e+00 2.956226728512806545e+00 2.992636721740461248e+00 3.028967948011894951e+00 3.065240865233898937e+00 3.101459064186418146e+00 3.137703340608156477e+00 3.173946042917270116e+00 3.210250469324660738e+00 3.246641108002624510e+00 3.283108754723834899e+00 3.319701368140755449e+00 3.356479053472906759e+00 3.393445801822765340e+00 3.430625883386164698e+00 3.468055738591830917e+00 3.505757002921464416e+00 3.543731003557361259e+00 3.581982627384256990e+00 3.669445290647761038e+00 3.659235426922306633e+00
3.166672530875056957e+00 3.216400847451700962e+00 3.266043570411035102e+00 3.315696649029982623e+00 3.365384615384614975e+00 3.415110119877335038e+00 3.465003465003464900e+00 3.515062040845020608e+00 3.565355712796883569e+00 3.615907210258050064e+00 3.666805036668050022e+00 3.718019768640958400e+00 3.769653603103452433e+00 3.821726864655279776e+00 3.874252822669912888e+00 3.927242662257131034e+00 3.980782429649965426e+00 4.034894884031555939e+00 4.089752743253640688e+00 4.145564591350970218e+00 4.202896553624825948e+00
3.167324230718913558e+00 3.215928634348913739e+00 3.264364942109613033e+00 3.312728631138239344e+00 3.361021750612186221e+00 3.409288571925552347e+00 3.457599457848404612e+00 3.505949803048113544e+00 3.554452823350663593e+00 3.603104212860310351e+00 3.651993145489788262e+00 3.701139813983454374e+00 3.750573004208976435e+00 3.800363452941135201e+00 3.850542926552644296e+00 3.901197051516333669e+00 3.952326762022228213e+00 4.004059287691659641e+00 4.056488318688723282e+00 4.109926843302189603e+00 4.164757819332805866e+00
3.109782385909857894e+00 3.156089193825043271e+00 3.202249928645517496e+00 3.248358166796130320e+00 3.294418020466571839e+00 3.340478245135428459e+00 3.386577863069367922e+00 3.432769214925680767e+00 3.479083748503993601e+00 3.525581202430576599e+00 3.572238213331317969e+00 3.619178863995433648e+00 3.666373817940328461e+00 3.713903312381312105e+00 3.761738333481522645e+00 3.809946037309762890e+00 3.858593086804313010e+00 3.907642526119504911e+00 3.957151683872176751e+00 4.007308243508499679e+00 4.816073475644913060e+00
3.087892653622659189e+00 3.133682913071635490e+00 3.179358193559326917e+00 3.225031735684632306e+00 3.270680092692464846e+00 3.316398532317244907e+00 3.362220987120634774e+00 3.408150348118213380e+00 3.454255784116063044e+00 3.500559403120302004e+00 3.547110495969508559e+00 3.593964903550422196e+00 3.641135209777478732e+00 3.688598750052197062e+00 3.736455349358574818e+00 3.784693019343986276e+00 3.833279713051633397e+00 3.882229786408036176e+00 3.931549651333622997e+00 3.981328940142778716e+00 4.768783130948020421e+00
3.234954022355596592e+00 3.287127050957463048e+00 3.339130434782608514e+00 3.391026927521989531e+00 3.442933379239112135e+00 3.494826286575754892e+00 3.546789807499721725e+00 3.598889880890586479e+00 3.651146951643367000e+00 3.703652899137185983e+00 3.756443343791085798e+00 3.809576582879069750e+00 3.863108008360869317e+00 3.917097430803774039e+00 3.971654925897280641e+00 4.026826999180748601e+00 4.082790691237224046e+00 4.139701113579599578e+00 4.197947203817331996e+00 4.258154021551753488e+00 4.321847281009254083e+00
2.986442938104233669e+00 3.026405387001588565e+00 3.066287562022634194e+00 3.106040212867288819e+00 3.145753233135267113e+00 3.185457325490028690e+00 3.225142386605365896e+00 3.264863813499864431e+00 3.304647160068846734e+00 3.344504908757725659e+00 3.384500398383901043e+00 3.424610621772304242e+00 3.464955440673033404e+00 3.505491937368544253e+00 3.546271894752212717e+00 3.587305160092285394e+00 3.628596075639111795e+00 3.670156778017838572e+00 3.711978003093315159e+00 3.754040807813966651e+00 3.796347070485510233e+00
2.981535774879851441e+00 3.020256792065855844e+00 3.058805536438020667e+00 3.097189816439883447e+00 3.135473351960367250e+00 3.173661370331785747e+00 3.211774645133812278e+00 3.249849871065737972e+00 3.287908889945994506e+00 3.325988442190163319e+00 3.364136927238524422e+00 3.402352483717312470e+00 3.440658955003062403e+00 3.479132165272693644e+00 3.517757640569595612e+00 3.556559760664448788e+00 3.595605064271439666e+00 3.634863937256656463e+00 3.674355081355767716e+00 3.766297797742960807e+00 3.754197401261131883e+00
3.069282067021959381e+00 3.113413149924994627e+00 3.157410648710609280e+00 3.201313930587162293e+00 3.245172805451889797e+00 3.289013296011196186e+00 3.332870434661852510e+00 3.376786003222016497e+00 3.420760525819760645e+00 3.464883406673365140e+00 3.509158214870574444e+00 3.553635508483433014e+00 3.598366895024565970e+00 3.643312802463704259e+00 3.688573078984180853e+00 3.734129947722180987e+00 3.780056700850512375e+00 3.826260445349384920e+00 3.872886337701856529e+00 3.919896569746650794e+00 3.967425349759865938e+00
3.076772465683497604e+00 3.122008075594222110e+00 3.167149771758662968e+00 3.212290502793295754e+00 3.257419292239025044e+00 3.302555352203767391e+00 3.347840642785403276e+00 3.393210808415162649e+00 3.438742245636235761e+00 3.484490532639222149e+00 3.530437912749726515e+00 3.576685513048023957e+00 3.623264142923834363e+00 3.670105948341527480e+00 3.717367823025235829e+00 3.764931375569017913e+00 3.812851388917774198e+00 3.861136966939014314e+00 3.909786813729525079e+00 3.958800691748330713e+00 4.756630403022498399e+00
3.212447535843232505e+00 3.263367656554855500e+00 3.314153551080273097e+00 3.364806866952789743e+00 3.415419573839279632e+00 3.466036310196385362e+00 3.516718479652266804e+00 3.567483757658084453e+00 3.618372984670623183e+00 3.669496102025838091e+00 3.720864925582702210e+00 3.772575434360617042e+00 3.824614123753585559e+00 3.877069212608782678e+00 3.930031647096947633e+00 3.983516483516483131e+00 4.037675691103887132e+00 4.092618026941913456e+00 4.148602957953909431e+00 4.206113344411730459e+00 4.266094184350315288e+00
2.968793151063241709e+00 3.007560868135941590e+00 3.046184307996925522e+00 3.084731978855563828e+00 3.123225440090856786e+00 3.161685865889532820e+00 3.200133570792519588e+00 3.238609740635594036e+00 3.277133972025827013e+00 3.315764387308911765e+00 3.354485226287982069e+00 3.393377258716737899e+00 3.432486424516191015e+00 3.471764142231233308e+00 3.511332654016688704e+00 3.551185817538679679e+00 3.591321676795132589e+00 3.631766784699087314e+00 3.672547362002300364e+00 3.765575790770915976e+00 3.754928343450779415e+00
3.202428276049317457e+00 3.253573626249266049e+00 3.304601657808498238e+00 3.355634319750004924e+00 3.406633898092980228e+00 3.457719011922214758e+00 3.508916776750330424e+00 3.560253873487748244e+00 3.611838495252515102e+00 3.663712654325255169e+00 3.715856189354421968e+00 3.768388020637063018e+00 3.821355122005447136e+00 3.874762151876837368e+00 3.928677276392784634e+00 3.983145007442191243e+00 4.038274630052976377e+00 4.094123198412312092e+00 4.150985167146336252e+00 4.209218879381728229e+00 4.269766609047772832e+00
3.055648330407964242e+00 3.097040605643496036e+00 3.138184734474702253e+00 3.179100867341649206e+00 3.219822909739963990e+00 3.260379452672470091e+00 3.300783936184843448e+00 3.341059533504562307e+00 3.381292481799675897e+00 3.421429319554516013e+00 3.461573077269233689e+00 3.501761179887532105e+00 3.541961830152512203e+00 3.582265677680377181e+00 3.622658334552496751e+00 3.663231523144020674e+00 3.704014312870401504e+00 3.744986824455445173e+00 3.786262064407759809e+00 3.827871077302116287e+00 3.869862067059181676e+00
3.066693616398446842e+00 3.109066036562616375e+00 3.151194302640700773e+00 3.193136145607007315e+00 3.234887226325098730e+00 3.276517132001812271e+00 3.318013992135600887e+00 3.359454808476795673e+00 3.400841187657028364e+00 3.442245996667906205e+00 3.483640822696616901e+00 3.525093829703408232e+00 3.566651805617476523e+00 3.608329690308165194e+00 3.650173032240854987e+00 3.692206708876338617e+00 3.734491486742554489e+00 3.777031527912263265e+00 3.819921934686279830e+00 3.863187957891250690e+00 3.906919359813564530e+00
3.243437215336626878e+00 3.295300078263376342e+00 3.346976912832170026e+00 3.398482473540386017e+00 3.449926777064323602e+00 3.501304407524371776e+00 3.552670075372333258e+00 3.604103132797337850e+00 3.655690222434689662e+00 3.707390752119735122e+00 3.759347103935694712e+00 3.811583054394755088e+00 3.864174274259768893e+00 3.917152230328550644e+00 3.970686580472580829e+00 4.024815066687022380e+00 4.079741662460152796e+00 4.135649296939619468e+00 4.192958579068200464e+00 4.252342217527880663e+00 4.315304948216340364e+00
3.088983312625703803e+00 3.133181083941402267e+00 3.177190534734981142e+00 3.221040396047923693e+00 3.264795776604612509e+00 3.308496632915405744e+00 3.352165988085843207e+00 3.395844595062857962e+00 3.439570191308893410e+00 3.483398124538449547e+00 3.527336860670193808e+00 3.571453100639427891e+00 3.615806637786570299e+00 3.660372667375719757e+00 3.705253912816747874e+00 3.750442760603682313e+00 3.796009358888528418e+00 3.841958301031153766e+00 3.888348840438827558e+00 3.935213951369040064e+00 3.982727539512849635e+00
3.028509285134148854e+00 3.069496184058153165e+00 3.110290915876998241e+00 3.150907461348868122e+00 3.191444092991588821e+00 3.231839810765464449e+00 3.272182963762313879e+00 3.312492236346321395e+00 3.352821608935268927e+00 3.393163813639132886e+00 3.433594286499107362e+00 3.474104028571031400e+00 3.514744698593412764e+00 3.555567949692199470e+00 3.596574954005339553e+00 3.637811273096670295e+00 3.679303570312879579e+00 3.721084075827424620e+00 3.763171098845960572e+00 3.805588778949656970e+00 3.848347615742489847e+00
3.167854025286514386e+00 3.217683268047005996e+00 3.267474034009537842e+00 3.317241184608000548e+00 3.367049639931833926e+00 3.416920030124682484e+00 3.466925530439606273e+00 3.517114278077122957e+00 3.567532708100356942e+00 3.618221922249977407e+00 3.669216656859012105e+00 3.720577602122835170e+00 3.772368430077435608e+00 3.824535762824146534e+00 3.877230272860080262e+00 3.930356835028443463e+00 3.984036378373550846e+00 4.038302270347225331e+00 4.093356274629516456e+00 4.149434985269505383e+00 4.207070637405685432e+00
3.110244012780275291e+00 3.156717288517097764e+00 3.203074951953875260e+00 3.249390739236392989e+00 3.295684712829139329e+00 3.341966747430862750e+00 3.388346910251161415e+00 3.434844435895497927e+00 3.481481997256591576e+00 3.528337392074385459e+00 3.575406702512410995e+00 3.622734049519987565e+00 3.670410947520048150e+00 3.718411045785566138e+00 3.766762091306312676e+00 3.815496465462818954e+00 3.864654285970614112e+00 3.914222607431431022e+00 3.964252182077407483e+00 4.014813276572179568e+00 4.750070562642416228e+00
2.985074626865671821e+00 3.023463482889305887e+00 3.061678913382320122e+00 3.099707249870844894e+00 3.137593953507829880e+00 3.175326333809632473e+00 3.212986051449684854e+00 3.250584751930917005e+00 3.288115909583808616e+00 3.325667787015743393e+00 3.363190226157383833e+00 3.400793981288693146e+00 3.438458470298595415e+00 3.476205374213508392e+00 3.514090815131261536e+00 3.552150444018805864e+00 3.590416350203687212e+00 3.628852166145600577e+00 3.667566258390421829e+00 4.642815070439127112e+00 3.745785990760394757e+00
3.066116623926858686e+00 3.109298923758577082e+00 3.152298025260414693e+00 3.195110092380356370e+00 3.237851169070943502e+00 3.280450608279298574e+00 3.323018131217678306e+00 3.365592653392036837e+00 3.408126643203917450e+00 3.450752827504612430e+00 3.493437816806860496e+00 3.536239521290241772e+00 3.579173421479250994e+00 3.622305039880184818e+00 3.665663796382750306e+00 3.709224772022647443e+00 3.753113378143232648e+00 3.987186009101783668e+00 3.841879227782274420e+00 3.886891458556019696e+00 3.932390479475681211e+00
3.071982126649445366e+00 3.115816308465814366e+00 3.159514259025220984e+00 3.203052648437118677e+00 3.246547014941173703e+00 3.290003290003289838e+00 3.333449078092988849e+00 3.376911573158376978e+00 3.420450103311553747e+00 3.464091230306640679e+00 3.507854843590942906e+00 3.551828843635958410e+00 3.596002904463883709e+00 3.640409923894826427e+00 3.685110761914032640e+00 3.730106100795755886e+00 3.775431727609591892e+00 3.821089635815420937e+00 3.867139160760489691e+00 3.913598725677327028e+00 3.960561148979633739e+00
3.113743639824780640e+00 3.159557661927330230e+00 3.205239870396822788e+00 3.250791497060153912e+00 3.296227879220716250e+00 3.341664288051461540e+00 3.387079702219242261e+00 3.432557117750438813e+00 3.478091501631225047e+00 3.523757170845842612e+00 3.569589840398146752e+00 3.615630649422889586e+00 3.661890088023546763e+00 3.708460096282612195e+00 3.755346152508779678e+00 3.802570537683473528e+00 4.794947495324925590e+00 3.898228394417179832e+00 3.946739785214266494e+00 3.995838816129410276e+00 4.045695791104955141e+00
3.041147431998528994e+00 3.083002844770806661e+00 3.124711496807822897e+00 3.166255971145771397e+00 3.207698476343223692e+00 3.249087490321866944e+00 3.290417883071150129e+00 3.331760002221173522e+00 3.373122409923863696e+00 3.414538967554911153e+00 3.456083058845103473e+00 3.497750466366728261e+00 3.539577332824374700e+00 3.581637221476047461e+00 3.623920664013770665e+00 3.666449907992860968e+00 3.709302651101593185e+00 3.752449515656052892e+00 3.795956960749804932e+00 3.839798136326546540e+00 3.884033846580662974e+00
3.171336753678750231e+00 3.220251179592008128e+00 3.268996696226742937e+00 3.317639252613522771e+00 3.366216921766371328e+00 3.414753127286664469e+00 3.463347394523755174e+00 3.512000505728072763e+00 3.560790221522236898e+00 3.609707336035985925e+00 3.658881762890653810e+00 3.708307295064517284e+00 3.758011397023654609e+00 3.808073115003807629e+00 3.858556348703248595e+00 3.909467893494924517e+00 3.960973982655103587e+00 4.013086743890244890e+00 4.065993136052265200e+00 4.119973632168753674e+00 4.175565412628004403e+00
2.966683454875364667e+00 3.004030990422031255e+00 3.041152320260986031e+00 3.078085430862003147e+00 3.114855090019311490e+00 3.151503267058386459e+00 3.188007424515068688e+00 3.224427138461107401e+00 3.260786612736493506e+00 3.297088258931331506e+00 3.333356481642233859e+00 3.369689300892623418e+00 3.406018225673036248e+00 3.442435592030072655e+00 3.478938506282962528e+00 3.515556336790297109e+00 3.552298894608167501e+00 3.740097242528305443e+00 3.626346804281878278e+00 3.713560685770873171e+00 3.701241286661137497e+00
3.179515441846662682e+00 3.228376744697219358e+00 3.277019724869790540e+00 3.325573661456601382e+00 3.374005012807447468e+00 3.422409096623688640e+00 3.470800158268487312e+00 3.519218451966187100e+00 3.567753001715265881e+00 3.616385005911398665e+00 3.665207499152852932e+00 3.714267693579923257e+00 3.763617452236273309e+00 3.813300793166564784e+00 3.863347866880070480e+00 3.913839616443717695e+00 3.964863109683153031e+00 4.016537052554309817e+00 4.068993579266063421e+00 4.122521334047903885e+00 4.177624369932061654e+00
3.025676995227682298e+00 3.066629495400055472e+00 3.107348534022013720e+00 3.147953830010493004e+00 3.188414012016777654e+00 3.228798131418953776e+00 3.269110384642136768e+00 3.309386246742322957e+00 3.349616189811583489e+00 3.389926269103646916e+00 3.430272843902004265e+00 3.470703789314396825e+00 3.511260129296990495e+00 3.552002005836426779e+00 3.592897118772887310e+00 3.633994994686139179e+00 3.675323324433965144e+00 3.716934767794824790e+00 3.758822792387687350e+00 3.800993787102882049e+00 3.843514070006863292e+00
3.146875152973097833e+00 3.193823423223262292e+00 3.240574753854215118e+00 3.287173031193173500e+00 3.333634286428635907e+00 3.380032972566548555e+00 3.426441161152380843e+00 3.472849264450525553e+00 3.519292762926362172e+00 3.565869146317210969e+00 3.612566172486140204e+00 3.659462818476834745e+00 3.706601869774720726e+00 3.754040807813966651e+00 3.801781998907851179e+00 3.849896052806573987e+00 3.898445494858925109e+00 3.947532445946507096e+00 3.997215732489783235e+00 4.047666417403593897e+00 4.099271858151297465e+00
3.122804278241861020e+00 3.168851566859323121e+00 3.214737474753827318e+00 3.260492542490460721e+00 3.306126665977890511e+00 3.351744652919857792e+00 3.397304343002939930e+00 3.442933379239112135e+00 3.488599257626077588e+00 3.534377014075136270e+00 3.580330216609977967e+00 3.626460847907600371e+00 3.672801862734227818e+00 3.719454854239476749e+00 3.766400964198646673e+00 3.813723858656460131e+00 3.861429832303618248e+00 3.909545463898433937e+00 3.958223382683814684e+00 4.007462170938989487e+00 4.057548415492957972e+00
3.164165141905927570e+00 3.212021338993938713e+00 3.259678470864022515e+00 3.307174501684592371e+00 3.354579000335457639e+00 3.401903677527302605e+00 3.449222517087729312e+00 3.496527468308434639e+00 3.543930844706340011e+00 3.591422837224041320e+00 3.639060161217230416e+00 3.686930873524357999e+00 3.735033926558166684e+00 3.783446719961885307e+00 3.832177977294345173e+00 3.881341835320210709e+00 4.916387274750936953e+00 3.981137644402039655e+00 4.031977754605491349e+00 4.083751514102785585e+00 4.136846895296405258e+00
3.167586439914404917e+00 3.216693239349948552e+00 3.265635096544679428e+00 3.314550878355982722e+00 3.363444166826830450e+00 3.412351318978244397e+00 3.461333444096003298e+00 3.510438391806223635e+00 3.559742055614124379e+00 3.609256354373446829e+00 3.659008063625317941e+00 3.709122380432318788e+00 3.759552681586394218e+00 3.810421155458255438e+00 3.861696112099521461e+00 3.913456700396935606e+00 3.965741558884304130e+00 4.018596401277636510e+00 4.072167083086012163e+00 4.126660981044870447e+00 4.182579897561075732e+00
3.200757048623673828e+00 3.251113152872993961e+00 3.301283373911607644e+00 3.351393621180807081e+00 3.401454989726217626e+00 3.451482024118111003e+00 3.501592881467647356e+00 3.551779371822550324e+00 3.602105846494873642e+00 3.652660119975835951e+00 3.703449694808312209e+00 3.754562836780809931e+00 3.805991322339784766e+00 3.857838645898634677e+00 3.910150331315416228e+00 3.962956782913399145e+00 4.016425796533408032e+00 4.070593754743276449e+00 4.125724580379428907e+00 4.182235782112371680e+00 4.240882103477523479e+00
3.121380066173257362e+00 3.167673206305047007e+00 3.213816616829220152e+00 3.259881950657871563e+00 3.305830658824501445e+00 3.351791462707828462e+00 3.397751936371894210e+00 3.443810783260324193e+00 3.489938507283501412e+00 3.536239521290241772e+00 3.582693483010305435e+00 3.629416074889234345e+00 3.676419583524090928e+00 3.723714440283564464e+00 3.771359609424284276e+00 3.819417920708883862e+00 3.867857414199180166e+00 3.916745116093699686e+00 3.966155473294552536e+00 4.016175493020163856e+00 4.067030171849258302e+00
