3.186809380304132411e+00 3.236179105299759495e+00 3.285403720195446464e+00 3.334491142757901816e+00 3.383510564839109946e+00 3.432486424516191015e+00 3.481481997256591576e+00 3.530524918444874150e+00 3.579689393104966921e+00 3.629029443990815285e+00 3.678588532520804755e+00 3.728403399178344735e+00 3.778484621567590018e+00 3.828963673577365778e+00 3.879835938366034132e+00 3.931197152985640653e+00 3.983078782551367603e+00 4.035678130728610036e+00 4.089100813661755041e+00 4.143703642315500701e+00 4.200060591038035085e+00
3.135167522451282718e+00 3.182289865098581583e+00 3.229225898391704597e+00 3.276106034308497339e+00 3.322926113353316779e+00 3.369712474125422297e+00 3.416538836982289773e+00 3.463460491811389375e+00 3.510510882583735892e+00 3.557725845831879674e+00 3.605127600718252001e+00 3.652804388878933661e+00 3.700784703423225519e+00 3.749088763147846226e+00 3.797788842940332366e+00 3.846840782007776127e+00 3.896396858273690533e+00 3.946411880776819814e+00 3.996995362107106153e+00 4.048249646635835752e+00 4.100468426393116594e+00
3.075632601705577951e+00 3.120319520718921602e+00 3.164927103472475522e+00 3.209444138229363475e+00 3.253923747412438505e+00 3.298402336368321031e+00 3.342967580178987763e+00 3.387580714295590489e+00 3.432345046782863118e+00 3.477293274914805998e+00 3.522415686491189746e+00 3.567801959546614832e+00 3.613444794207369526e+00 3.659412284577993724e+00 3.705686169555729492e+00 3.752293067985991382e+00 3.799260871066902023e+00 3.846629390996139541e+00 3.894324717139896475e+00 3.942399468813544416e+00 4.033719157431273850e+00
3.052143090017411353e+00 3.094886403601322389e+00 3.137506449318812063e+00 3.180001935653351985e+00 3.222439386615667978e+00 3.264819441290029101e+00 3.307197288098223886e+00 3.349616189811583489e+00 3.392106775214083214e+00 3.434679269649799860e+00 3.477414194804743452e+00 3.520324698183926682e+00 3.563443264393515442e+00 3.606828002857717319e+00 3.650514860350587476e+00 3.694486849718033650e+00 3.738783649052841884e+00 3.783397077841675227e+00 3.828430621876349083e+00 3.873797220550494025e+00 3.919592362394311191e+00
3.057647318158869698e+00 3.100476095329304460e+00 3.143116574701403820e+00 3.185639690300419158e+00 3.228024869826387810e+00 3.270338723593753993e+00 3.312583677243930325e+00 3.354836906001663177e+00 3.397115917914586447e+00 3.439404570280792939e+00 3.481845656745727435e+00 3.524363023212422341e+00 3.567067733128455043e+00 3.609932869132991495e+00 3.653005803454502765e+00 3.696367795569937442e+00 3.739974789799564991e+00 3.969150122838352779e+00 3.828164151678824290e+00 3.872832769697849287e+00 3.917946995774214347e+00
3.045340974370687182e+00 3.086701228366784289e+00 3.127799024695394614e+00 3.168720594617307817e+00 3.209466530845764165e+00 3.250053591309218337e+00 3.290556103981572722e+00 3.330927663354244395e+00 3.371289002029653314e+00 3.411591054669006251e+00 3.451918230960944634e+00 3.492302964266755794e+00 3.532761164564327760e+00 3.573293752233308140e+00 3.613972172414272599e+00 3.654819534665618264e+00 3.695896186382674919e+00 3.912470484871780396e+00 3.778744220238953400e+00 3.820673939592415636e+00 3.862948119227133770e+00
3.010867129733362457e+00 3.050577183069295817e+00 3.090039538460457980e+00 3.129333949717292285e+00 3.168502331604432953e+00 3.207519541464162405e+00 3.246439277770870380e+00 3.285288895723532665e+00 3.324099722991689099e+00 3.362875258345885410e+00 3.401691126445718361e+00 3.440587927665078816e+00 3.479495333996756923e+00 3.518576011590603514e+00 3.557775483438903930e+00 3.597122302158273666e+00 3.636712960421583762e+00 3.676521594361741752e+00 3.716576619980040519e+00 3.756907586904103091e+00 3.797608197309912281e+00
3.048273568697001501e+00 3.091059812007362684e+00 3.133661091071154203e+00 3.176181401386471759e+00 3.218651385069655646e+00 3.261080736032860639e+00 3.303532715297420985e+00 3.346020327073486733e+00 3.388588065254524384e+00 3.431300462875429336e+00 3.474152306837131388e+00 3.517192866305292487e+00 3.560482829397021654e+00 3.604028194589798950e+00 3.647876660472158861e+00 3.692041908158715913e+00 3.736532912627405167e+00 3.781368167755242649e+00 3.826566109147579553e+00 3.872109746653390694e+00 3.918037406946611068e+00
3.065240865233898937e+00 3.108657957818965478e+00 3.151922672830426375e+00 3.195024282184544262e+00 3.238051932841425007e+00 3.281000216406397385e+00 3.323950833816602390e+00 3.366864555848724461e+00 3.409834240302848762e+00 3.452871753437333879e+00 3.496014543420500331e+00 3.539307128580945427e+00 3.582772376824974625e+00 3.626447963958685961e+00 3.670360110803323472e+00 3.714531384350816534e+00 3.759032118841103998e+00 3.993885224001872736e+00 3.848982425271318952e+00 3.894595553206434690e+00 3.940682360261329453e+00
3.003107867444215540e+00 3.042414017231126255e+00 3.081491441857859392e+00 3.120384431361943545e+00 3.159091866391474213e+00 3.197664314761391235e+00 3.236134540572175311e+00 3.274485487758997504e+00 3.312812301576346208e+00 3.351089453144089791e+00 3.389384999550387523e+00 3.427700013291081760e+00 3.466084364493431824e+00 3.504528400423291501e+00 3.543093746092175866e+00 3.581785244422402759e+00 3.620665645453278625e+00 3.821806533204549439e+00 3.698999176449239812e+00 3.738550688516418141e+00 3.778363968401681650e+00
2.964474564118827260e+00 3.001430914738421496e+00 3.038149490764716187e+00 3.074643970203904786e+00 3.111000497760079142e+00 3.147139250421366441e+00 3.183148687643155395e+00 3.219079343307813978e+00 3.254892727046081013e+00 3.290648257706767943e+00 3.326357223046111589e+00 3.362074399904741107e+00 3.397773042918120989e+00 3.433536542638918387e+00 3.469355185645196293e+00 3.505251003464012527e+00 3.541273191867569725e+00 3.577423704559838935e+00 3.613751346633756079e+00 3.699438104212473544e+00 3.687033468524560043e+00
3.203164169127067584e+00 3.253811112803400185e+00 3.304305923656765120e+00 3.354719671237471612e+00 3.405071471755279688e+00 3.455448897366256489e+00 3.505877500515570233e+00 3.556460554668377405e+00 3.607128240345729431e+00 3.658073644614693976e+00 3.709224291297747556e+00 3.760733760942690296e+00 3.812560654374046898e+00 3.864840989399292770e+00 3.917579623087602325e+00 3.970862087851900757e+00 4.024787137335452236e+00 4.079468037367926847e+00 4.135193251364612799e+00 4.192324609632724020e+00 4.251700680272108457e+00
3.029000922788653405e+00 3.069217837736032628e+00 3.109216408371392237e+00 3.148967138778480557e+00 3.188554475760053908e+00 3.227956913792498383e+00 3.267246892639657840e+00 3.306445502200852538e+00 3.345577216619154637e+00 3.384632387478242244e+00 3.423700391280044997e+00 3.462795722754722583e+00 3.501929494486177852e+00 3.541125661357292120e+00 3.580478131541258158e+00 3.619934701947107758e+00 3.659600822002646137e+00 3.699466317729350084e+00 3.739612188365650791e+00 3.780003780003780012e+00 3.820744558912407385e+00
3.060763103892038206e+00 3.105268605734395670e+00 3.149694479635475108e+00 3.194094474216559565e+00 3.238520478474173903e+00 3.282971158749118157e+00 3.327527859196012461e+00 3.372193852972348083e+00 3.417015341701533870e+00 3.462065652069467259e+00 3.507324118011140968e+00 3.552868070165661418e+00 3.598715535378141706e+00 3.644866240286087411e+00 3.691373330175931944e+00 3.738214241211735178e+00 3.785428166338596245e+00 3.832912874405897785e+00 3.880771797001592471e+00 3.928920994223796814e+00 4.719626807480265640e+00
3.170402227552173269e+00 3.218809040654957876e+00 3.267042492405863641e+00 3.315146073623868261e+00 3.363158005367039571e+00 3.411139808001559359e+00 3.459130374623819115e+00 3.507155284457800004e+00 3.555245730219589007e+00 3.603528686167300599e+00 3.651973788474921712e+00 3.700657894736842035e+00 3.749635452108821987e+00 3.798945965174025829e+00 3.848612094263505590e+00 3.898742142666602017e+00 4.903416507248078204e+00 4.000579394257099075e+00 4.052531802071599465e+00 4.105461655683976474e+00 4.159875612899706532e+00
2.919728821284111042e+00 2.956247536460386627e+00 2.992636721740461248e+00 3.028958249684776671e+00 3.065240865233898937e+00 3.101480439996691096e+00 3.137703340608156477e+00 3.173967942923776597e+00 3.210250469324660738e+00 3.246618681182044774e+00 3.283108754723834899e+00 3.319708695561964351e+00 3.356479053472906759e+00 3.393445801822765340e+00 3.430627804888294552e+00 3.468055738591830917e+00 3.505757002921464416e+00 3.543733844742766426e+00 3.581982627384256990e+00 3.669445290647761038e+00 3.659235426922306633e+00
3.166648309285163609e+00 3.216400847451700962e+00 3.266066266399822116e+00 3.315695674398684289e+00 3.365384615384614975e+00 3.415133922037370873e+00 3.465003465003464900e+00 3.515059618168033140e+00 3.565355712796883569e+00 3.615932354250110947e+00 3.666779668052663421e+00 3.718009625513807315e+00 3.769653603103452433e+00 3.821700309210297686e+00 3.874252822669912888e+00 3.927233964963463109e+00 3.980780512333435883e+00 4.034894884031555939e+00 4.089752743253640688e+00 4.145564591350970218e+00 4.202896553624825948e+00
3.167324230718913558e+00 3.215928634348913739e+00 3.264387614774479474e+00 3.312720848056537104e+00 3.361015026538014538e+00 3.409288571925552347e+00 3.457575548025724643e+00 3.505973904555015785e+00 3.554452823350663593e+00 3.603129179110164948e+00 3.651973788474921712e+00 3.701114446683390291e+00 3.750573004208976435e+00 3.800363452941135201e+00 3.850570365735424438e+00 3.901197051516333669e+00 3.952322509516776439e+00 4.004059287691659641e+00 4.056488318688723282e+00 4.109894396611775136e+00 4.164757819332805866e+00
3.109804365034490647e+00 3.156078607397847957e+00 3.202249928645517496e+00 3.248346453427696456e+00 3.294431009708056912e+00 3.340478245135428459e+00 3.386573962084193923e+00 3.432769214925680767e+00 3.479107956719897032e+00 3.525570966217979052e+00 3.572262753665004009e+00 3.619153674832962242e+00 3.666373817940328461e+00 3.713892709766161815e+00 3.761729280882752491e+00 3.809972429654055137e+00 3.858609522497071787e+00 3.907642526119504911e+00 3.957151683872176751e+00 4.007296042449701723e+00 4.824259131633356290e+00
3.087892653622659189e+00 3.133661091071154203e+00 3.179364541791364740e+00 3.225037508588414870e+00 3.270702853166318924e+00 3.316428758964721890e+00 3.362192149281331144e+00 3.408150348118213380e+00 3.454255297100498279e+00 3.500535375998681697e+00 3.547110495969508559e+00 3.593953701419964286e+00 3.641110195108546499e+00 3.688624421477538107e+00 3.736481203423723585e+00 3.784672763430428244e+00 3.833279713051633397e+00 3.882199095515718845e+00 3.931576769209546018e+00 3.981356269606463272e+00 4.771870505068407375e+00
3.234976288312099602e+00 3.287104061321974857e+00 3.339130434782608514e+00 3.391051861899412767e+00 3.442909671821849926e+00 3.494817186112993745e+00 3.546789807499721725e+00 3.598864973354556795e+00 3.651143565720583961e+00 3.703652899137185983e+00 3.756443343791085798e+00 3.809550196018673507e+00 3.863092018851888909e+00 3.917095027350944392e+00 3.971650631697881018e+00 4.026826999180748601e+00 4.082771385216284799e+00 4.139701113579599578e+00 4.197921684674144949e+00 4.258154021551753488e+00 4.321817633015942128e+00
2.986433061236098752e+00 3.026421362311904062e+00 3.066287562022634194e+00 3.106061651872610074e+00 3.145775223874335946e+00 3.185441148974772485e+00 3.225127953445978690e+00 3.264841134219703012e+00 3.304624408782039335e+00 3.344504908757725659e+00 3.384492118968351893e+00 3.424633599150131769e+00 3.464978962627726311e+00 3.505491937368544253e+00 3.546271894752212717e+00 3.587295455172603731e+00 3.628598942123846705e+00 3.670156778017838572e+00 3.711978003093315159e+00 3.754040807813966651e+00 3.796323778101423407e+00
2.981535282656478714e+00 3.020256792065855844e+00 3.058805536438020667e+00 3.097195630138529054e+00 3.135473351960367250e+00 3.173661370331785747e+00 3.211774645133812278e+00 3.249851336587793682e+00 3.287908889945994506e+00 3.326011488598016985e+00 3.364124416534671536e+00 3.402352483717312470e+00 3.440658955003062403e+00 3.479132165272693644e+00 3.517750846674346121e+00 3.556559760664448788e+00 3.595575327303107027e+00 3.634842364430666883e+00 3.674355081355767716e+00 3.766268186193139744e+00 3.754197401261131883e+00
3.069260656961291911e+00 3.113411191675430345e+00 3.157407277472951357e+00 3.201336209896304297e+00 3.245184008837947776e+00 3.289013296011196186e+00 3.332870434661852510e+00 3.376771943849106172e+00 3.420760525819760645e+00 3.464883406673365140e+00 3.509182360510001430e+00 3.553660270078180083e+00 3.598366895024565970e+00 3.643312802463704259e+00 3.688573078984180853e+00 3.734129947722180987e+00 3.780016769528941278e+00 3.826273279394474258e+00 3.872886337701856529e+00 3.919923527105927175e+00 3.967412494613211660e+00
3.076772465683497604e+00 3.121984446841119087e+00 3.167149771758662968e+00 3.212290502793295754e+00 3.257398188603355393e+00 3.302578075009804603e+00 3.347817292871241523e+00 3.393185352749893635e+00 3.438742245636235761e+00 3.484466249459907683e+00 3.530425204411619333e+00 3.576685513048023957e+00 3.623264142923834363e+00 3.670131363003690694e+00 3.717344164113860483e+00 3.764928989256008052e+00 3.812851388917774198e+00 3.861136966939014314e+00 3.909768136786031523e+00 3.958801165798687904e+00 4.753604816986214843e+00
3.212469970389406626e+00 3.263383419174505917e+00 3.314161827760248258e+00 3.364806866952789743e+00 3.415419573839279632e+00 3.466036310196385362e+00 3.516683560538672815e+00 3.567483757658084453e+00 3.618398162967086051e+00 3.669496102025838091e+00 3.720878954295203656e+00 3.772549557582824509e+00 3.824597026549657830e+00 3.877069212608782678e+00 3.930017614900380707e+00 3.983516483516483131e+00 4.037675691103887132e+00 4.092618026941913456e+00 4.148602957953909431e+00 4.206113344411730459e+00 4.266064830423923482e+00
2.968772654151794033e+00 3.007539832417082781e+00 3.046184307996925522e+00 3.084731978855563828e+00 3.123221498868700152e+00 3.161688763358134757e+00 3.200136539159004201e+00 3.238587424633935896e+00 3.277133972025827013e+00 3.315764387308911765e+00 3.354508669308342128e+00 3.393398800537403392e+00 3.432478249295991546e+00 3.471788248691135781e+00 3.511332654016688704e+00 3.551185817538679679e+00 3.591309032142215862e+00 3.631766784699087314e+00 3.672547362002300364e+00 3.765575790770915976e+00 3.754928343450779415e+00
3.202405981537433277e+00 3.253563344109319910e+00 3.304601657808498238e+00 3.355610860993819333e+00 3.406633898092980228e+00 3.457695100446042780e+00 3.508892634765557794e+00 3.560259131017535328e+00 3.611838495252515102e+00 3.663700478394735338e+00 3.715860531368055941e+00 3.768388020637063018e+00 3.821328571726337220e+00 3.874762151876837368e+00 3.928666638604761729e+00 3.983145007442191243e+00 4.038266052107557513e+00 4.094123198412312092e+00 4.150956449548583116e+00 4.209218879381728229e+00 4.269766609047772832e+00
3.055640434456512899e+00 3.097064827197859582e+00 3.138206619523828955e+00 3.179122838542026042e+00 3.219822909739963990e+00 3.260356835650267460e+00 3.300761238060527791e+00 3.341059533504562307e+00 3.381292481799675897e+00 3.421429319554516013e+00 3.461573077269233689e+00 3.501737136265637762e+00 3.541961830152512203e+00 3.582254064480573597e+00 3.622683572523338391e+00 3.663235905347620669e+00 3.704008560375338988e+00 3.745006657789613502e+00 3.786262064407759809e+00 3.827871077302116287e+00 3.869863943730820655e+00
3.066672242434379747e+00 3.109066036562616375e+00 3.151194302640700773e+00 3.193119891008174172e+00 3.234887226325098730e+00 3.276517132001812271e+00 3.318033512138471863e+00 3.359462486002239512e+00 3.400841187657028364e+00 3.442245996667906205e+00 3.483640822696616901e+00 3.525093829703408232e+00 3.566651805617476523e+00 3.608329690308165194e+00 3.650162879909641056e+00 3.692221951304468952e+00 3.734491486742554489e+00 3.777042575663255963e+00 3.819921934686279830e+00 3.863187957891250690e+00 3.906919359813564530e+00
3.243414832757109512e+00 3.295308742383980416e+00 3.346953574964787848e+00 3.398482473540386017e+00 3.449917546970627136e+00 3.501280370174582934e+00 3.552670075372333258e+00 3.604103132797337850e+00 3.655651430187404127e+00 3.707390752119735122e+00 3.759319980785697624e+00 3.811583054394755088e+00 3.864177667863390564e+00 3.917175784981409947e+00 3.970698979941123863e+00 4.024831161743637864e+00 4.079769873319687434e+00 4.135677803127951080e+00 4.192958579068200464e+00 4.252371382912325970e+00 4.315294936488602850e+00
3.088983312625703803e+00 3.133159268929503583e+00 3.177190534734981142e+00 3.221040396047923693e+00 3.264796269615393154e+00 3.308496632915405744e+00 3.352165988085843207e+00 3.395821061020825482e+00 3.439570191308893410e+00 3.483398124538449547e+00 3.527336860670193808e+00 3.571453100639427891e+00 3.615806637786570299e+00 3.660372667375719757e+00 3.705253912816747874e+00 3.750442760603682313e+00 3.796009358888528418e+00 3.841958301031153766e+00 3.888343156516044452e+00 3.935213951369040064e+00 3.982750569945340047e+00
3.028509285134148854e+00 3.069496184058153165e+00 3.110290915876998241e+00 3.150929524209641563e+00 3.191408174167631895e+00 3.231834979695644705e+00 3.272182963762313879e+00 3.312515096097442768e+00 3.352821608935268927e+00 3.393187310864431705e+00 3.433570707521580001e+00 3.474104028571031400e+00 3.514768921172692462e+00 3.555567949692199470e+00 3.596574954005339553e+00 3.637811273096670295e+00 3.679329112518049172e+00 3.721109717609117684e+00 3.763171098845960572e+00 3.805569970593323248e+00 3.848360598385087261e+00
3.167854025286514386e+00 3.217683268047005996e+00 3.267474034009537842e+00 3.317230941471606354e+00 3.367026503308619301e+00 3.416920030124682484e+00 3.466925530439606273e+00 3.517120099306920711e+00 3.567532708100356942e+00 3.618221922249977407e+00 3.669242059206335504e+00 3.720596949110501317e+00 3.772342556139315572e+00 3.824570431202932053e+00 3.877203428555603182e+00 3.930356835028443463e+00 3.984036378373550846e+00 4.038322285968917846e+00 4.093384674090262187e+00 4.149434044405746036e+00 4.207070637405685432e+00
3.110244012780275291e+00 3.156698514247232357e+00 3.203074951953875260e+00 3.249379506785672334e+00 3.295655344571284395e+00 3.341966747430862750e+00 3.388353744130887524e+00 3.434844435895497927e+00 3.481506238859179536e+00 3.528307611970842750e+00 3.575406702512410995e+00 3.622759288545810641e+00 3.670385528985657952e+00 3.718393653941497234e+00 3.766762091306312676e+00 3.815522934761494955e+00 3.864654285970614112e+00 3.914222607431431022e+00 3.964252182077407483e+00 4.014834473138034987e+00 4.763449842253871580e+00
2.985053904519926693e+00 3.023463482889305887e+00 3.061674949802771106e+00 3.099707249870844894e+00 3.137572077002990678e+00 3.175348252868167354e+00 3.212986051449684854e+00 3.250570578878206884e+00 3.288115909583808616e+00 3.325665826012249582e+00 3.363205134493171933e+00 3.400793981288693146e+00 3.438434824467901496e+00 3.476205374213508392e+00 3.514090815131261536e+00 3.552150444018805864e+00 3.590416350203687212e+00 3.628844521129461320e+00 3.667566258390421829e+00 4.642842512050907366e+00 3.745785990760394757e+00
3.066116623926858686e+00 3.109280857885135863e+00 3.152275943231012345e+00 3.195132285422555452e+00 3.237828863522068890e+00 3.280450608279298574e+00 3.323034283815409218e+00 3.365569536787734961e+00 3.408150348118213380e+00 3.450727068193267577e+00 3.493425373447172078e+00 3.536215001872113461e+00 3.579171972330247531e+00 3.622305039880184818e+00 3.665663796382750306e+00 3.709249769889134019e+00 3.753101521396153384e+00 3.987186009101783668e+00 3.841882103116115665e+00 3.886884832284328350e+00 3.932390479475681211e+00
3.071982126649445366e+00 3.115825624549936279e+00 3.159513294529828986e+00 3.203074951953875260e+00 3.246551402579280765e+00 3.290003290003289838e+00 3.333449078092988849e+00 3.376911573158376978e+00 3.420450103311553747e+00 3.464072618273336790e+00 3.507878971297296200e+00 3.551828843635958410e+00 3.596006317689530274e+00 3.640434928942831050e+00 3.685110761914032640e+00 3.730109017714498432e+00 3.775449964991282048e+00 3.821091057964586035e+00 3.867136247496719914e+00 3.913620798099097797e+00 3.960561148979633739e+00
3.113755881538887049e+00 3.159557661927330230e+00 3.205217536720643690e+00 3.250772923136511672e+00 3.296233176937588993e+00 3.341664288051461540e+00 3.387088969841083319e+00 3.432533553015480354e+00 3.478091501631225047e+00 3.523754249233064684e+00 3.569589840398146752e+00 3.615630649422889586e+00 3.661915389026690004e+00 3.708460096282612195e+00 3.755346152508779678e+00 3.802570537683473528e+00 4.795834475198684110e+00 3.898201258562120852e+00 3.946732717733759443e+00 3.995838816129410276e+00 4.045702487409493564e+00
3.041152320260986031e+00 3.083024446982489675e+00 3.124696210090684989e+00 3.166255971145771397e+00 3.207720844606844590e+00 3.249087490321866944e+00 3.290417883071150129e+00 3.331773779649242151e+00 3.373122409923863696e+00 3.414562761754109665e+00 3.456069895557567939e+00 3.497750946141630735e+00 3.539601898892312803e+00 3.581637221476047461e+00 3.623920664013770665e+00 3.666475272045547129e+00 3.709326207763482319e+00 3.752475591536082788e+00 3.795930762222897048e+00 3.839789998394269599e+00 3.884033846580662974e+00
3.171342098187508451e+00 3.220251179592008128e+00 3.268973959492543102e+00 3.317620713011984801e+00 3.366216921766371328e+00 3.414753127286664469e+00 3.463347394523755174e+00 3.512009695901277873e+00 3.560781137634663640e+00 3.609732393877338907e+00 3.658879819870531680e+00 3.708307295064517284e+00 3.758011872533804532e+00 3.808073115003807629e+00 3.858566016556755685e+00 3.909491834649071240e+00 3.960973982655103587e+00 4.013063212664674140e+00 4.065993136052265200e+00 4.120001922667563932e+00 4.175568747259783109e+00
2.966683454875364667e+00 3.004010004051920646e+00 3.041152320260986031e+00 3.078085430862003147e+00 3.114855090019311490e+00 3.151503267058386459e+00 3.188002023688240705e+00 3.224427138461107401e+00 3.260786612736493506e+00 3.297088740792704531e+00 3.333380615327876662e+00 3.369666127978544257e+00 3.406018225673036248e+00 3.442435592030072655e+00 3.478914300425123063e+00 3.515544220031708633e+00 3.552298894608167501e+00 3.740078403125043138e+00 3.626346804281878278e+00 3.713565022421525086e+00 3.701241286661137497e+00
3.179496395418760279e+00 3.228364692919353907e+00 3.277042573663733638e+00 3.325573661456601382e+00 3.374028245436454743e+00 3.422409096623688640e+00 3.470800158268487312e+00 3.519231565437005216e+00 3.567728523303441701e+00 3.616385005911398665e+00 3.665232846018727120e+00 3.714275888159026096e+00 3.763616975306490531e+00 3.813274354689980772e+00 3.863363373910355669e+00 3.913840576227195278e+00 3.964890213557189735e+00 4.016529038143410446e+00 4.068993579266063421e+00 4.122521334047903885e+00 4.177632953168734176e+00
3.025676027498469534e+00 3.066608122329785413e+00 3.107369991092205908e+00 3.147975851527467395e+00 3.188421869801485897e+00 3.228817901689513548e+00 3.269110384642136768e+00 3.309363430155195296e+00 3.349639564825992455e+00 3.389924314751013412e+00 3.430267560869747712e+00 3.470703789314396825e+00 3.511284303870674250e+00 3.551977267345488798e+00 3.592897118772887310e+00 3.633994994686139179e+00 3.675323324433965144e+00 3.716909183518948723e+00 3.758822792387687350e+00 3.800993787102882049e+00 3.843546685115690309e+00
3.146875152973097833e+00 3.193801248359704914e+00 3.240552410764149460e+00 3.287150040914526894e+00 3.333657438917672522e+00 3.380056288284310817e+00 3.426429660293973889e+00 3.472825143254037350e+00 3.519304419832315123e+00 3.565860036497626062e+00 3.612566172486140204e+00 3.659462818476834745e+00 3.706601869774720726e+00 3.754040807813966651e+00 3.801781998907851179e+00 3.849882097360768807e+00 3.898475490900137341e+00 3.947532445946507096e+00 3.997215732489783235e+00 4.047666417403593897e+00 4.099300339755569844e+00
3.122788025148852675e+00 3.168851566859323121e+00 3.214737474753827318e+00 3.260492050778619255e+00 3.306126665977890511e+00 3.351721248516164930e+00 3.397292075108464982e+00 3.442909671821849926e+00 3.488599257626077588e+00 3.534377014075136270e+00 3.580330216609977967e+00 3.626447963958685961e+00 3.672827314747440841e+00 3.719443736525626765e+00 3.766426756695679501e+00 3.813723858656460131e+00 3.861429832303618248e+00 3.909545463898433937e+00 3.958195895975833878e+00 4.007462170938989487e+00 4.057548415492957972e+00
3.164165141905927570e+00 3.212021338993938713e+00 3.259701078475569780e+00 3.307197288098223886e+00 3.354579000335457639e+00 3.401903677527302605e+00 3.449227373068432634e+00 3.496527947747886333e+00 3.543930844706340011e+00 3.591433050853310327e+00 3.639085147726258018e+00 3.686930873524357999e+00 3.735033926558166684e+00 3.783449129806700117e+00 3.832177977294345173e+00 3.881341835320210709e+00 4.916386801925007433e+00 3.981141959140911180e+00 4.031977754605491349e+00 4.083743976477634874e+00 4.136846895296405258e+00
3.167607767525133955e+00 3.216693239349948552e+00 3.265635096544679428e+00 3.314550878355982722e+00 3.363440799938336667e+00 3.412327555589601324e+00 3.461333444096003298e+00 3.510438391806223635e+00 3.559712431074195660e+00 3.609231303140724822e+00 3.659008063625317941e+00 3.709096903590956007e+00 3.759555536989849234e+00 3.810421155458255438e+00 3.861708700780767334e+00 3.913437508582099600e+00 3.965730617491606935e+00 4.018596401277636510e+00 4.072167083086012163e+00 4.126660981044870447e+00 4.182551219110830942e+00
3.200779320182305376e+00 3.251110219553698499e+00 3.301306079217590117e+00 3.351393621180807081e+00 3.401454989726217626e+00 3.451489317640561882e+00 3.501592881467647356e+00 3.551779371822550324e+00 3.602130798911048259e+00 3.652653342522397484e+00 3.703449694808312209e+00 3.754562836780809931e+00 3.805991322339784766e+00 3.857838645898634677e+00 3.910162306035369628e+00 3.962966758908134324e+00 4.016425796533408032e+00 4.070593754743276449e+00 4.125724580379428907e+00 4.182235782112371680e+00 4.240882103477523479e+00
3.121380066173257362e+00 3.167673206305047007e+00 3.213816616829220152e+00 3.259859340537391237e+00 3.305830658824501445e+00 3.351791462707828462e+00 3.397748991293268350e+00 3.443810783260324193e+00 3.489962866795097263e+00 3.536215001872113461e+00 3.582698323021592302e+00 3.629434715543053525e+00 3.676419583524090928e+00 3.723727037016605568e+00 3.771359609424284276e+00 3.819391397341703964e+00 3.867857414199180166e+00 3.916741271262309088e+00 3.966183070660682208e+00 4.016200946189714571e+00 4.067002136899427356e+00
