4.573265796822273188e+00 4.697105753954548213e+00 4.788747810858144049e+00 4.826055182493829143e+00 3.602604960509907084e+00 3.663864616745934999e+00 3.725499665394937043e+00 3.787591849102340813e+00 3.850226200789296005e+00 3.913518115469381886e+00 3.977615625171448954e+00 4.042618794751447808e+00 4.108720934281357096e+00 4.176194323114208018e+00 4.245354076224647777e+00 4.316783379698783563e+00 4.625441287505186239e+00 4.846151745979741854e+00 4.905686450632211759e+00 4.941728781452043862e+00 4.970419102977418291e+00
4.508966695132364144e+00 4.527338953635933194e+00 4.564220659322420381e+00 4.604621115280468580e+00 3.536288561146589071e+00 3.594759946078600610e+00 3.653534622410643529e+00 3.712743648801952290e+00 3.772420179018484365e+00 3.832676303109942229e+00 3.893602196811344562e+00 3.955318539532727051e+00 4.017956107293282564e+00 4.081689127487062585e+00 4.146810694692761423e+00 4.213580161635698929e+00 4.412849666622998157e+00 4.647729447466987907e+00 4.771421261176535644e+00 4.813775650547395202e+00 4.843017061257246070e+00
4.378433478596986284e+00 4.512974802557351950e+00 3.354860353937767492e+00 3.409881697981906878e+00 3.465027477667897760e+00 3.520519103993373200e+00 3.576144366197182567e+00 3.632375643524242026e+00 3.688778457533807842e+00 3.745863941897487503e+00 3.803490913114436545e+00 3.861802634301082282e+00 3.920894239036972984e+00 3.980919043206698760e+00 4.042037186742118315e+00 4.104519145146927173e+00 4.168722078246913654e+00 4.683711703769009915e+00 4.306392909732448260e+00 4.758505829169640933e+00 4.785997538629835901e+00
4.391472309708584376e+00 4.337827230538303880e+00 4.292079410281914420e+00 3.370360488140544231e+00 3.423054622171613826e+00 3.475915382315932778e+00 3.528972169556733096e+00 3.582254064480573597e+00 3.635956816020585070e+00 3.690036900369003448e+00 3.744643080038278615e+00 3.799733327806448457e+00 3.855448230280415611e+00 3.911960303897548563e+00 3.969331689890738701e+00 4.027826134447470174e+00 4.087712613018325669e+00 4.241665469422380319e+00 4.452603745667273571e+00 4.646649628951360356e+00 4.681873575643241026e+00
4.401377701083577065e+00 4.535022743826185199e+00 4.615755571630325349e+00 3.378052311552939280e+00 3.430675843141098635e+00 3.483495199743614990e+00 3.536411166738319345e+00 3.589623227623531143e+00 3.643137497508230904e+00 3.697009530069010896e+00 3.751354655847944031e+00 3.806202033203922142e+00 3.861696112099521461e+00 3.917902753529549642e+00 3.975053114933862819e+00 4.033360678151489687e+00 4.093129093129093121e+00 4.155095878837403944e+00 4.721009185139928732e+00 4.755701672766370791e+00 4.784427372392486610e+00
4.445447519782241841e+00 4.547675933970459994e+00 3.301714828138865077e+00 3.352353282163385462e+00 3.402990464681819649e+00 3.453634950785701818e+00 3.504456156504888842e+00 3.555369653874307367e+00 3.606552829063267129e+00 3.657953234474801807e+00 3.709733929638713068e+00 3.761892710819887409e+00 3.814623184586147797e+00 3.867910844655030544e+00 3.922000357796523673e+00 3.977070133574700073e+00 4.033491891290439391e+00 4.091851666909403384e+00 4.154039974122373913e+00 4.714338421174894656e+00 4.747983802592398384e+00
4.166894365812338741e+00 4.259675302814820874e+00 3.258503307034207541e+00 3.307204075601277271e+00 3.355868925352890830e+00 3.404550981413930533e+00 3.453324861176340299e+00 3.502258957027282182e+00 3.551334187510444718e+00 3.600659197606946194e+00 3.650263438823650564e+00 3.700212936782211415e+00 3.750605211295459096e+00 3.801519225319500261e+00 3.853034264483280680e+00 3.905351028292873394e+00 3.958635729118196611e+00 4.013387026556378245e+00 4.070706095019938964e+00 4.260377799308718849e+00 4.420042128526537439e+00
4.308068595569637615e+00 4.437890022257724887e+00 3.315008701897842247e+00 3.367641177832501498e+00 3.420354600027921244e+00 3.473283503292672769e+00 3.526263750700066701e+00 3.579787966405066246e+00 3.633517804237240689e+00 3.687674816659940458e+00 3.742359349661108059e+00 3.797581975985472091e+00 3.853458478984888913e+00 3.910135482764533599e+00 3.967701517471807993e+00 4.026351778189668273e+00 4.086414035470073536e+00 4.148430856028706870e+00 4.524700752745671295e+00 4.648873331874862735e+00 4.681035610290017246e+00
4.401070228506360316e+00 4.541794834740600528e+00 4.649318327886337698e+00 3.390276134531692076e+00 3.443692189017376837e+00 3.497310568173074508e+00 3.551037459963793275e+00 3.605127600718252001e+00 3.659488085949636815e+00 3.714301436196555173e+00 3.769576094033788571e+00 3.825421665797252402e+00 3.881906848099598406e+00 3.939238966675420617e+00 3.997518781445998481e+00 4.057050524268856151e+00 4.118163848012298622e+00 4.181633716307000093e+00 4.748272729775110612e+00 4.780669703530183057e+00 4.808914353235368644e+00
4.344947446826118664e+00 3.202405981537433277e+00 3.250615542092012866e+00 3.298719684422483311e+00 3.346883563315367294e+00 3.394961311586720321e+00 3.443194182379108792e+00 3.491546964798223573e+00 3.540044146432884897e+00 3.588756150920998866e+00 3.637736367068189924e+00 3.687059118166766680e+00 3.736791480115425390e+00 3.787028725314183220e+00 3.837877105692394597e+00 3.889483115475975250e+00 3.942045022303675150e+00 3.996059058996988433e+00 4.052420462662784217e+00 4.127966976264189292e+00 4.644842837929648027e+00
4.159128246719487443e+00 3.152828086793854290e+00 3.198220120976152714e+00 3.243459598225068685e+00 3.288645078227770302e+00 3.333819515345987750e+00 3.378914196266644687e+00 3.424202824617921692e+00 3.469475554075245771e+00 3.514938488576449860e+00 3.560582259922504544e+00 3.606477788951694130e+00 3.652628169344112052e+00 3.699179898796021604e+00 3.746149790493103815e+00 3.793705208412368801e+00 3.842011018338741923e+00 4.222768336160049429e+00 3.942290401560317292e+00 4.170315692897951898e+00 4.123427943096694470e+00
4.568043078030481041e+00 4.691369949015847141e+00 4.815265768275653002e+00 4.868348875479978410e+00 3.630803175556315932e+00 3.693868874624514742e+00 3.757343899439813839e+00 3.821377879681188361e+00 3.886063349650254128e+00 3.951465107881809935e+00 4.017759860536064487e+00 4.085106382978723083e+00 4.153700538619200522e+00 4.223836060659735381e+00 4.295854841019276726e+00 4.370447450572320314e+00 4.871990173676156388e+00 4.928974841690912712e+00 4.967169053856359540e+00 4.998664740240620574e+00 5.026440453894458038e+00
4.164642187825362996e+00 4.294829842931936703e+00 4.068825212923692369e+00 3.325781038890851971e+00 3.375005273445739640e+00 3.424226753693273118e+00 3.473524794019979822e+00 3.522902318898643692e+00 3.572429251891285684e+00 3.622204111201666521e+00 3.672242007677064102e+00 3.722623208487580548e+00 3.773400322835361198e+00 3.824730008831649375e+00 3.876666620515873518e+00 3.929438511304152115e+00 3.983324977507948450e+00 4.038828461206355414e+00 4.097520999795123409e+00 4.473349162107291832e+00 4.415011037527594162e+00
4.378493387790844515e+00 4.555934449767371497e+00 4.672147723548321530e+00 3.396644946624150396e+00 3.451536969412478673e+00 3.507251758783602735e+00 3.562273428932645203e+00 3.618448520611239339e+00 3.675144925526308892e+00 3.731962182783214121e+00 3.789580058387603589e+00 3.847898085670701906e+00 3.907026478672433356e+00 3.967059724768132067e+00 4.028169405358854149e+00 4.090603398667433943e+00 4.154750611094568669e+00 4.683131086348672589e+00 4.718290313627531596e+00 4.748240054501537522e+00 4.775185643992609030e+00
4.458742908883873035e+00 4.576033876310486193e+00 4.697981940404717172e+00 4.713790912630910768e+00 3.577546766104120035e+00 3.637511667490254563e+00 3.697819655965815855e+00 3.758535006577436111e+00 3.819762758007611669e+00 3.881583963513110191e+00 3.944090783282590440e+00 4.007462170938989487e+00 4.071857940468056825e+00 4.137445954612218202e+00 4.204547804329994420e+00 4.273651559538169664e+00 4.501509737111831555e+00 4.422271665676261954e+00 4.824924179762889231e+00 4.875637388012703966e+00 4.906269803953636099e+00
4.067254465362847071e+00 3.115286364045441569e+00 3.160201129245203688e+00 3.205061209701580704e+00 3.249244723433967863e+00 3.296418126091500422e+00 3.340454997807826398e+00 3.385871931121690714e+00 3.431285084889992731e+00 3.477220727017309443e+00 3.523218702073863007e+00 3.569736869203468110e+00 3.616611374242771682e+00 3.663965932029975558e+00 3.711799397863652761e+00 3.760210014692671798e+00 3.809339114294025830e+00 3.859327512181002007e+00 3.910430558985757532e+00 4.015927577170472773e+00 4.440922072065917270e+00
4.590761440386179615e+00 4.648237771033275401e+00 4.771190308260382373e+00 4.835919301448051044e+00 3.593070900962528569e+00 3.655197622052565709e+00 3.717779246530072079e+00 3.780926258189142519e+00 3.844780710185922601e+00 3.909357767962470032e+00 3.974862421787729083e+00 4.041400379480645455e+00 4.109110583014306428e+00 4.178311140336456120e+00 4.249272050935536171e+00 4.322529297143013594e+00 4.398837057452936072e+00 4.867814831066256787e+00 4.901859254503151853e+00 4.931574405128836602e+00 4.958599093866959073e+00
4.497996347081754998e+00 4.632702732603164009e+00 4.743441676291039855e+00 4.788911617215452665e+00 3.579248778844533518e+00 3.639570530677380233e+00 3.700290437890974449e+00 3.761441049859990837e+00 3.823125814974364545e+00 3.885454086884206237e+00 3.948532915787323905e+00 4.012480197026614626e+00 4.077457877786838658e+00 4.143703642315500701e+00 4.211543772438552935e+00 4.281403756761899437e+00 4.561143145010313482e+00 4.815133276010318042e+00 4.870285769162173040e+00 4.905415302132127842e+00 4.933804785790641745e+00
4.431304395992438749e+00 4.571681894061661922e+00 3.396409509946627825e+00 3.453444119820697544e+00 3.510655873120766213e+00 3.568080372759455443e+00 3.625891655568184380e+00 3.684060529809610962e+00 3.742722484058774945e+00 3.801939680498814589e+00 3.861776003199757223e+00 3.922432183211989720e+00 3.983926915547618020e+00 4.046500462947086874e+00 4.110349174162345243e+00 4.175822671294299404e+00 4.243465405490495890e+00 4.784390406257150730e+00 4.391713385805158687e+00 4.851139324721406076e+00 4.878709852283506621e+00
4.459691252144081908e+00 4.595210007955885523e+00 4.706273185316427465e+00 3.430675843141098635e+00 3.487358326068003667e+00 3.544029352901934438e+00 3.601556980787078643e+00 3.659260691255057374e+00 3.717344164113860483e+00 3.776097986309928878e+00 3.835537625939193340e+00 3.895760577685639436e+00 3.956849514765296671e+00 4.018958396851353143e+00 4.082310449330917024e+00 4.147197876634686864e+00 4.214075010535187182e+00 4.734621058771057101e+00 4.358633840705553375e+00 4.799385678633134589e+00 4.826421208673767893e+00
4.783969601290304574e+00 4.728428284345425503e+00 4.831618108904671693e+00 3.606777968135503443e+00 3.671504277648851566e+00 3.736558767765953526e+00 3.802071091816560777e+00 3.868178019078406749e+00 3.934942287513115922e+00 4.002594785585137593e+00 4.071211703008557059e+00 4.140986797153761501e+00 4.212183568340951645e+00 4.285112000387042208e+00 4.360193509540517987e+00 4.438223345054794322e+00 4.907306434023990249e+00 4.971126607103943940e+00 5.010845391395074344e+00 5.042726888637510285e+00 5.070507461868413834e+00
4.270119494472949917e+00 4.429586871811908466e+00 3.244086444550279502e+00 3.293230659276750849e+00 3.342664939623114062e+00 3.392318130209631022e+00 3.441369389707551907e+00 3.491181276096579467e+00 3.541224013664958203e+00 3.591606691439543031e+00 3.642361349735413256e+00 3.693585705126418262e+00 3.745344328924462118e+00 3.797660641045116137e+00 3.850729231848281309e+00 3.904564230081585041e+00 3.959422743470365713e+00 4.015591572796443742e+00 4.556186058070662348e+00 4.593445769916358223e+00 4.621825893099885008e+00
4.137474485574005101e+00 4.118644896021669055e+00 3.228002217497175419e+00 3.275558064493647503e+00 3.323110154178464892e+00 3.370762845766532401e+00 3.418469502368511215e+00 3.466348686947117397e+00 3.514308749250625308e+00 3.562646697216944158e+00 3.611211422539514881e+00 3.660145162738341007e+00 3.709504575055642572e+00 3.759346152239595895e+00 3.809757059956051961e+00 3.860870764245578624e+00 3.912873353332463999e+00 3.966056030798475796e+00 4.021020229891432152e+00 4.172664872420770443e+00 4.562136986674475203e+00
4.422455015340390538e+00 4.568296025582457176e+00 4.687586168863396630e+00 3.400392780063982823e+00 3.454780379611268160e+00 3.509472134103123420e+00 3.564240187856424047e+00 3.619506355017888755e+00 3.675119441381844432e+00 3.731162809980169914e+00 3.787774441475441733e+00 3.845044698644621839e+00 3.903013537294321100e+00 3.961882519757282228e+00 4.021773047186491645e+00 4.082960215358850675e+00 4.145879686571495526e+00 4.707487634316902536e+00 4.745758048874430202e+00 4.777070063694266011e+00 4.804755334994405658e+00
4.518784238480574977e+00 4.459936051378463162e+00 4.628211672622085437e+00 3.416515015234868002e+00 3.472439249675326689e+00 3.528727997343075184e+00 3.585094281085180246e+00 3.642236195581211256e+00 3.699593044765075334e+00 3.757515030060119443e+00 3.816131830008672843e+00 3.875486165898490487e+00 3.935648691569425761e+00 3.996802557953637258e+00 4.059083747841460976e+00 4.122804606547013861e+00 4.188323503360957822e+00 4.718529460036107182e+00 4.753146376242533222e+00 4.783030639123803773e+00 4.810103966961456479e+00
4.770926389445881100e+00 4.593571741992101387e+00 4.704598915896771594e+00 4.824385570330708362e+00 3.639366750185467847e+00 3.702840215587586137e+00 3.766684701096447707e+00 3.831043994316123413e+00 3.895977403331060351e+00 3.961689764939740233e+00 4.028309290809203524e+00 4.095942240272137269e+00 4.164844547177276368e+00 4.235228771783655866e+00 4.307545041195172786e+00 4.382330989242746888e+00 4.460701222232133389e+00 4.913133077668444315e+00 4.958194945357973893e+00 4.991487121279461370e+00 5.019493512476534747e+00
4.120964030852284132e+00 4.072757394815861964e+00 4.040431709855914377e+00 4.026094551806965960e+00 3.312812301576346208e+00 3.360732639715457992e+00 3.408909079524979013e+00 3.456930107787080875e+00 3.505623019322993361e+00 3.554340396445659245e+00 3.603528686167300599e+00 3.652980625417852956e+00 3.703030895854003024e+00 3.753600043678254838e+00 3.804780187471895836e+00 3.856669628037987518e+00 3.909467893494924517e+00 3.963345883928632407e+00 4.092163853015022390e+00 4.265419146228198954e+00 4.508905087547907087e+00
4.690043313929429303e+00 4.662296633404311663e+00 4.793601227161913059e+00 4.875335608489949735e+00 3.635829703330279550e+00 3.699747998296719409e+00 3.764115432873274880e+00 3.829096959697013247e+00 3.894785160868536877e+00 3.961304311567008796e+00 4.028812958885268358e+00 4.097392946928343882e+00 4.167321368794278058e+00 4.238881482241137810e+00 4.312410158121705805e+00 4.388551366622324146e+00 4.858421492014397103e+00 4.553922583316083461e+00 4.946536746669557338e+00 4.977125675832304807e+00 5.004250185088706004e+00
4.164757819332805866e+00 4.293717541540012839e+00 4.213667479467004817e+00 3.357728256996409311e+00 3.408434832812793580e+00 3.459082512954264388e+00 3.509806399079026473e+00 3.560607118421603712e+00 3.611608937709967382e+00 3.662826458046815059e+00 3.714352533325996575e+00 3.766215650718370611e+00 3.818589712992069174e+00 3.871520816337818083e+00 3.925187307183781282e+00 3.979744472958322010e+00 4.035622922338198748e+00 4.093495435752588563e+00 4.155844155844155452e+00 4.364513045044544626e+00 4.538484283779044226e+00
4.395009973291862160e+00 3.274166132582828848e+00 3.326126725428238284e+00 3.378005735715861491e+00 3.429907392500402885e+00 3.481869903412929013e+00 3.533960669096553708e+00 3.586182164260936389e+00 3.638685404752260322e+00 3.691476172566062974e+00 3.744643080038278615e+00 3.798263848124693087e+00 3.852451122026389729e+00 3.907312954835648444e+00 3.963011889035667146e+00 4.019794020209860541e+00 4.078077912024108187e+00 4.138701689280073204e+00 4.257773871003186272e+00 4.713515311993123902e+00 4.757767572711100179e+00
4.848567623860414955e+00 4.691133078607073514e+00 4.752000661147916638e+00 4.735244143617168611e+00 3.672038466335028062e+00 3.736610479116499572e+00 3.801440400326232982e+00 3.866789114988641085e+00 3.932743191869571220e+00 3.999448351951455205e+00 4.067058207185595187e+00 4.135734816683554804e+00 4.205736348593491769e+00 4.277366522018088979e+00 4.351099170528554438e+00 4.427717511622758728e+00 4.801756070791603825e+00 4.969389938365760706e+00 5.024088093599449856e+00 5.059932853323486412e+00 5.088883540212495227e+00
4.440928709216314552e+00 4.383261420450653922e+00 4.318233225720219615e+00 4.436864800410409870e+00 4.222340266143640441e+00 3.520008834531976216e+00 3.574883290574925265e+00 3.629962946981993621e+00 3.685377921856338279e+00 3.741192609066157360e+00 3.797503314184710099e+00 3.854439832882501360e+00 3.912007768129711405e+00 3.970382340853840564e+00 4.029751862906475246e+00 4.090342020765302955e+00 4.152479029980898240e+00 4.356243949661180892e+00 4.285597670811678306e+00 4.640628354931878974e+00 4.715378374442648735e+00
4.131605404139868654e+00 4.243494449235487131e+00 4.233641486910412866e+00 3.333912137523875607e+00 3.384305112372743007e+00 3.434715864882484038e+00 3.485296831113449567e+00 3.536043375465405703e+00 3.587023253568053516e+00 3.638297276874422614e+00 3.689908448497928983e+00 3.741996285722204885e+00 3.794516578587887601e+00 3.847686578444709404e+00 3.901570895650090076e+00 3.956327694987957777e+00 4.012202630067999820e+00 4.069667183997241366e+00 4.224874119529307137e+00 4.414097523967170922e+00 4.640244568184299645e+00
4.639991265898793849e+00 4.663859206320900341e+00 4.798497384818924516e+00 4.849425343096842589e+00 3.595679652602027154e+00 3.657997901827618747e+00 3.720725127986054037e+00 3.784047830364576370e+00 3.848056731350667725e+00 3.912846492853906177e+00 3.978543304386001012e+00 4.045251971203291497e+00 4.113166932879971149e+00 4.182637255641417084e+00 4.253830162400257464e+00 4.327368891025861863e+00 4.842879262245322280e+00 4.485798370159924886e+00 4.916118724267190210e+00 4.945666359852180172e+00 4.972856491649745081e+00
4.542826464029073641e+00 4.485109436670255079e+00 4.643349767149665297e+00 3.454422351494382593e+00 3.511912959647431443e+00 3.569678728914397414e+00 3.627738244732803707e+00 3.686315423404624703e+00 3.745318352059924916e+00 3.804885472947264091e+00 3.865187772202397731e+00 3.926241760058411412e+00 3.988227851582914152e+00 4.051279586357487084e+00 4.115593297070383016e+00 4.181490392854449567e+00 4.669559962643520912e+00 4.320661678474189138e+00 4.788584015706554453e+00 4.820073540550589897e+00 4.847410444092044024e+00
4.103574213139644655e+00 4.050389592558267360e+00 3.226711560044893456e+00 3.273960865718843039e+00 3.321063847452466966e+00 3.368184688793768089e+00 3.415393863220306248e+00 3.462627857533639553e+00 3.510100141092260095e+00 3.557750664462255852e+00 3.605652553772760172e+00 3.653862063260072013e+00 3.702487652552969521e+00 3.751526189063278061e+00 3.801151403315985444e+00 3.851417803178795563e+00 3.902532538220855329e+00 3.954887012969301452e+00 4.009207352056791684e+00 4.305454943072317242e+00 4.277632123637367556e+00
4.477200716352114362e+00 4.613530728180410101e+00 3.335835209740638518e+00 3.388845855925639139e+00 3.441914255032078707e+00 3.495110340633454271e+00 3.548492586433626084e+00 3.602130798911048259e+00 3.656080130239231174e+00 3.710396668888324090e+00 3.765163339631424133e+00 3.820479157549614424e+00 3.876505607088467364e+00 3.933258808429594300e+00 3.991027070173264857e+00 4.050000343220367505e+00 4.110667530603571151e+00 4.173765489117419847e+00 4.762455522067178038e+00 4.795013186286261941e+00 4.823494552896508303e+00
4.375790073207662445e+00 4.441437932613136574e+00 4.597732700172929121e+00 3.398152514632860832e+00 3.452156562204409251e+00 3.506335466927006372e+00 3.560731416123829263e+00 3.615479815888642978e+00 3.670563466120005724e+00 3.726039496018657360e+00 3.782070236482536707e+00 3.838664423956057892e+00 3.895977403331060351e+00 3.954104638095369939e+00 4.013223230440639000e+00 4.073572868623822174e+00 4.135535276115905212e+00 4.199800337361010882e+00 4.703187943479949951e+00 4.741714026539854743e+00 4.770695484433012723e+00
4.494568486851657774e+00 4.443563327613669678e+00 4.619574585444892634e+00 3.449703325514005048e+00 3.506262184261090376e+00 3.562970259677655793e+00 3.619959901982624295e+00 3.677296778279433909e+00 3.735059760956175090e+00 3.793312734495696059e+00 3.852159616985272539e+00 3.911691841034333539e+00 3.972058622106560577e+00 4.033351645677011099e+00 4.095885370747047283e+00 4.159875612899706532e+00 4.225908911215015884e+00 4.626528653403950919e+00 4.765950392672868574e+00 4.805612955932528685e+00 4.834832585409700734e+00
4.323419206961391481e+00 4.276127483774854632e+00 4.325675285975198570e+00 3.352559234248102982e+00 3.404125244020202778e+00 3.455735484183099171e+00 3.507516608091139076e+00 3.559538516300592814e+00 3.611830448412157502e+00 3.664472592510648052e+00 3.717497710985206094e+00 3.771049311612089117e+00 3.825129011169376536e+00 3.879889700278519982e+00 3.935431309462986249e+00 3.991988492060761118e+00 4.049742003505120813e+00 4.109293271206391651e+00 4.335439118047813345e+00 4.601616747137724950e+00 4.659897064960355273e+00
4.644777016550434290e+00 4.785684560965458800e+00 4.911021833584568341e+00 3.527166094943012364e+00 3.587617201244627019e+00 3.648328652458835641e+00 3.709428129829984044e+00 3.770949720670391248e+00 3.833099862705331429e+00 3.895841884474374517e+00 3.959378169239104128e+00 4.023865686138476505e+00 4.089440924906774022e+00 4.156391144115935354e+00 4.225020432475862009e+00 4.295919569299417873e+00 4.842146039124540557e+00 4.894696052971488243e+00 4.932114918277594739e+00 4.963487768062336158e+00 4.991521251572670792e+00
4.049833544977176736e+00 4.131349367559266739e+00 3.868471953578336731e+00 3.249559235316485495e+00 3.295308742383980416e+00 3.341038176475000121e+00 3.386808037102827296e+00 3.432670617740601227e+00 3.478599654922914119e+00 3.524704028529369371e+00 3.571028456195383782e+00 3.617617798679569230e+00 3.664523266265642842e+00 3.711824911844158414e+00 3.759581711723628317e+00 3.807941288468861263e+00 3.857041511409266654e+00 3.907149385670529718e+00 3.958855208283563076e+00 4.224555569940243061e+00 4.171939534689676599e+00
4.603988290752167423e+00 4.572036876548179585e+00 4.687650797589994589e+00 4.787928947134424185e+00 3.591036221124960903e+00 3.651596367695084666e+00 3.712524516671336539e+00 3.773822252971884783e+00 3.835639366212899137e+00 3.898065584953466445e+00 3.961207485316212917e+00 4.025215587817923435e+00 4.090286251866192657e+00 4.156559186677205808e+00 4.224469215884004036e+00 4.294449253924649490e+00 4.367447954578540958e+00 4.445864651208023766e+00 4.913803693542443618e+00 4.948984780176942877e+00 4.977736561815987670e+00
4.267092458258200161e+00 4.414501297184227013e+00 3.282673073699502453e+00 3.332939861266378312e+00 3.383230225364560528e+00 3.433560602344630563e+00 3.484053487189135545e+00 3.534695461728257548e+00 3.585662864944629380e+00 3.636837735279384365e+00 3.688393391512519770e+00 3.740415186085654931e+00 3.792894185148405040e+00 3.845995357334175857e+00 3.899830078832279057e+00 3.954570998425109174e+00 4.010468001223531864e+00 4.067983590167891350e+00 4.128250997660657617e+00 4.649191177476034831e+00 4.682711841063250446e+00
4.348636391874262763e+00 4.439041713333515382e+00 4.530384464899817054e+00 4.611181081769316847e+00 3.541396143350160841e+00 3.599487765202643796e+00 3.657770692284864733e+00 3.716397571953586443e+00 3.775424048764750129e+00 3.834986029693748577e+00 3.895164431584218434e+00 3.956025651703173551e+00 4.017761275708476632e+00 4.080531714030804835e+00 4.144562334217505750e+00 4.210264763534965482e+00 4.382822120033670998e+00 4.350012914100839012e+00 4.678072909142191982e+00 4.803008055330652226e+00 4.841657347044542981e+00
4.478249486723712813e+00 4.371077129021903040e+00 4.552006676276457497e+00 4.373496610540126284e+00 3.515011165329584131e+00 3.571992828537474907e+00 3.629232068452899806e+00 3.686812136439358234e+00 3.744746952192063549e+00 3.803227903245881780e+00 3.862282056941071851e+00 3.922027344099413781e+00 3.982560576842458566e+00 4.044094576032464694e+00 4.106776180698152423e+00 4.171025730442333490e+00 4.237288135593220595e+00 4.541482312302600022e+00 4.759014539134273747e+00 4.808451884569677759e+00 4.838885556948911315e+00
4.438011224754544237e+00 4.477200716352114362e+00 4.599658114963991906e+00 4.685002480295429983e+00 4.617282419180329001e+00 3.625209146681539263e+00 3.684726461202612047e+00 3.744565179704456792e+00 3.804859151032154330e+00 3.865721405741976646e+00 3.927242662257131034e+00 3.989489758016810494e+00 4.052684903748733802e+00 4.117005290351798408e+00 4.182723295711680223e+00 4.250272497309302899e+00 4.320424636021368059e+00 4.634015033289946572e+00 4.817936294667698682e+00 4.875268654769179477e+00 4.906737434260085351e+00
4.611276291157361484e+00 4.543675204115869448e+00 4.597133310004597462e+00 4.747913326498172992e+00 3.584204685658356038e+00 3.645367631886649917e+00 3.706932650525491812e+00 3.768956136203221341e+00 3.831604466954153132e+00 3.894893516393328703e+00 3.959048161473599059e+00 4.024089029500736103e+00 4.090291450597598022e+00 4.157773650802449872e+00 4.226917281955834937e+00 4.298093587521663927e+00 4.371994253950409082e+00 4.801986650477110707e+00 4.852181748864936139e+00 4.885993485342019049e+00 4.913736623716968843e+00
4.568675499439298626e+00 4.688394156054578765e+00 4.781878048447256724e+00 4.842380514260810287e+00 3.624324795260498000e+00 3.686930873524357999e+00 3.749973958514177141e+00 3.813512314177945228e+00 3.877686682916020366e+00 3.942590351028878004e+00 4.008348422231129859e+00 4.075092207594866345e+00 4.143074161027482383e+00 4.212532629863402711e+00 4.283838872383057605e+00 4.357569721115538641e+00 4.733321900188646403e+00 4.518412531064086579e+00 4.926512849987683573e+00 4.960659216491436041e+00 4.988792302225136588e+00
4.484552441666322053e+00 4.370113969797656317e+00 4.482758620689654805e+00 4.571849688500090991e+00 3.516026046720954756e+00 3.573563874018129027e+00 3.631305968359677117e+00 3.689369048282006958e+00 3.747865798642439294e+00 3.806887004672088182e+00 3.866575525957840043e+00 3.926945043437523708e+00 3.988200427700114847e+00 4.050445205714560792e+00 4.113906398170356304e+00 4.178940878262656256e+00 4.245964621527041238e+00 4.560121050486067418e+00 4.734426139521479726e+00 4.784556284410666827e+00 4.814735842957072798e+00
