3.307320437129245949e+00 3.363351820328372543e+00 3.419280555458637405e+00 3.475166460473456453e+00 3.531048998497573255e+00 3.587002391334927154e+00 3.643112455320318688e+00 3.699440973364024998e+00 3.756060916478863643e+00 3.813036424897048082e+00 3.870503994913051304e+00 3.928514814636129504e+00 3.987213419035506856e+00 4.046831609941251351e+00 4.107519545527329008e+00 4.169685701395819066e+00 4.233931546887377273e+00 4.301574512829617447e+00 5.001610107363328339e+00 5.037886266313560846e+00 5.066411063946322457e+00
3.399770515490204481e+00 3.496136768870397926e+00 3.394361117593398092e+00 3.449084612943724704e+00 3.503782023537170609e+00 3.558545043504957484e+00 3.613394575738835268e+00 3.668454749956739480e+00 3.723714440283564464e+00 3.779341432576548865e+00 3.835353742894322515e+00 3.891888886572288264e+00 3.949064002549570240e+00 4.007019192240200312e+00 4.065981058136518556e+00 4.126292045196652047e+00 4.188496055260682027e+00 4.253917720997885787e+00 4.451079215514407217e+00 4.880999848757750392e+00 4.936172546653686766e+00
3.460830322410952231e+00 3.283383981277725461e+00 3.335487502345264144e+00 3.387486061906308077e+00 3.439499208915182127e+00 3.491546964798223573e+00 3.543709221287269617e+00 3.596002904463883709e+00 3.648533920840847156e+00 3.701368135332985698e+00 3.754548123067260601e+00 3.808152215306001676e+00 3.862308695022449445e+00 3.917124830374504540e+00 3.972734495880901662e+00 4.029400730849924450e+00 4.087471898630696820e+00 4.147627902475442774e+00 4.211514695424637189e+00 4.846548711227609552e+00 4.876775558425145540e+00
3.304487907639562572e+00 3.361933111539134877e+00 3.299148538898364791e+00 3.348961821835230612e+00 3.398671050258715187e+00 3.448397199056969065e+00 3.498134328358208922e+00 3.547974176313445582e+00 3.597918742389018210e+00 3.648098779290023241e+00 3.698503475908359484e+00 3.749270975088176971e+00 3.800415972802840603e+00 3.852080123266563572e+00 3.904377012124118806e+00 3.957508852322432435e+00 4.011758602801314133e+00 4.067675082387656182e+00 4.126774513040608383e+00 4.444938326480720292e+00 4.405832220401756594e+00
3.167782276946808473e+00 3.216445827360766341e+00 3.264977214627097890e+00 3.313429744934938803e+00 3.361782705343176136e+00 3.410166471800011312e+00 3.458571257155360623e+00 3.507082932196396108e+00 3.555716686072048383e+00 3.604552827494419187e+00 3.653609696118039540e+00 3.702967173881738017e+00 3.752736370269988075e+00 3.802912339413383691e+00 3.853645548689059730e+00 3.905018977022046034e+00 3.957261574990107000e+00 4.746900755376380232e+00 4.789173730697919851e+00 4.821036247305384492e+00 4.747194683141954918e+00
3.145335467501694904e+00 3.192666799103214714e+00 3.239859927758016678e+00 3.286943142877124302e+00 3.333935293872503980e+00 3.380919196031214824e+00 3.427944604415192664e+00 3.474997393751954711e+00 3.522143717552250752e+00 3.569467325645250266e+00 3.616988717777499751e+00 3.664801996971351894e+00 3.712896815847193555e+00 3.761378168961106994e+00 3.810341960871252098e+00 3.859886133359066385e+00 3.910177633783934237e+00 3.961386902403936094e+00 4.714563902838987630e+00 4.068628803133534255e+00 4.785212326706952624e+00
3.117737089734142319e+00 3.163186015967212050e+00 3.208436793795162334e+00 3.253540821553669193e+00 3.298523384425355420e+00 3.343433288057674257e+00 3.388275156178307768e+00 3.433169914445405535e+00 3.478067307558535326e+00 3.523086787719928115e+00 3.568242640499553975e+00 3.613545235332133121e+00 3.659109110491286732e+00 3.704946453038055587e+00 3.751198299456770968e+00 4.260465627662791022e+00 4.223937956583457165e+00 3.893176695580903068e+00 3.942344934432578718e+00 3.993335261150356530e+00 4.048721907702865330e+00
3.323984626571102385e+00 3.256223196779803430e+00 3.306599127620655665e+00 3.356901579841805816e+00 3.407131334482950358e+00 3.457351104588398893e+00 3.507637709168689444e+00 3.557998869812123655e+00 3.608530009784667758e+00 3.659291786297359739e+00 3.710320186890201821e+00 3.761738333481522645e+00 3.813565198097378151e+00 3.865934900417659303e+00 3.919007184846505787e+00 3.972956496126367920e+00 4.028169405358854149e+00 4.085217639969769721e+00 4.146166178340426889e+00 4.510414958176151679e+00 4.457611543156537515e+00
3.189634397017337086e+00 3.239703601585385950e+00 3.289611825804554801e+00 3.339478902146310713e+00 3.389327853919969602e+00 3.439167996478292189e+00 3.489110486172655179e+00 3.539159761835366513e+00 3.589400710842101105e+00 3.639884897224759719e+00 3.690653593860980575e+00 3.741814780168381649e+00 3.793391222782418026e+00 3.845508446134914049e+00 3.898288856365153432e+00 3.951856679331095634e+00 4.006493282216005980e+00 4.769739116008350877e+00 4.120596112904332919e+00 4.839116418235970940e+00 4.775418872455382768e+00
3.121726522882255495e+00 3.167825907306659694e+00 3.213749257693785832e+00 3.259567894673440325e+00 3.305307083686243708e+00 3.351019268360793113e+00 3.396739130434782261e+00 3.442506695675522366e+00 3.488355868112241076e+00 3.534352520478454274e+00 3.580527439234317821e+00 3.626932367976239746e+00 3.673616502162582176e+00 3.720655958665617824e+00 3.768134145575581684e+00 3.816184786605884671e+00 3.864867662790296254e+00 3.914485657187201095e+00 3.965327730858597910e+00 4.018334502509755879e+00 4.076105730037444808e+00
3.171123473896827694e+00 3.135276740426954589e+00 3.179425583777863551e+00 3.223387780557365634e+00 3.267269605355541451e+00 3.311121228425975893e+00 3.354907250793295326e+00 3.398765346465977721e+00 3.442625208278824456e+00 3.486604465642999529e+00 3.530731207510072522e+00 3.575013406300273644e+00 3.619526320102712358e+00 3.664371249204900760e+00 3.709555540289894537e+00 4.187460957075093582e+00 4.156765482219435093e+00 3.848532746890247935e+00 3.896817830725016307e+00 3.947368421052630971e+00 4.010094375496940700e+00
3.521053830699446774e+00 3.422361289601608902e+00 3.482160889761749534e+00 3.541961830152512203e+00 3.601906239609885318e+00 3.661991294133905228e+00 3.722354494567469807e+00 3.783084796126120697e+00 3.844279231967927313e+00 3.906009086610612080e+00 3.968389723239027056e+00 4.031624334611152882e+00 4.095885370747047283e+00 4.161407110457616021e+00 4.228622924681985751e+00 4.298093587521663927e+00 4.371047275608190397e+00 4.994799934314960055e+00 5.038444018055574958e+00 5.071445704691086576e+00 5.099751132144750621e+00
3.173420533410598932e+00 3.235585816879910315e+00 3.262416270433485366e+00 3.310641643733575723e+00 3.358780762583181811e+00 3.406894441895067516e+00 3.455019106255657224e+00 3.503204401673295720e+00 3.551532033426183954e+00 3.600011076957159606e+00 3.648730517155917674e+00 3.697743691580785530e+00 3.747111601473864351e+00 3.796934327098860695e+00 3.847342928789804883e+00 3.898445494858925109e+00 3.950514606507952831e+00 4.003976362732644567e+00 4.059921691679913458e+00 4.349837398935325616e+00 4.315505192527215428e+00
3.216805711928055089e+00 3.268314731754806690e+00 3.319708695561964351e+00 3.371080259229191967e+00 3.422385192945696097e+00 3.473766118274788539e+00 3.525247824922092210e+00 3.576882334328440383e+00 3.628745138850852037e+00 3.680836730583586291e+00 3.733329646094176724e+00 3.786232138099311140e+00 3.839640170863987567e+00 3.893681988646843450e+00 3.948479154753151477e+00 4.004252792621127988e+00 4.061319033819085433e+00 4.120256554641469116e+00 4.182207108380868732e+00 4.848501403333855819e+00 4.877043549938177236e+00
3.421787709497206453e+00 3.505156084600446587e+00 3.514672032858737971e+00 3.511767865258287102e+00 3.569957435122888434e+00 3.628269803724558429e+00 3.686751346012048014e+00 3.745526177066281992e+00 3.804683837567175875e+00 3.864280933223845249e+00 3.924457633070096652e+00 3.985295633352801570e+00 4.047000075452542589e+00 4.109786085634242525e+00 4.173993964815283952e+00 4.240115664794528172e+00 4.309283427727160998e+00 4.527773775957521174e+00 4.682421638296700550e+00 4.917033712845230831e+00 4.965952612567260616e+00
3.015888247631842045e+00 3.135254896223062637e+00 3.179540349058233684e+00 3.223704035937291934e+00 3.267792084990404966e+00 3.311806590495115277e+00 3.355822001607997596e+00 3.399873718976152315e+00 3.443986027256689564e+00 3.488205079100179962e+00 3.532614342414229558e+00 3.577190152205933504e+00 3.622024643435592495e+00 3.667210982259001550e+00 3.712758579624661159e+00 3.758822792387687350e+00 3.805543639206786732e+00 3.853186585306047629e+00 3.902303055642660112e+00 4.095087942013554638e+00 4.050420754914627608e+00
3.322949117341640779e+00 3.380305495109120706e+00 3.437654694461250493e+00 3.494922083795895862e+00 3.552323637579405169e+00 3.609807569488795664e+00 3.667540879241027341e+00 3.725525368068108190e+00 3.783870899930629417e+00 3.842687365942611066e+00 3.902085525353103712e+00 3.962127525856296906e+00 4.023019855989526050e+00 4.084967320261438495e+00 4.148201409005745077e+00 4.213230926496387418e+00 4.280821917808219190e+00 4.352692451187662570e+00 5.011395776697695759e+00 5.043070548467996517e+00 5.070924415815802000e+00
3.292655320725207169e+00 3.347887343590887355e+00 3.402990464681819649e+00 3.458077723754918509e+00 3.513135614060973744e+00 3.568242640499553975e+00 3.623491373303229679e+00 3.678946016673260822e+00 3.734646453469071758e+00 3.790672189561178129e+00 3.847149262396563962e+00 3.904180261580077360e+00 3.961856881335555247e+00 4.020333346961582066e+00 4.079826296209218661e+00 4.140672445205101582e+00 4.203388896162511656e+00 4.269090408317840257e+00 4.340905802344088293e+00 5.007236485605909948e+00 5.036137690726699923e+00
3.423365517626838717e+00 3.525751814725198052e+00 3.442506695675522366e+00 3.443743982233092193e+00 3.498926309867658180e+00 3.554254651892117867e+00 3.609732393877338907e+00 3.665486333960384702e+00 3.721544230202087356e+00 3.777993885246933914e+00 3.834959767163156563e+00 3.892512036056953839e+00 3.950788424883036054e+00 4.009983476102572553e+00 4.070312931177216598e+00 4.132117572518663629e+00 4.195958122962208492e+00 4.263051226500803814e+00 4.886038317551199661e+00 4.919248117175103907e+00 4.947841504143816849e+00
3.206781646054960966e+00 3.257421255381826253e+00 3.307926619161164705e+00 3.358357763053866574e+00 3.408719365004278412e+00 3.459108397162118820e+00 3.509544584979149118e+00 3.560107624792041570e+00 3.610835283415850139e+00 3.661763588251957025e+00 3.712973404109023878e+00 3.764570599388085803e+00 3.816582007938490673e+00 3.869113420296263595e+00 3.922297227555169741e+00 3.976279436465224304e+00 4.031277150304084067e+00 4.087638979725310762e+00 4.854638260097647873e+00 4.846383301137875854e+00 4.830784519405950661e+00
3.528459446931277999e+00 3.595903436162341205e+00 3.487139429782960764e+00 3.593827073497287028e+00 3.656559384594155748e+00 3.719507060045475821e+00 3.782798583169984852e+00 3.846576546873282432e+00 3.910859840272251198e+00 3.975788817065730285e+00 4.041566483768657569e+00 4.108377608645697343e+00 4.176382556642188604e+00 4.245959378001753493e+00 4.317611743903943200e+00 4.392195617412310682e+00 4.471687339621214008e+00 5.022976724611907251e+00 5.073845014604446035e+00 5.108643825352495504e+00 5.137373363746583266e+00
3.119540803593711331e+00 3.165558721114276608e+00 3.211371045999399154e+00 3.257098350208878834e+00 3.302737143407599163e+00 3.348354423315708317e+00 3.393977104796114030e+00 3.439641176632453501e+00 3.485389248271247187e+00 3.531269041156594124e+00 3.577325261419922686e+00 3.623617624718646457e+00 3.670182193383977332e+00 3.717107108792010894e+00 3.764441767508075909e+00 3.812296388715602724e+00 3.860817528111577968e+00 3.910135482764533599e+00 3.960643708830150711e+00 4.012922972283625711e+00 4.707055044855465553e+00
3.083046049496902530e+00 3.126598828946620223e+00 3.169943423401073268e+00 3.213143152512538236e+00 3.256222215930005159e+00 3.299195821018626518e+00 3.342106362534987163e+00 3.385029878069842013e+00 3.427939808175286540e+00 3.470920626987102242e+00 3.513993964198601994e+00 3.557155112887363746e+00 3.600559471548656187e+00 3.644164523714572113e+00 3.688059732650462497e+00 3.732297505581166686e+00 4.118184927443165222e+00 4.056937012555519750e+00 3.868178019078406749e+00 3.915211627491653967e+00 3.963995981328211737e+00
3.191353559423003361e+00 3.241334602281347621e+00 3.291201288470291697e+00 3.340966513771046031e+00 3.390716500780571518e+00 3.440469555284904946e+00 3.490279571393668512e+00 3.540216161433857422e+00 3.590310385852768960e+00 3.640609973897513285e+00 3.691244785246163840e+00 3.742177808885592594e+00 3.793548209100376933e+00 3.845454672577013788e+00 3.897968953019216531e+00 3.951254003244187629e+00 4.005552524534009784e+00 4.796623177283191986e+00 4.834437537024301790e+00 4.865246380188168018e+00 4.892667115161152047e+00
3.372008202926076947e+00 3.466709191632750375e+00 3.438411178962424319e+00 3.415729083887517170e+00 3.469547779142466482e+00 3.523437769871152980e+00 3.577491266712495399e+00 3.631728977085845411e+00 3.686289784108613077e+00 3.741192609066157360e+00 3.796533419848276303e+00 3.852403900033620321e+00 3.908949400046070277e+00 3.966300125827452394e+00 4.024638976240987098e+00 4.084232095141841157e+00 4.145621877828522983e+00 4.209683652625185957e+00 4.832318546438580498e+00 4.867214171133992018e+00 4.896227184941380983e+00
3.449489616332277908e+00 3.507685958939440241e+00 3.247964839052976505e+00 3.554502369668246065e+00 3.615027390784461669e+00 3.675705666134960747e+00 3.736636335328512359e+00 3.797949107481959796e+00 3.859673306223723177e+00 3.921946386304838050e+00 3.984912297576760132e+00 4.048721907702865330e+00 4.113533525298231019e+00 4.179656719997259628e+00 4.247437611408200198e+00 4.317548746518106384e+00 4.391291520004390492e+00 4.472702751056246484e+00 5.025978877304988934e+00 5.064226713111556144e+00 5.093507155000929210e+00
3.059081997302445455e+00 3.137878375834151967e+00 3.241376880527075510e+00 3.269565217391304124e+00 3.315649867374005133e+00 3.361650570430080975e+00 3.407605218503991562e+00 3.453611095761727867e+00 3.499685028347448768e+00 3.545877396074505583e+00 3.592226973479693442e+00 3.638810314997391160e+00 3.685674547983309957e+00 3.732916721393069182e+00 3.780588397030519854e+00 3.828883706359427652e+00 3.877901501301867171e+00 4.227392114874183093e+00 3.980154128037440397e+00 4.193189160949723160e+00 4.171968543357182924e+00
3.340873499216982623e+00 3.398977532064844098e+00 3.457001811468949803e+00 3.515012618895301255e+00 3.573097325674078117e+00 3.631281088562150039e+00 3.689658706569642455e+00 3.748334073745001938e+00 3.807335003945783392e+00 3.866815815276684720e+00 3.926863882497209968e+00 3.987624613269164175e+00 4.049204819950013245e+00 4.111870761811174724e+00 4.175879844191761947e+00 4.241752527947675766e+00 4.310285847210629129e+00 4.383471572501934865e+00 5.067070206311925951e+00 5.098884364101134103e+00 5.126417454426149156e+00
3.274508301226895401e+00 3.197064260991645757e+00 3.244131228559398394e+00 3.291086058399271597e+00 3.337922977427295379e+00 3.384702526093293251e+00 3.431468668590156312e+00 3.478260869565217739e+00 3.525123555580622625e+00 3.572115516720248074e+00 3.619304815067444281e+00 3.666728931874943864e+00 3.714397847050908030e+00 3.762458869483721990e+00 3.810949203511615924e+00 3.860019162237983803e+00 3.909786813729525079e+00 3.960451074532909566e+00 4.012535715026945837e+00 4.066974102336097019e+00 4.127541017438860038e+00
3.306645654223360431e+00 3.387814928510191059e+00 3.332199459906003636e+00 3.384258363952813653e+00 3.436355264152628930e+00 3.488526237205830327e+00 3.540781471298841687e+00 3.593195041390842448e+00 3.645844081694423089e+00 3.698818471759869553e+00 3.752136633360663609e+00 3.805938648268989866e+00 3.860285247506324957e+00 3.915319201549642081e+00 3.971215534299661787e+00 4.028253335463213958e+00 4.086831547614993454e+00 4.147971987362511825e+00 4.290835605630683780e+00 4.696684002956147630e+00 4.762487923691335112e+00
3.195176672431876863e+00 3.732529687435198529e+00 3.468200073525841365e+00 3.526678283959836957e+00 3.585242589924089174e+00 3.643855198800330708e+00 3.702720451592169670e+00 3.761841250299236883e+00 3.821325727075457035e+00 3.881261132635168476e+00 3.941772414508487810e+00 4.002953903915303258e+00 4.065012642878303772e+00 4.128165787138011744e+00 4.192699204761805909e+00 4.259092464199184747e+00 4.328218589000739414e+00 4.402044199275038316e+00 5.104750867462731989e+00 5.135860633285854959e+00 5.065994851853879766e+00
3.301646696289774585e+00 3.242862178357419634e+00 3.291915895050919083e+00 3.340803741700190788e+00 3.389525673927630045e+00 3.438162197055810498e+00 3.486823294769067161e+00 3.535455068525437561e+00 3.584179012172152845e+00 3.633048401801443728e+00 3.682089759622064307e+00 3.731394850675106234e+00 3.780983055594454800e+00 3.830990624521125820e+00 3.881511746680285757e+00 3.932688924306087408e+00 3.984704327948156877e+00 4.037915340656331509e+00 4.093100697214609340e+00 4.152626025392287090e+00 4.269266787858755130e+00
3.193301163780868812e+00 3.255005436551633213e+00 3.265748551258355725e+00 3.313955896770274023e+00 3.362105638731457180e+00 3.410213938727503002e+00 3.458351566139208799e+00 3.506504221556062895e+00 3.554774899107124408e+00 3.603229047569552979e+00 3.651890555649193626e+00 3.700810066203379378e+00 3.750130212854613454e+00 3.799864586643821429e+00 3.850146786846248226e+00 3.901116951379762554e+00 3.953035168142698286e+00 4.006271887713869440e+00 4.061794349286776296e+00 4.337916835937230431e+00 4.302602733177163685e+00
3.313546058290210095e+00 3.370384636548725332e+00 3.427124642425005252e+00 3.483883554676068695e+00 3.540658562492623673e+00 3.597595146013933487e+00 3.654713878073121869e+00 3.712080070941974341e+00 3.769808630805505434e+00 3.827986684074891510e+00 3.886729594669628085e+00 3.946084030820993238e+00 4.006244215121499863e+00 4.067394661372159881e+00 4.129813814227208724e+00 4.193852225147987944e+00 4.260260700469315154e+00 4.330402864939546070e+00 5.029487956787741965e+00 4.992852697166384246e+00 5.086711474942858580e+00
3.418803418803418648e+00 3.520786447043229295e+00 3.386004514672685595e+00 3.440729985273675684e+00 3.495449062397192108e+00 3.550271143256920947e+00 3.605252575675638393e+00 3.660423227802640955e+00 3.715908294187758809e+00 3.771747553507381667e+00 3.828039018654854075e+00 3.884869128471234667e+00 3.942399468813544416e+00 4.000744966304070616e+00 4.060174587507263233e+00 4.120935727139109161e+00 4.183641276765015959e+00 4.249427698043891866e+00 4.322232741942122480e+00 4.906971989368226872e+00 4.936951021331742240e+00
3.159535960327217730e+00 2.959822135339587490e+00 3.228443272130291142e+00 3.274896178823267334e+00 3.321270662801076412e+00 3.367581870038830250e+00 3.413920434752316435e+00 3.460255505266508713e+00 3.506697103880744848e+00 3.553264125966696607e+00 3.600036000360003374e+00 3.647048299305684971e+00 3.694332336560646191e+00 3.742048147686166892e+00 3.790228102818550937e+00 3.839034756975389318e+00 3.888645848523355930e+00 4.251030189170843521e+00 3.992593051511333258e+00 4.215239819504812857e+00 4.195900398954464983e+00
3.425950526477703484e+00 3.274006478353244542e+00 3.326114956194358374e+00 3.378215337097630222e+00 3.430343445985811979e+00 3.482548947225453162e+00 3.534891458038758483e+00 3.587456563638665941e+00 3.640259900820089101e+00 3.693418874738382485e+00 3.746981598157039794e+00 3.801046324388203779e+00 3.855687138529331204e+00 3.911051514135657214e+00 3.967303943363316598e+00 4.024703351606411239e+00 4.083581924266858287e+00 4.144705484136139262e+00 4.783315794508753882e+00 4.816027740319784201e+00 4.844659455045020380e+00
3.423389435001012782e+00 3.456069895557567939e+00 3.313795745914711155e+00 3.364575823119442255e+00 3.415300546448087449e+00 3.466060337178349382e+00 3.516866893621810153e+00 3.567801959546614832e+00 3.618901802491474751e+00 3.670258441594415721e+00 3.721936249552313836e+00 3.773980501100744345e+00 3.826469603482086868e+00 3.879540274477474515e+00 3.933313091722101085e+00 3.988008471080062289e+00 4.043869006532940347e+00 4.101442340556428867e+00 4.161833936003275447e+00 4.816657377398867901e+00 4.848832524056354565e+00
3.427388330092469459e+00 3.555171380173296480e+00 3.357089403487176327e+00 3.409976617303195567e+00 3.462795722754722583e+00 3.515655212661983775e+00 3.568634448302840045e+00 3.621752381473027693e+00 3.675042991068952158e+00 3.728663757388277489e+00 3.782625141848442674e+00 3.837035615912734343e+00 3.891980471817281906e+00 3.947641803448992182e+00 4.004114572905951519e+00 4.061710462002353417e+00 4.120744807163112533e+00 4.182063745620830275e+00 4.247680903248791218e+00 4.886643632909823509e+00 4.919043627067210878e+00
3.224223733090347821e+00 3.317437279701430874e+00 3.288553036663867779e+00 3.337922977427295379e+00 3.387229453688277658e+00 3.436496972446166698e+00 3.485802327121633404e+00 3.535185493262352097e+00 3.584674139333526632e+00 3.634368785572241745e+00 3.684291017281410507e+00 3.734568968498218844e+00 3.785219749211985896e+00 3.836352177129859875e+00 3.888132863054405419e+00 3.940682360261329453e+00 3.994297795560819431e+00 4.049544077192688718e+00 4.107816490144664101e+00 4.409900226007385626e+00 4.376914900268867648e+00
3.313681361923039859e+00 3.370616478875177346e+00 3.427498132013518273e+00 3.484369120127109198e+00 3.541346961732620535e+00 3.598441597984872509e+00 3.655741623430491583e+00 3.713330857779427951e+00 3.771282030183969791e+00 3.829714481107881596e+00 3.888661481784690732e+00 3.948344758572333024e+00 4.008791694889482393e+00 4.070341011790191033e+00 4.133142290311914380e+00 4.197690582033883011e+00 4.264744321699294183e+00 4.335946371914078945e+00 4.998082927096454853e+00 5.029052974956675470e+00 5.056767409480399600e+00
3.176576203300876422e+00 3.124761302956023723e+00 3.168262277016322681e+00 3.211595255217096323e+00 3.254793745135498018e+00 3.297949087910955424e+00 3.341059533504562307e+00 3.384164870987347751e+00 3.427268467031775678e+00 3.470486978732855832e+00 3.513800278348100381e+00 3.557279169689191445e+00 3.600958408930376997e+00 3.644902393719553046e+00 3.689137925033933119e+00 4.155153429040366220e+00 4.124249902049064609e+00 4.094890409627851113e+00 4.036975962887191294e+00 3.919573110353173462e+00 3.970658920398737468e+00
3.400321989674124801e+00 3.482750143407358223e+00 3.524874555934921272e+00 3.517114278077122957e+00 3.575849264200247735e+00 3.634762307514870727e+00 3.693894619459157536e+00 3.753310211088945803e+00 3.813142167805987359e+00 3.873475683564703953e+00 3.934399072310113432e+00 3.996086591062545601e+00 4.058692825744494748e+00 4.122408035947397131e+00 4.187633437909751954e+00 4.254793505263591236e+00 4.324962585641124235e+00 4.400772885738057028e+00 4.955401387512388567e+00 4.994492374846915439e+00 5.024191827773456076e+00
3.309272166952780481e+00 3.188267176789414403e+00 3.235109890488088169e+00 3.281824973989791783e+00 3.328446890026698135e+00 3.375027551245316282e+00 3.421620451514241434e+00 3.468272245498182027e+00 3.514986939411274047e+00 3.561863402538512080e+00 3.608905668757980578e+00 3.656204297446281615e+00 3.703779913166937554e+00 3.751771669955256350e+00 3.800153388009479105e+00 3.849141641413964532e+00 3.898825478824503588e+00 3.949419712454529385e+00 4.001324576411501965e+00 4.055400900436470835e+00 4.114182271988589434e+00
3.406349713936141832e+00 3.322423531241384786e+00 3.376004189001115652e+00 3.429425845524942229e+00 3.482791527064772907e+00 3.536215001872113461e+00 3.589678618184888759e+00 3.643262713612053894e+00 3.697034841130196980e+00 3.751094069103488415e+00 3.805464647233426589e+00 3.860326373047902937e+00 3.915668858067308022e+00 3.971732223074394330e+00 4.028617073001320215e+00 4.086636697997548140e+00 4.146280786134836305e+00 4.208463841706566733e+00 4.276481421447243747e+00 4.495208516376862029e+00 4.933128699846524690e+00
3.223613670925106867e+00 3.274736453390745705e+00 3.325688867949366134e+00 3.376492719868248393e+00 3.427244495425677773e+00 3.477946342243831701e+00 3.528679166954956870e+00 3.579516902891835883e+00 3.630460246460301299e+00 3.681603789967976770e+00 3.732994137816612934e+00 3.784746071573753312e+00 3.836877877658408043e+00 3.889537145079735136e+00 3.942808524767063005e+00 3.996885186027441250e+00 4.052002994361535215e+00 4.108547833768154689e+00 4.167378309137489190e+00 4.230705210009432449e+00 4.953867112514706683e+00
3.428899323317215142e+00 3.576980753092024568e+00 3.392412074217668660e+00 3.446844730196469975e+00 3.501232296465128346e+00 3.555667105896132885e+00 3.610208558971367498e+00 3.664928706764213118e+00 3.719820325659741744e+00 3.775061258948610554e+00 3.830657573415235717e+00 3.886756571047827791e+00 3.943463190884372693e+00 4.000910552056674341e+00 4.059322093210433913e+00 4.118927156773231957e+00 4.180286863619853577e+00 4.244365946493605435e+00 4.314182017393686230e+00 4.960553407492474420e+00 4.994034902755042360e+00
3.288069902966958225e+00 3.628447024673439270e+00 3.402919566093031367e+00 3.457814661134163359e+00 3.512666676033777247e+00 3.567557183825244227e+00 3.622569290181469892e+00 3.677720645891014328e+00 3.733123172325113703e+00 3.788844264723103983e+00 3.844970778222084995e+00 3.901597601544210203e+00 3.958855208283563076e+00 4.016870857601927192e+00 4.075852302165728247e+00 4.136105443114764135e+00 4.198152812762384833e+00 4.262932058646763167e+00 4.333321869518863778e+00 5.017147648469769905e+00 5.046922741161065318e+00
3.480325922286369167e+00 3.545409042878594263e+00 3.505612416741705317e+00 3.566823058139215519e+00 3.628124122918106487e+00 3.689651571582721168e+00 3.751458900683599218e+00 3.813670970336573873e+00 3.876398272233912756e+00 3.939701826777531224e+00 4.003727608463051979e+00 4.068656860514029638e+00 4.134708813131835470e+00 4.202172729965623965e+00 4.271443334481570986e+00 4.343311639396551627e+00 4.419431688706279893e+00 4.779121472800564874e+00 4.970178926441350953e+00 5.020114843723137099e+00 5.051378749610766050e+00
2.978870800138551989e+00 3.365020610751240593e+00 3.441724717090227870e+00 3.458149475052910038e+00 3.513703443429374129e+00 3.569271319532151487e+00 3.624956430812129593e+00 3.680862294080062380e+00 3.736998359872942377e+00 3.793546755463760967e+00 3.850464462275761779e+00 3.907964019306713332e+00 3.966127876312475653e+00 4.025150249142920522e+00 4.085250169641744478e+00 4.146825259694931987e+00 4.210497721577442398e+00 4.278015828658565667e+00 4.510106739192827341e+00 4.681647940074905812e+00 4.882315845149215683e+00
