4.265859364249346086e+00 4.165585435474397968e+00 3.472789671514953547e+00 3.579295154185021755e+00 3.911423415015748084e+00 3.861989062295262620e+00 3.795537827710186551e+00 3.897875657766516788e+00 3.947997257180852149e+00 4.039953749495006186e+00 4.104147971924844818e+00 4.165827715251789520e+00 4.201044062753956254e+00 4.559249833281163511e+00 4.597007142514081934e+00 4.632057927971499289e+00 4.664723032069971076e+00 4.695386782486207444e+00 5.082243054840149377e+00 4.751346214760848952e+00 4.777080930575364981e+00
4.324368848070506921e+00 4.506072957417611491e+00 4.467353951890034480e+00 3.607403501956322867e+00 4.320602415422492903e+00 3.945537735261339662e+00 3.804990764249690294e+00 4.102099850768436085e+00 3.963643818765802962e+00 4.286356251512322579e+00 4.337767495662231632e+00 4.383005071763012239e+00 4.426586761100518075e+00 4.466494420317738800e+00 4.503459475688142533e+00 4.537704196688849834e+00 4.569604626895192645e+00 4.599468658396776100e+00 5.041192760018507357e+00 4.653973590436431884e+00 4.678974203714279412e+00
4.500792831968092322e+00 3.986172106417050109e+00 3.382226056945642600e+00 4.362729822374570077e+00 3.902058335772119246e+00 3.882093333696570170e+00 3.910450679440804933e+00 3.766977558579989172e+00 3.841220410599023971e+00 3.897061893693718471e+00 3.969829297340214502e+00 4.031753534735641686e+00 4.097828833689616701e+00 4.261256245833247469e+00 4.459905450004460370e+00 4.495943432857172795e+00 4.529544986617254132e+00 4.560956847902300382e+00 4.878518029903254671e+00 4.618300878855763791e+00 4.644618389956695736e+00
4.087599332127838103e+00 4.289677789847300637e+00 3.323081274083501402e+00 3.417563486472725121e+00 3.863721039340958896e+00 3.775398132894014047e+00 4.056320985617247743e+00 3.921156741238664534e+00 3.788244045569132190e+00 3.868071144879985823e+00 3.946685130690669396e+00 4.005414215076930518e+00 4.082282203325330094e+00 4.323953328757721870e+00 4.360887682915010721e+00 4.395121415229096051e+00 4.426948538425912183e+00 4.456669336025903760e+00 4.484521501555782663e+00 4.510756419153365115e+00 4.535552547125077716e+00
4.034491483120097755e+00 3.209757663296421093e+00 3.298221022036238903e+00 3.817880174095335644e+00 3.684470305254888167e+00 3.634343863787534712e+00 3.613771248279983972e+00 3.706164120135659878e+00 3.727865796831313805e+00 3.771371102916526663e+00 3.819842344688682445e+00 3.863534444099485654e+00 3.902211938030135663e+00 3.940246507351670591e+00 4.426074344430296570e+00 4.463090243684726843e+00 4.497536576556930399e+00 4.529700422085721989e+00 4.559932485775733291e+00 4.588412546226543931e+00 4.615405811278122883e+00
3.619783509101666574e+00 3.179012985576956662e+00 3.261895508300482582e+00 3.607478580595927742e+00 3.727454079836544754e+00 3.680632235393792584e+00 3.602879532179949607e+00 3.667490121995944374e+00 3.695697650094134978e+00 3.743423013732816163e+00 3.783735441217949802e+00 3.841291791508649300e+00 3.884977405789297844e+00 3.927188546389053680e+00 4.366812227074235331e+00 4.403225362578088387e+00 4.437102367364770927e+00 4.468705312946871011e+00 4.498364231188658913e+00 4.526283304186811129e+00 4.552697473252902860e+00
3.864627615524760973e+00 3.134315883319866991e+00 3.202339099864248251e+00 3.291016924229587026e+00 3.764404073921741922e+00 3.764905603548594382e+00 3.591433050853310327e+00 3.614811177268975939e+00 3.669953467759805577e+00 3.720981512234449173e+00 3.767108953162278340e+00 3.826086956521738802e+00 3.875995819461652392e+00 3.930411038249105093e+00 3.959790756320034522e+00 4.302720275374096737e+00 4.335976214073339996e+00 4.365829200575743307e+00 4.393793766305093662e+00 4.420042128526537439e+00 4.444869936267403787e+00
4.328037304889285508e+00 4.320979050220927320e+00 3.336159802054518231e+00 3.428485226657158602e+00 4.429157698775752827e+00 3.855182811392065645e+00 3.848982425271318952e+00 3.718982651634630709e+00 3.820797643609889160e+00 3.876891685087570316e+00 3.959882295912445116e+00 4.032726601641797970e+00 4.285260087640479831e+00 4.325440567051304974e+00 4.362555639625638193e+00 4.396963347188347804e+00 4.428939371226884525e+00 4.458811726674841047e+00 4.486812223457054216e+00 4.513159964168245608e+00 4.538078605022140444e+00
4.413884425195004013e+00 3.333425928498013668e+00 3.335070349140177193e+00 3.867403314917126522e+00 3.526849002454963244e+00 3.624476367717067937e+00 3.642783086277916471e+00 3.731781649309274584e+00 3.755372268662113822e+00 3.799024686753146085e+00 3.853431962841905811e+00 3.903282242156842052e+00 3.951254003244187629e+00 4.413366985256595321e+00 4.453702054184424775e+00 4.491109644317726080e+00 4.525972912737870502e+00 4.558505354542856658e+00 4.589133488158645413e+00 4.618014391662761398e+00 4.645348162013348770e+00
3.691525215168067309e+00 3.152828086793854290e+00 3.228296722577022493e+00 3.614474580512420765e+00 3.636712960421583762e+00 3.584330151947486165e+00 3.470173855710170674e+00 3.633822501747029587e+00 3.664801996971351894e+00 3.713739460544956295e+00 3.761493452215101119e+00 3.812662123244302759e+00 3.865961588910213020e+00 3.914085816331522860e+00 3.943326784182416667e+00 4.321280214112465323e+00 4.354648068402535266e+00 4.385751181716289970e+00 4.414858759010796163e+00 4.442287846583880651e+00 4.468121670390101663e+00
3.850040906684633502e+00 3.714215634745435590e+00 3.181057494156535714e+00 3.845625600879000405e+00 3.845335127823059196e+00 3.582081327023359130e+00 4.286356251512322579e+00 3.503733881106630310e+00 3.630220186816715877e+00 3.676674621233142481e+00 3.732710293294255077e+00 3.791194777801520921e+00 3.850839483007295616e+00 3.888555367570812216e+00 3.944254535892715907e+00 4.213580161635698929e+00 4.245732012134575406e+00 4.275685144063004373e+00 4.303631445200425176e+00 4.329881067944214124e+00 4.354648068402535266e+00
4.343753817752378232e+00 4.615755571630325349e+00 4.413701785480300899e+00 3.655424512035312379e+00 4.052392628766492422e+00 4.205417404912754620e+00 3.973039096098754275e+00 3.968416875350657236e+00 4.076114647517985468e+00 4.427901313149482654e+00 4.480997125267998094e+00 4.530508858517699800e+00 4.575721359057538962e+00 4.617441523893536903e+00 4.656075831491750527e+00 4.692049735727198190e+00 4.725635180964029125e+00 4.757111537029631521e+00 4.786750275238140340e+00 4.814802077243181877e+00 4.841342296732785933e+00
4.399011269847919792e+00 4.150066401062416865e+00 3.284431793299759761e+00 3.374121179152062222e+00 4.325140738706577004e+00 3.886190145732129952e+00 3.815946493492076819e+00 3.798447470924611213e+00 4.493636319642720700e+00 3.820134190895578818e+00 4.124806868152994355e+00 4.171282430011351572e+00 4.213783908871742589e+00 4.254488136255213604e+00 4.291904913538883370e+00 4.326557386201073108e+00 4.358745511529918737e+00 4.388762026236567415e+00 4.416900164253473982e+00 4.443333611041683895e+00 4.468305962095016071e+00
4.462109822819916083e+00 3.481651695564376148e+00 3.369040579750003594e+00 3.562223665737695111e+00 3.643989136787101568e+00 3.655330455932179312e+00 3.707670758836614233e+00 3.747423646243207340e+00 3.817800669156335314e+00 3.860444916276600580e+00 3.915507470376095256e+00 3.978030107406812288e+00 4.028896915809946577e+00 4.423363525624885106e+00 4.463059599011259593e+00 4.499867049382631379e+00 4.534150396394663218e+00 4.566241165686401260e+00 4.870152140809130614e+00 4.624804136093489504e+00 4.651735507791657120e+00
4.433883181034063981e+00 4.422699505210492710e+00 4.641289732511551414e+00 3.609181201718524967e+00 3.696754528524297090e+00 4.195393457983134233e+00 4.205509217074366646e+00 4.468428831677722535e+00 4.372032653618881604e+00 4.327487790302305903e+00 4.378583254655665336e+00 4.425110117163299606e+00 4.468275245755138236e+00 4.508011966722674124e+00 4.544734649470123955e+00 4.578879746316393273e+00 4.610705093796881648e+00 4.640466230371851353e+00 4.668405876699162960e+00 4.694770853757888496e+00 4.719723656759806651e+00
3.890672113607624993e+00 3.728638011393060392e+00 3.189328230408164266e+00 4.129813814227208724e+00 3.663788633959863983e+00 3.745370306149343520e+00 3.815920018316416140e+00 3.563617560948341367e+00 3.630524331494798140e+00 3.685302467787726854e+00 3.744669047536492990e+00 3.805148712130122401e+00 3.848982425271318952e+00 3.921925665501761138e+00 4.149004584650065830e+00 4.183727358147636188e+00 4.215880738954046691e+00 4.245819237670002799e+00 4.273798855724821877e+00 4.299959730535856117e+00 4.324665696477112853e+00
4.342880777582462493e+00 4.438253649610116369e+00 3.505647598280829946e+00 3.607724614892414916e+00 4.026575397624319486e+00 3.750755360454535836e+00 3.778147196614780157e+00 3.923215109196153794e+00 4.007961577914094242e+00 4.063948642710034420e+00 4.126433935792687357e+00 4.169214519984435263e+00 4.544672060595627450e+00 4.586773413393379073e+00 4.625755936953667380e+00 4.662004662004662237e+00 4.695858117028950396e+00 5.041661840751616275e+00 4.757472334264142511e+00 4.785735772691224632e+00 4.812518046942675376e+00
4.339948885046464255e+00 4.054899211700102590e+00 3.453491825584848574e+00 3.559861514406968297e+00 3.984748033389440280e+00 3.780224614073432132e+00 3.930458951269327539e+00 3.865801463481982392e+00 3.924700827629894029e+00 4.022251915682692136e+00 4.068909394353180886e+00 4.131548504379440878e+00 4.196622063224519472e+00 4.535272047606612844e+00 4.573097898422622265e+00 4.608168149992433626e+00 4.640909618285183669e+00 4.671580986665383683e+00 5.047432032524822532e+00 4.727646454265158837e+00 4.753375585560760008e+00
4.367236024844720177e+00 4.503630619145280178e+00 3.504889664698889185e+00 3.550024014868335964e+00 3.873512219170363480e+00 3.972493904276594989e+00 3.833981624771703345e+00 3.853402554455584550e+00 3.920759389186958099e+00 3.992675505624164956e+00 4.040985178488259777e+00 4.118276912939625944e+00 4.454648254120549211e+00 4.497720473487300197e+00 4.537579407639633189e+00 4.574627884746687911e+00 4.609182592424430069e+00 4.641543176590240627e+00 4.671966141986548138e+00 4.700709945457938410e+00 5.118091429585297725e+00
3.724080749313152694e+00 3.253901219866797589e+00 3.348728180942945887e+00 3.530291283641599609e+00 3.570815450643777034e+00 3.649961778702128345e+00 3.695903822819766038e+00 3.763459595079624798e+00 3.788244045569132190e+00 3.823932253825670369e+00 3.877364499958456889e+00 3.922000357796523673e+00 3.973500859783376082e+00 4.467476769120799496e+00 4.507096944188272225e+00 4.543921128544774923e+00 4.578214635026115253e+00 4.610292650367790124e+00 4.640466230371851353e+00 4.668950790631886782e+00 4.695970443009565010e+00
4.303837246637200131e+00 4.462044731998437541e+00 4.486378664163496843e+00 4.381640924526234215e+00 3.797791756720365175e+00 4.021374628534038820e+00 3.974701374409896015e+00 4.488330341113106137e+00 4.293366408156032321e+00 4.465849988663610937e+00 4.518288800805077443e+00 4.566936761765052033e+00 4.611466721728954887e+00 4.652563014860833235e+00 4.690658002745414557e+00 4.726059767532653666e+00 4.759178662325927789e+00 4.790189691511783643e+00 5.309466019417475202e+00 4.847041227547811637e+00 4.873227449311569259e+00
3.633137004199067377e+00 3.149518123727069518e+00 3.226372084867613399e+00 3.374539444234014418e+00 3.488777764856378028e+00 3.553363153714309330e+00 3.552991828118795326e+00 3.627814172195594988e+00 3.670182193383977332e+00 3.708663850829299058e+00 3.750755360454535836e+00 3.793783712941630526e+00 3.842617371375244950e+00 3.893123514466027224e+00 4.304219501530389458e+00 4.340517003803119778e+00 4.374214008420362454e+00 4.405650246441060069e+00 4.435104190832297455e+00 4.462814456772491667e+00 4.488981277495009969e+00
3.671275387215649832e+00 3.089106686511836397e+00 3.151591553734635731e+00 3.237985008818342170e+00 3.908231970708829994e+00 3.621472546452349395e+00 3.553239369892218669e+00 3.587790473036374994e+00 3.630651073485773761e+00 3.674227718928511521e+00 3.708485564376561960e+00 3.750988897072863981e+00 3.786183870856709710e+00 3.837244997627884402e+00 3.875191164564144142e+00 3.909740840035746068e+00 4.307309435742463499e+00 4.337409120951750907e+00 4.365620736698499371e+00 4.392135332669937497e+00 4.417144040306439479e+00
3.619575758403561938e+00 3.806183689143540771e+00 3.332754730081582739e+00 3.998317949000764759e+00 3.661763588251957025e+00 3.623264142923834363e+00 3.619078109449273661e+00 3.732994137816612934e+00 3.759607886821878520e+00 3.806328373358520256e+00 3.854227605905227172e+00 3.903935306214925127e+00 3.951336175522512040e+00 4.427280219593098920e+00 4.467292545806929915e+00 4.504410857709125970e+00 4.539014896221614137e+00 4.571319405592019436e+00 4.601711561972004816e+00 4.630397523082876887e+00 4.657566147713340321e+00
4.261695604954565120e+00 4.367266299261723717e+00 3.422313483915127019e+00 3.770790769104197526e+00 3.992400671824664737e+00 3.844147285757434140e+00 3.962398207356397251e+00 3.840482803552446089e+00 3.869166885458842131e+00 3.933421662802252694e+00 4.009290493833987057e+00 4.066777871214105389e+00 4.150365708453819025e+00 4.452917356636934443e+00 4.492760529056587515e+00 4.529731510459562571e+00 4.564157061500313084e+00 4.596439474496620825e+00 4.626752296112146112e+00 4.987531172069825658e+00 5.054610282716647696e+00
4.444991520323868350e+00 4.559342910221773515e+00 4.578309909959905610e+00 4.642969315435141020e+00 3.754797797185292829e+00 4.236199365264554650e+00 4.442100002776312451e+00 4.392919163423456119e+00 4.687844694462828699e+00 4.423524858136175908e+00 4.474488531541701342e+00 4.457672683381796119e+00 4.567252797442337808e+00 4.608073068907887482e+00 4.645855964800808202e+00 4.680938941281750587e+00 4.713758710206311875e+00 4.744485395236261560e+00 4.773399888166059313e+00 4.800702274161247729e+00 4.826582915256079964e+00
4.165471654306824867e+00 3.922054330773677044e+00 4.143760877372302254e+00 4.119973632168753674e+00 4.033719157431273850e+00 3.844912699883965779e+00 4.217658853626494952e+00 4.073910401590896235e+00 4.327309443837704883e+00 4.182780657725115425e+00 4.043921095559911194e+00 4.100825632894089523e+00 4.138787335310754045e+00 4.178654610220577936e+00 4.215356335818781552e+00 4.249340324183543238e+00 4.280851005999986469e+00 4.310167891301670551e+00 4.337618165669473669e+00 4.363418192726727263e+00 4.387769093651446184e+00
4.316369316780400034e+00 4.408685109666041768e+00 3.645167058694067208e+00 3.627535787035745418e+00 3.768318213538031980e+00 4.286771162475540464e+00 3.825262030449085415e+00 3.926106542133322108e+00 4.051892163780275169e+00 4.092127428848134407e+00 4.175937018654800603e+00 4.223762472216644248e+00 4.576024405463495093e+00 4.617186961615326268e+00 4.655302252344765357e+00 4.690782272921948604e+00 4.723891939260334460e+00 5.090612909794338670e+00 4.784091854563607527e+00 4.811732494781641556e+00 4.837830471518124398e+00
4.380749734025908282e+00 4.069498761906732653e+00 3.249694044762806655e+00 3.348401138456386317e+00 4.071089648201700939e+00 3.783579265985622442e+00 3.625344578741800383e+00 3.635321341433574993e+00 3.744461317634331987e+00 3.766846173163313161e+00 3.820903817430268745e+00 3.874735341737818750e+00 3.923890296288136792e+00 3.977974582836086181e+00 4.026323827506733011e+00 4.371943055441702697e+00 4.404407159914389247e+00 4.434680566547497982e+00 4.463028954758618383e+00 4.489756447980990828e+00 4.514981529621015177e+00
4.188985029528910609e+00 4.396661285336447733e+00 3.380305495109120706e+00 3.470342453393300719e+00 4.109195008697795082e+00 4.023502806046352909e+00 4.064172596455214226e+00 3.866187728017207448e+00 3.865801463481982392e+00 3.931576769209546018e+00 4.209683652625185957e+00 4.257487244986982944e+00 4.303102331871643926e+00 4.344557923990925552e+00 4.382841176792855897e+00 4.418394327886281836e+00 4.451414522568672538e+00 4.482264494353024986e+00 4.511216524722834187e+00 4.538453075145779891e+00 4.901360127435363090e+00
4.460946132359702609e+00 4.430414797585423337e+00 4.376517249632441597e+00 3.640105563061328819e+00 4.206780502606824790e+00 4.065965115397603746e+00 3.857068077251563309e+00 3.987076373135354235e+00 4.043051527994647287e+00 4.455503231953498400e+00 4.506011428883533121e+00 4.257043003000529069e+00 4.297348813030669845e+00 4.639632153343304921e+00 4.677461514121805664e+00 4.712665982868072589e+00 4.745529573590096639e+00 5.126802925695536750e+00 4.805349039959909696e+00 5.300766890170863554e+00 5.333223933868023181e+00
4.232260929293489404e+00 4.378583254655665336e+00 4.114774784660118812e+00 3.389572567981682383e+00 3.616537813291117232e+00 4.105736398037457491e+00 3.887530216712138831e+00 3.815857613998745901e+00 3.798510139911790429e+00 3.865641351317769203e+00 3.914109334120732697e+00 3.976115883211879254e+00 4.031651883943091264e+00 4.354497573922779807e+00 4.390478150511079036e+00 4.423830622585037453e+00 4.454808060418334215e+00 4.483748137520004562e+00 4.510908196183497587e+00 4.536456614978554569e+00 4.560625220257468193e+00
4.160974222764689756e+00 4.311170722360604834e+00 3.283246362232886906e+00 3.375376285570610424e+00 4.383249031162812948e+00 4.095913805312191514e+00 3.799812082020670889e+00 3.875754387907646148e+00 3.786131743616925949e+00 3.821638664064312518e+00 3.880956757971280702e+00 3.945319259387436883e+00 3.997105544261053023e+00 4.273356997622083320e+00 4.310521778398127779e+00 4.344977413014241563e+00 4.376996149611199094e+00 4.406863690197481809e+00 4.434866365003361288e+00 4.461160450783104636e+00 4.486042291144145544e+00
4.251321681054876400e+00 4.261431978610360716e+00 3.495688650664180663e+00 3.599039333347175074e+00 3.962020213253999668e+00 3.865861630268993654e+00 3.775294472968890869e+00 3.891753651993828722e+00 3.938451509513397397e+00 4.033744357973946926e+00 4.095544186756815641e+00 4.134196002232465972e+00 4.557606100389777204e+00 4.600194993340015692e+00 4.639664282202385692e+00 4.676367837592494858e+00 4.710641894232233895e+00 4.742789585109014716e+00 5.129187126424203491e+00 5.222746757827336772e+00 5.256726220140770955e+00
4.384883115459453862e+00 4.371256258068041411e+00 3.442980795053125043e+00 3.608680263988840675e+00 4.070146876162271887e+00 4.004169859646942164e+00 3.976753434310312141e+00 3.894270554446769950e+00 3.931522533831786070e+00 4.002953903915303258e+00 4.055150040551500190e+00 4.131520055086934207e+00 4.435788496059771546e+00 4.477601658779199134e+00 4.516310037841203773e+00 4.552257850920452320e+00 4.585753592173647419e+00 4.617091507997217015e+00 4.646586125840484804e+00 4.674406934620169984e+00 4.700774936574102725e+00
4.229108544845603390e+00 4.039850730939093637e+00 3.243101509077233935e+00 4.133398549177108805e+00 3.827578047796011074e+00 4.109701635661250130e+00 4.148689014271489839e+00 3.887781950972292844e+00 4.421110804089527058e+00 3.810078002687836918e+00 4.042258731963989327e+00 4.100685497925735667e+00 4.139444072661040863e+00 4.179628081619228830e+00 4.216463562151363753e+00 4.250534744693687195e+00 4.282181978920613474e+00 4.311642804347230573e+00 4.339201586908009389e+00 4.365114550154483908e+00 4.389544653328852242e+00
4.098901633308090986e+00 3.296590089626043163e+00 3.386714403212540248e+00 3.879997228573408563e+00 3.708783519005766305e+00 3.722186991645757725e+00 3.691903791721931505e+00 3.758587327992426896e+00 3.826220042436258684e+00 3.870263247012640129e+00 3.922972098721248635e+00 3.985268249780123728e+00 4.046195204915783883e+00 4.414645586733989546e+00 4.455397296130765739e+00 4.493219323566254531e+00 4.528426166069737135e+00 4.561329457337953031e+00 4.592249379703628342e+00 4.621422708429612669e+00 4.649064034020208958e+00
4.311377245508982270e+00 3.960017478697837046e+00 3.350574832994785535e+00 3.843036418010564947e+00 4.404346539491159618e+00 3.803915214956431257e+00 3.778692297651026877e+00 3.722366597963727042e+00 3.812091136207377495e+00 3.864921010676844126e+00 3.925592798947665329e+00 3.990011213307375293e+00 4.047904860277490080e+00 4.115082824760243341e+00 4.429754319010460684e+00 4.465420470861413804e+00 4.498640183762635303e+00 4.529700422085721989e+00 4.558846543781936766e+00 4.586308158836857274e+00 4.612327122518330214e+00
4.355852398830142747e+00 4.286356251512322579e+00 3.399260487412330445e+00 3.501425080007563029e+00 4.081802081027229967e+00 3.882633534860502333e+00 3.814869817567475341e+00 3.789810233865744227e+00 3.882278420661894103e+00 3.954159025367974589e+00 4.012452438602559290e+00 4.089700770226978754e+00 4.145278182710044668e+00 4.447455029387414882e+00 4.485357034419939382e+00 4.520575573591493423e+00 4.553294239392894127e+00 4.583969995832753774e+00 4.612768418371210544e+00 4.639953461959306580e+00 5.056786343943472595e+00
4.411328843887207363e+00 4.412514995656430905e+00 4.104697141762556178e+00 4.005026999406150701e+00 4.363061232837489811e+00 3.997050452424761868e+00 3.984704327948156877e+00 3.953323518185288155e+00 3.869006494403758101e+00 3.957396578898888073e+00 4.172195395537802831e+00 4.215035931453841478e+00 4.257487244986982944e+00 4.297583802884156867e+00 4.334603899767444979e+00 4.368869077281197555e+00 4.400712365314134900e+00 4.430414797585423337e+00 4.458314757021845764e+00 4.484518220053949733e+00 4.509316942544364437e+00
4.147073501606111989e+00 4.327012232394898739e+00 3.497065961658168742e+00 3.745863941897487503e+00 3.859676208254092522e+00 3.804674907823102803e+00 3.861536339815197838e+00 3.912171744339576041e+00 3.920381858948787546e+00 4.050083747494438668e+00 4.099044019564250796e+00 4.158955270436066165e+00 4.538016199342674639e+00 4.580693072742794136e+00 4.620224352659007216e+00 4.656928207972934608e+00 4.691260657320406757e+00 4.723406877006591564e+00 4.753703065794006477e+00 4.782335419342496508e+00 5.232466075030809627e+00
4.068909394353180886e+00 3.740803857184421322e+00 3.159535478072823089e+00 3.241513927939736028e+00 3.627940725030000646e+00 3.446683256702075315e+00 3.815073006624353891e+00 3.555567949692199470e+00 3.621018620391905252e+00 3.662320252630996364e+00 3.711224704152369824e+00 3.756966041201394546e+00 3.803885496130410715e+00 3.857200911952500810e+00 3.895950298805472833e+00 3.942045022303675150e+00 4.261988561372634265e+00 4.292053470679044302e+00 4.320166117355221935e+00 4.346536224584836461e+00 4.371417865915430134e+00
4.354828675509963887e+00 4.572723363886404435e+00 4.608453416789902057e+00 3.624352916236416977e+00 3.712342488109997340e+00 4.518783762503679746e+00 4.128478242919659813e+00 3.929137657682498119e+00 4.033084968213821675e+00 4.368750260044658162e+00 4.421287478913859204e+00 4.470764638315140260e+00 4.515630238302122734e+00 4.557035441307454526e+00 4.595364252243721026e+00 4.631016916832383146e+00 4.664243089375128548e+00 4.695386782486207444e+00 4.724700597777336419e+00 4.752393415524485576e+00 4.778591908251035747e+00
4.075486295313880625e+00 3.429355281207132844e+00 3.248570974363936603e+00 3.388777498517410169e+00 4.064368576231021102e+00 3.616488457942968804e+00 3.696149160152773394e+00 3.667007998228765775e+00 3.696548260878662617e+00 3.751679729333360580e+00 3.787800527537309669e+00 3.844965498300662254e+00 3.894893516393328703e+00 3.944336417296952835e+00 3.980208755086775074e+00 4.371704144921992885e+00 4.404892183381167392e+00 4.435860864105696244e+00 4.464899024591290733e+00 4.492238793591994295e+00 4.518103218121700237e+00
4.289173296437218674e+00 4.411815393099645100e+00 4.395966700552243367e+00 3.510776707717512934e+00 4.000137935790888832e+00 4.381694255111977299e+00 3.980808313603888315e+00 3.769344064330138799e+00 3.912527073290015256e+00 4.278517700641777388e+00 4.072448162566608687e+00 4.139872491927247822e+00 4.412433558933141597e+00 4.451658413976837814e+00 4.487927475092002183e+00 4.521550404852667349e+00 4.552885908818112171e+00 4.582167844124224843e+00 4.609689981148431315e+00 5.003289834411667414e+00 4.660087719298244835e+00
4.231116043559686624e+00 4.112271995427711602e+00 3.347607158299973129e+00 3.459250034592499912e+00 3.756260434056760911e+00 4.085985761378432279e+00 3.809787690922314951e+00 3.741477745136078337e+00 3.836415253587047935e+00 3.887754960358784206e+00 3.930844717841207814e+00 3.998262823738651939e+00 4.060089321965083542e+00 4.109150172027134396e+00 4.485047541503939250e+00 4.519821154153714993e+00 4.552226452574077875e+00 4.582537753862176544e+00 4.610958941819332857e+00 4.637801543626483891e+00 4.663187563004464131e+00
4.386987099516060695e+00 4.313613625453103673e+00 4.686100199848390879e+00 3.539675599142149576e+00 4.577159291974941979e+00 4.323268949166724440e+00 3.954516126794274555e+00 3.862548454290876787e+00 3.945756235333208739e+00 4.321224758560139989e+00 4.069274220802957309e+00 4.140358140979194523e+00 4.224347476818027580e+00 4.498581216693196438e+00 4.535646054675151362e+00 4.570072166214206533e+00 4.602154082866248608e+00 4.632158240056415188e+00 4.660383264355023591e+00 5.068389005705362216e+00 5.138746145940389809e+00
4.360623569170390290e+00 4.476984854015855220e+00 4.751149915994160366e+00 3.555295298644805424e+00 4.330879168471200025e+00 4.006714701188888839e+00 4.002788148986534900e+00 3.858423420630163747e+00 3.953857785978370565e+00 4.023321627058543015e+00 4.071464554105623357e+00 4.137959572134979780e+00 4.212154482491937912e+00 4.534243846137991696e+00 4.571444166973703815e+00 4.606045606726200781e+00 4.638282198545762292e+00 4.668469977618805444e+00 4.696849026935407956e+00 4.723600889953790904e+00 4.748926329699372673e+00
4.509817525844724173e+00 4.459464167508623511e+00 4.519161243673173622e+00 3.672852767113415240e+00 3.760735189541053458e+00 3.991070824595819744e+00 4.292826133617674955e+00 4.700385016831525320e+00 4.380597430049507857e+00 4.400228261841082400e+00 4.451445007533213705e+00 4.416781049970780693e+00 4.543702153439444835e+00 4.584268432864415210e+00 4.621773381344590703e+00 4.656641192100145155e+00 4.689220230247509669e+00 4.719691373224985220e+00 4.748403435366659764e+00 4.775451450713929624e+00 4.801064464578431945e+00
4.230382468185442946e+00 4.292023758428288538e+00 4.582199182043250829e+00 4.407743854985227472e+00 3.637461738020397295e+00 3.983646084495230610e+00 3.981520254268120951e+00 4.556862158320353018e+00 4.360682991973618527e+00 4.252196396606473527e+00 4.311288733165443254e+00 4.219610298571457641e+00 4.400137504297009450e+00 4.440004440004439168e+00 4.476883004124158738e+00 4.511100777991380539e+00 4.542927272480709711e+00 4.572723363886404435e+00 4.600700405136303850e+00 4.627046447380955385e+00 5.043735404258847588e+00
