4.094350490281121857e+00 4.210729767788607525e+00 2.517170700133049888e+00 2.531645569620253333e+00 2.545968882602545946e+00 2.560109231327202917e+00 2.574074202906616371e+00 2.587883111614698972e+00 2.601493397831620147e+00 2.614918799889898171e+00 2.628139561313785233e+00 2.641159254764793740e+00 2.654020491831902362e+00 2.666685380248282389e+00 2.972315008775406220e+00 2.933780385582564598e+00 2.895930158640466878e+00 2.715624129035024037e+00 2.822108397183535455e+00 2.786097374103225111e+00 2.750604780410051298e+00
4.094151608515836038e+00 2.466751710868507974e+00 3.293333058888912035e+00 2.495187851999714379e+00 2.509266362209014556e+00 2.523252472436971150e+00 2.537123043420042023e+00 2.550844536366769777e+00 2.564449605003525701e+00 2.577894208795496578e+00 2.591217872400028099e+00 2.604386631753807801e+00 2.617422389982159814e+00 2.630306821736286604e+00 2.928318935765232389e+00 2.891606080634500753e+00 2.855531024299871934e+00 2.820040168377031975e+00 2.785127419579445540e+00 2.750779387493122563e+00 2.716918039639137472e+00
3.941990497728169007e+00 4.079828647196817926e+00 2.432950739903254611e+00 2.447312850490161562e+00 2.461645392741042215e+00 2.475947934352009216e+00 2.490125958871419076e+00 2.504257237303415984e+00 2.518274981637578236e+00 2.532179784764718278e+00 2.545982508412063972e+00 2.559690561852077995e+00 2.573285012759205070e+00 2.586779459572831730e+00 2.600158820511739410e+00 2.844242187222242091e+00 2.809975412715138621e+00 2.776293232091173291e+00 2.743156177025011466e+00 2.710535643543712236e+00 2.678395218359693963e+00
4.212590812408496532e+00 2.415973850635969367e+00 2.428692863214589437e+00 2.441406250000000000e+00 2.454090969646400389e+00 2.466734325665313143e+00 2.479304692772826613e+00 2.491830356189350226e+00 2.504257237303415984e+00 2.516567402063584868e+00 2.528800224782242090e+00 2.540919389332373157e+00 2.552956110429534853e+00 2.564888106756342268e+00 2.576709333259049828e+00 2.809679345344712420e+00 2.775859982775433110e+00 2.742558173878187677e+00 2.709801142285404474e+00 2.677489360502804061e+00 2.645613155659523485e+00
3.890428850308802478e+00 4.025178183534245058e+00 2.429022532756083042e+00 2.441798000516265610e+00 2.454504014867281203e+00 2.467151638188687546e+00 2.479697476907817055e+00 2.492131983309835874e+00 2.504472271914132353e+00 2.516690551924219754e+00 2.528764698444809333e+00 2.540722129689749309e+00 2.552551516698516210e+00 2.564230410348093958e+00 2.575807444083513253e+00 2.809028216688436608e+00 2.774694783573806944e+00 2.740919824581130815e+00 2.707656419228526179e+00 2.674897119341563823e+00 2.642577486630643957e+00
3.917795037459618879e+00 2.422428841152791001e+00 2.433612483000501037e+00 2.444799910590174541e+00 2.455916302372414872e+00 2.466942964278665773e+00 2.477876106194690120e+00 2.488697167033058211e+00 2.499393004556035969e+00 2.509950159561116667e+00 2.520390660552385143e+00 2.530666760395065218e+00 2.540829722061459961e+00 2.550809364917408839e+00 2.560691955870741943e+00 2.784177519158621550e+00 2.749745648527511133e+00 2.589422558769394200e+00 2.682422368578951666e+00 2.649486836233823972e+00 2.616949344348096673e+00
2.392950648911911227e+00 2.403455320472490886e+00 2.414026181838246909e+00 3.208571069849196711e+00 2.435138350646006700e+00 2.445656083209851506e+00 2.456088643747850853e+00 2.466473577020922736e+00 2.476771422303680747e+00 2.486943546381497061e+00 2.497057039917240040e+00 2.507037612727155640e+00 2.516901694014667790e+00 2.526670409882088464e+00 2.536318674350772628e+00 2.753853673985032557e+00 2.720556946837526802e+00 2.687745945983197604e+00 2.655411449016099823e+00 2.623480862770679600e+00 2.591980272928517071e+00
4.216317841245265541e+00 2.410800385728061546e+00 2.423741258492005279e+00 2.436698065261735824e+00 2.449642352216576224e+00 2.462534299584886899e+00 2.475387574968880511e+00 2.488146745365826362e+00 2.500839567569112187e+00 2.513439921804091259e+00 2.525961268593881037e+00 2.538375298787925782e+00 2.550703856388478741e+00 2.562916028903996946e+00 2.843231332409282608e+00 2.809028216688436608e+00 2.775405636208368776e+00 2.742307475952072693e+00 2.709725831329989010e+00 2.677621426608510546e+00 2.645944741532976874e+00
3.896628025105417503e+00 3.945783549543811830e+00 2.430898145367708540e+00 2.444168214639869330e+00 2.457330216034430581e+00 2.470425477850870966e+00 2.483449582425691471e+00 2.496344638208337852e+00 2.509140440174922659e+00 2.521803089208784154e+00 2.534336742954895971e+00 2.546736048016299048e+00 2.559017337342460063e+00 2.571153090740277314e+00 2.583167521904562225e+00 2.819632897551045403e+00 2.785146812051330301e+00 2.751245114776302625e+00 2.717864733962855883e+00 2.685000035328947376e+00 2.652593957670184466e+00
4.195158786760078584e+00 2.395192707342674421e+00 2.405751160421147450e+00 2.416300076042384948e+00 2.426837972876516591e+00 2.437345873716809219e+00 2.447757853805913708e+00 2.458124100150998803e+00 2.468387014873794971e+00 2.478560452089426214e+00 2.488611147595379602e+00 2.498554407806911737e+00 2.508385173293581349e+00 2.518098835379288580e+00 2.778054791788354461e+00 2.744314343616302221e+00 2.711090500481574850e+00 2.555795785009221444e+00 2.646092139713664526e+00 2.614268252185033781e+00 2.582860972272638111e+00
2.371575588581940952e+00 2.380608858750540513e+00 2.389687794318165803e+00 2.398809061853997004e+00 2.407966118500261654e+00 2.417073066696998396e+00 2.426162595708546199e+00 2.435216089615952484e+00 2.444179258982358327e+00 2.453058964528767483e+00 2.461876090259411232e+00 2.470582422159006253e+00 2.479202247810037285e+00 2.487721318350142763e+00 2.496151766027374652e+00 2.702030077861129698e+00 2.669701695963129673e+00 2.637788820052898053e+00 2.606331271748777656e+00 2.575256655646423809e+00 2.544565232757036277e+00
4.129108112647668527e+00 4.125816422147941864e+00 2.520687643589171412e+00 2.536104262064106774e+00 3.449635324265720282e+00 2.566503659001837967e+00 2.581419362040576981e+00 2.596181508170954721e+00 2.610726558145114229e+00 2.625100214974423363e+00 2.639275269277409297e+00 2.653260717776846800e+00 2.667078426142983627e+00 2.680707156800747892e+00 2.694137415187844997e+00 2.955793699347663228e+00 2.917618945072350201e+00 2.733446876511280710e+00 2.843292949326971630e+00 2.807017543859648967e+00 2.771330585097169674e+00
2.411581101472442423e+00 2.421859418183890167e+00 2.432143204591886043e+00 2.442388368484569305e+00 3.185970647513904019e+00 2.462742228289168445e+00 2.472799208704253182e+00 2.482741498334493979e+00 2.492575685280272513e+00 2.502287805994051428e+00 2.511896621499043469e+00 2.521361535229023509e+00 2.530684550170820835e+00 2.539879637926047096e+00 2.548961298270954412e+00 2.766213468693378807e+00 2.732183014228368290e+00 2.698633639178478649e+00 2.665563030043700987e+00 2.632908509987261780e+00 2.600670551271868636e+00
3.910350079236041054e+00 3.952843273231622323e+00 2.458405940665649769e+00 2.432759249851530026e+00 2.447757853805913708e+00 2.462724899556005820e+00 2.477612996849891669e+00 2.492433683460921756e+00 2.507163323782234610e+00 2.521820754584810143e+00 2.536372283087328761e+00 2.550844536366769777e+00 2.565217081495521523e+00 2.579493722070008932e+00 2.593688224655460228e+00 2.840021584164039492e+00 2.806328270249412338e+00 2.773232757425330597e+00 2.740669426075712956e+00 2.708653104880437201e+00 2.677093240339567970e+00
4.123824709957662371e+00 2.496394097414845081e+00 2.510460251046024993e+00 2.524367155178458777e+00 2.538178433943906409e+00 2.551812131452808607e+00 2.565290198453700210e+00 2.578593377312675461e+00 2.591707935529513840e+00 2.604661640373663101e+00 2.617440418790466516e+00 2.630026371345507208e+00 2.642441901986830821e+00 2.654687969373283885e+00 2.666760237201305284e+00 2.916883061446631675e+00 2.879496579719916127e+00 2.842746377275084946e+00 2.806564554492958941e+00 2.770927429410623422e+00 2.735824570510616560e+00
2.315172094459021057e+00 2.326023979192657798e+00 2.337044276366108342e+00 2.348219622577063959e+00 2.359451749211728622e+00 2.370742251507861109e+00 2.382070018846377035e+00 2.393405464003885541e+00 2.404747253990819456e+00 2.416075878588735293e+00 2.427357749696580136e+00 2.438622035101812635e+00 2.449865257410841934e+00 2.461045170726218867e+00 2.472205348439684869e+00 2.483326238115509899e+00 2.654966184114917471e+00 2.505428428261232465e+00 2.595853649980706113e+00 2.566899826734261314e+00 2.538332247110074658e+00
4.087542694037036739e+00 4.081491473833488648e+00 4.211834564662017222e+00 2.503842703037300055e+00 3.408055530439499936e+00 2.536229331492218186e+00 3.307017914186403562e+00 2.568126694250249198e+00 2.583871057850778197e+00 2.599464650793539278e+00 2.614900805802327088e+00 2.630213331627248685e+00 2.645392144577642490e+00 2.660430989820350867e+00 2.675321566611986501e+00 2.939200537453812156e+00 2.902552122048777328e+00 2.866551538499185536e+00 2.831176920245745965e+00 2.796420581655480575e+00 2.762196158422573600e+00
4.071239796023985669e+00 4.628126575808022558e+00 2.501441803261602370e+00 2.516004584719464976e+00 2.530435516068265667e+00 2.544709125609669886e+00 2.558853633572159225e+00 2.572806860818295238e+00 2.586616705349402690e+00 2.600250186234135175e+00 2.613713743319554084e+00 2.627019965351736541e+00 2.640141568672222494e+00 2.653112519898343624e+00 2.957094620150880537e+00 2.919281856663261010e+00 2.882141019042717023e+00 2.703358402939035621e+00 2.809718817389349255e+00 2.774348374925439398e+00 2.739514333279479352e+00
3.983571202901138530e+00 3.995013121551717727e+00 2.454280264781779408e+00 3.378727805550767016e+00 2.483854942871336124e+00 3.274302991458946099e+00 2.513053918967972145e+00 2.527468669919612054e+00 2.541762571134049686e+00 2.555946836305804659e+00 2.569978369348724367e+00 2.583889102273123850e+00 2.597657895475862677e+00 2.611306959133045780e+00 2.624802253073501124e+00 2.874308588574272516e+00 2.838953277926427710e+00 2.804223160079079236e+00 2.770043752485936039e+00 2.736419640476558168e+00 2.703298735852143420e+00
3.954543562419347680e+00 3.979935634834043334e+00 4.147025891264980224e+00 3.248564628780870045e+00 2.466473577020922736e+00 3.252460105462748885e+00 2.496772030446351653e+00 2.511787459721694038e+00 2.526705877398615741e+00 2.541529294655022309e+00 2.556237218813905532e+00 2.570840950639853517e+00 2.585333473081088407e+00 2.599720354405120837e+00 2.614019398775538239e+00 2.864388662609947289e+00 2.829895010895095986e+00 2.796049182505119912e+00 2.762744042390410826e+00 2.729983620098279218e+00 2.697733194187094785e+00
4.177681592176092806e+00 4.173308612751168489e+00 2.543777027630918397e+00 2.559399394275476247e+00 3.493988284862810101e+00 2.590075112178252592e+00 2.605101774989615038e+00 2.619914180108478430e+00 2.634539525213255295e+00 2.648951224442848584e+00 2.663134509317466314e+00 2.677112100546694240e+00 2.690894155802771248e+00 2.704472343211774099e+00 2.717857755907764350e+00 2.983521248915871560e+00 2.944372393003610089e+00 2.756871502219281567e+00 2.868115648019251118e+00 2.830916438424027959e+00 2.794310783245312457e+00
3.858582935416967619e+00 3.947477769467298447e+00 2.376608579556972245e+00 2.389234390920909501e+00 2.401910225073117022e+00 2.414592416800043662e+00 2.427219120775567784e+00 2.439829498973836053e+00 2.452371443185560551e+00 2.464858165018732894e+00 2.477279805215027775e+00 2.489632459116678298e+00 2.501894291392053660e+00 2.514089375877312182e+00 2.526209422761146683e+00 2.752640814781681211e+00 2.720613882106731829e+00 2.689104174480400733e+00 2.658067584865802413e+00 2.627505006462241610e+00 2.597329664312689967e+00
2.365269246482557541e+00 2.376027282383853745e+00 2.386869410162447025e+00 2.397777119564450388e+00 2.408699656406078304e+00 2.419616870951462495e+00 2.430498466641408228e+00 2.441336128902547475e+00 2.452130901753623693e+00 2.462846205809502642e+00 2.473480752786199499e+00 2.484026330679105055e+00 2.494512073438435174e+00 2.504920379316514456e+00 2.764836805507554729e+00 2.732049036777583151e+00 2.699784017278617387e+00 2.667995983963939999e+00 2.636660989531742771e+00 2.605738109605573616e+00 2.575238731590522967e+00
3.911450255959814548e+00 3.957948532781535356e+00 2.429003692085611732e+00 2.443020147730865066e+00 2.457036953835785464e+00 2.470966147763775211e+00 2.484797868595606030e+00 2.498554407806911737e+00 2.512202124605225073e+00 2.525730883374376567e+00 2.539127245540657274e+00 2.552428256070640167e+00 2.565600992032383676e+00 2.578666759591594637e+00 2.591599016593237881e+00 2.832981571454877390e+00 2.798690212980325054e+00 2.764957355850011567e+00 2.731781121291081860e+00 2.699112844225674213e+00 2.666909963715987875e+00
3.936817531960742578e+00 3.961249252922289799e+00 4.204460864051170255e+00 3.226492939472365151e+00 3.284926294466267827e+00 2.473760469307700216e+00 2.488783192417507006e+00 2.503701902098101950e+00 2.518521627804478413e+00 2.533248891703610006e+00 2.547875966643483370e+00 2.562405244389399872e+00 2.576839935292685624e+00 2.591145286216507415e+00 2.605376934668412581e+00 2.854000473346419486e+00 2.819826821367409142e+00 2.786252629525918678e+00 2.753245653048690400e+00 2.720746740336116520e+00 2.688780708705988953e+00
4.136618727851853805e+00 4.174051087648229519e+00 2.530826877381437967e+00 3.418564900408135099e+00 3.458269067166501731e+00 2.575830357205015186e+00 2.590455920241962584e+00 2.604900028161081238e+00 2.619136236439077337e+00 2.633208315244852660e+00 2.647050628326228061e+00 2.660691779862764061e+00 2.674173117522871124e+00 2.687449610319806226e+00 3.000739717232620229e+00 2.961554885188093511e+00 2.923040518909288288e+00 2.885209864669918467e+00 2.848013337038066251e+00 2.811436925412577725e+00 2.775387860453498057e+00
2.349916370623280848e+00 2.361308880668035570e+00 2.372837482203718817e+00 2.384444749524917473e+00 2.396121102779500855e+00 2.407795592317715450e+00 2.419481092466874372e+00 2.431158876232561550e+00 2.442809518335440799e+00 2.454417952314165596e+00 2.465969619254290812e+00 2.477479027451843674e+00 2.488941986317929622e+00 2.500339331766454176e+00 2.511686318286471931e+00 2.522969535142863151e+00 2.700052579971293998e+00 2.669045394843123198e+00 2.638467467001798017e+00 2.608352367256012716e+00 2.578594874868456177e+00
4.135478268061700824e+00 4.143045552785852514e+00 2.515488220328019331e+00 2.531645569620253333e+00 3.451773789061399089e+00 2.563534074217775238e+00 2.579259961520229183e+00 2.594834176070018206e+00 2.610210862709963386e+00 2.625435502983771929e+00 2.640480710217946836e+00 2.655374337903372073e+00 2.670095631583015550e+00 2.684656157499827778e+00 2.699055330634277716e+00 2.965138443725908068e+00 2.927298452016699137e+00 2.741362949425368623e+00 2.853662780581172065e+00 2.817774521682774758e+00 2.782453846046828883e+00
4.105006054883930666e+00 2.441832071720096309e+00 2.452319894620310858e+00 2.462768731529234589e+00 2.473131196076906679e+00 2.483392313900788295e+00 2.493534620947115421e+00 2.503540721878084518e+00 2.513422373648162900e+00 2.523146363515303303e+00 2.532732043985113091e+00 2.542157444284382617e+00 2.551442599437303116e+00 2.560564462210336067e+00 2.569533664363345515e+00 2.789945038082749296e+00 2.755067602471295451e+00 2.720670819759046122e+00 2.686765558493714234e+00 2.653297769833400821e+00 2.620266700659315884e+00
4.369405965604582498e+00 2.439269367081342121e+00 2.450680063717681545e+00 2.462014631401237885e+00 2.473288484368816764e+00 2.484454903692865813e+00 2.495508085446196400e+00 2.506427195451192524e+00 2.517218473586686489e+00 2.527859113985380546e+00 2.538357400722021762e+00 2.548700851403851608e+00 2.558926388217565684e+00 2.568969700429588610e+00 2.840727510315391502e+00 2.805186790375403749e+00 2.770201159222638765e+00 2.735747806140701677e+00 2.701799540694077795e+00 2.668333204597959529e+00 2.635271326111265466e+00
4.175365344467640405e+00 4.188179720971108466e+00 2.560418770714498748e+00 2.574987821003549282e+00 3.501713092973915753e+00 2.603470355619977639e+00 2.617356611301321134e+00 2.630998855159957461e+00 2.644387109684888770e+00 2.657528498496398051e+00 2.670433383228272728e+00 2.683104696121193733e+00 2.695551630454058323e+00 2.707748435918995167e+00 3.020505110831942730e+00 2.979906913384039235e+00 2.940044100661509674e+00 2.900847613522194557e+00 2.862328958391510803e+00 2.824399991526799880e+00 2.787048585224461750e+00
4.151213038892102247e+00 2.448014660110649832e+00 2.460543428591514203e+00 3.322650090334549056e+00 3.273550409193800803e+00 2.497841151576137175e+00 2.510076162882428186e+00 2.522227126552746057e+00 2.534265379823023689e+00 2.546157710384882922e+00 2.557908199516839343e+00 2.569556466003340311e+00 2.581077216064066260e+00 2.592452460027185879e+00 2.603726847942351874e+00 2.614859468971511891e+00 2.803712114840048120e+00 2.769237323638635839e+00 2.647547083404888646e+00 2.701799540694077795e+00 2.668764221704075901e+00
4.030492762485841318e+00 2.408580212805145671e+00 2.420049397478877484e+00 2.431506604401027172e+00 3.191607460035523314e+00 2.454366317679151255e+00 2.465709032244428833e+00 2.476981762337138182e+00 2.488146745365826362e+00 2.499232378626564888e+00 2.510220182170264103e+00 2.521079021821339250e+00 2.531859228626888392e+00 2.542498569844554801e+00 2.553064741466735565e+00 2.777026161010552663e+00 2.743484224965706098e+00 2.710471693402854765e+00 2.677904469281616961e+00 2.645815781594869520e+00 2.614138959148779584e+00
4.093867525222386838e+00 4.076246536917666141e+00 4.136419101983412894e+00 3.536493072010071792e+00 3.412208743610813055e+00 2.536229331492218186e+00 3.310138884976194795e+00 2.568383202773853569e+00 2.584250043652872364e+00 2.599976108327653357e+00 2.615548749010565555e+00 2.630998855159957461e+00 2.646276410534965873e+00 2.661455816331533164e+00 2.676471002549690947e+00 2.941238261308010138e+00 2.904546678190396136e+00 2.868496907620406766e+00 2.833081897314946751e+00 2.798298634430266496e+00 2.764036343534280959e+00
3.987350474357211461e+00 4.066777871214105389e+00 2.455192732629511543e+00 2.470129081888307709e+00 2.485001242500620933e+00 2.499785732651486736e+00 2.514475696893923917e+00 2.529066704134321331e+00 2.543540467022291196e+00 2.557890024939427409e+00 2.572108342919199764e+00 2.586218947898172527e+00 2.600195366030204180e+00 2.614073345394759329e+00 2.627803582335478172e+00 2.878243288779062770e+00 2.843029247663385384e+00 2.808436543376302552e+00 2.774444590873464289e+00 2.740977615349474483e+00 2.707994833979085580e+00
2.377722142187783660e+00 2.387707519874153750e+00 2.397777119564450388e+00 2.407914958109361958e+00 2.418035701585946828e+00 2.428127428127428544e+00 2.438202327766104460e+00 2.448203018984065338e+00 2.458158628487951525e+00 2.468038896293005102e+00 2.477805938238917260e+00 2.487526829753663460e+00 2.497128302452179760e+00 2.506624650862995018e+00 2.516048796969239110e+00 2.729047562400721993e+00 2.696461412945780456e+00 2.664366897344747631e+00 2.632683700841746965e+00 2.601438525195283180e+00 2.570583950987532784e+00
3.894189313231898986e+00 3.923350128025109740e+00 2.433926065916444337e+00 2.446782481037435453e+00 2.459557841773130082e+00 2.472240273500409646e+00 3.161777621640610825e+00 2.497311921195934481e+00 2.509662199467951549e+00 2.521873752197882901e+00 2.533944295457904783e+00 2.545894916467123181e+00 2.557690121632374414e+00 2.569354735106663679e+00 2.580861170594923593e+00 2.815160670145564037e+00 2.780471111618091573e+00 2.746362829739588118e+00 2.712798146950188727e+00 2.679717360337362297e+00 2.647087507140169826e+00
3.962213000229391380e+00 4.158321147142193475e+00 3.708342370960181267e+00 2.450962723740457427e+00 2.464233412188802319e+00 2.477420085506384151e+00 2.490522179483631859e+00 2.503522814245759953e+00 2.516426674122745677e+00 2.529208849420740535e+00 2.541870251645154788e+00 2.554405284780711050e+00 2.566844919786095858e+00 2.579152086324917104e+00 2.591344908007255476e+00 2.829069029284314141e+00 2.794603620408990352e+00 2.627212389380530588e+00 2.727368089793348993e+00 2.694500382902686120e+00 2.662089740446250019e+00
4.021549960824556180e+00 4.268502581755594605e+00 2.467290773742386367e+00 2.481002608597028036e+00 2.494600970756148950e+00 2.508097572161549937e+00 2.521485154756151204e+00 2.534765006160887069e+00 2.547893511823602797e+00 2.560874111696792355e+00 2.573744941876260128e+00 2.586453971604929070e+00 2.599008162290498802e+00 2.611450523320940409e+00 2.903662155367171316e+00 2.867413592939168865e+00 2.831758167852465036e+00 2.659797855362992625e+00 2.762215721965280757e+00 2.728226652675760366e+00 2.694729676065127144e+00
4.076557754631988217e+00 2.413504266223717831e+00 2.425522200662024730e+00 3.257080685511534401e+00 2.449556630249924538e+00 2.461529805609475208e+00 2.473410833539450682e+00 2.485243864554209203e+00 2.496950153740787659e+00 2.508600917431192734e+00 2.520108364659680245e+00 2.531556555676663933e+00 2.542875709886135649e+00 2.554079077126093722e+00 2.565186946664910206e+00 2.793374116595435552e+00 2.759648420791191104e+00 2.726452884796878973e+00 2.693755449538162594e+00 2.661511738667563076e+00 2.629689909808743398e+00
4.079318546379777644e+00 4.069723327792071466e+00 2.499839296045254233e+00 2.514729127748239979e+00 3.404953164521777875e+00 2.544115672459240862e+00 3.299944313439710619e+00 3.252685195437935661e+00 2.586942234279081987e+00 2.600871643469703010e+00 2.614630924203225515e+00 2.628214234976558927e+00 2.641592951944426559e+00 2.654836343312257707e+00 2.667883596026257464e+00 2.923406743324888257e+00 2.886082212113298961e+00 2.849379043859587846e+00 2.813295635171821907e+00 2.777777777777777679e+00 2.742808917645403355e+00
2.366999720263669449e+00 2.376492297369082962e+00 2.386082123332374572e+00 2.395749658253357506e+00 2.405410759260831366e+00 2.415064318845315139e+00 2.424662279182541624e+00 2.434239729656199724e+00 2.443740072305956357e+00 2.453196515059121730e+00 2.462551625635865715e+00 2.471803781153555146e+00 2.480996257830644591e+00 2.490075271418204839e+00 2.499062851430712939e+00 2.707902800541580390e+00 2.675660641736080869e+00 2.643858031969245737e+00 2.612496204819702239e+00 2.581563450643297841e+00 2.551002331332685724e+00
4.077232457534586629e+00 4.138102266300674792e+00 2.513124092482966532e+00 2.527344463009505660e+00 2.541403701978059093e+00 2.555293716816672056e+00 2.569016275065266974e+00 2.582536469602847440e+00 2.595871862152187681e+00 2.609032894968797311e+00 2.621993565486060884e+00 2.634745889440365474e+00 2.647308801605104733e+00 2.659704772770222103e+00 2.962738397089625941e+00 2.924302345011975390e+00 2.886538421888208195e+00 2.707478340173278486e+00 2.812899959212950218e+00 2.776948550085738265e+00 2.741517113393365346e+00
4.188438536381051236e+00 2.402215690707664386e+00 2.413949789844370919e+00 2.425660635808458032e+00 2.437363346356500315e+00 2.449025287935401529e+00 2.460578024929170216e+00 2.472100579177849866e+00 2.483495105445062912e+00 2.494814350172141815e+00 2.506014434643143662e+00 2.517112871536347551e+00 2.528107641205345146e+00 2.538948170194159193e+00 2.808673182788450351e+00 2.774615822424587375e+00 2.741093204197386335e+00 2.581311306143520667e+00 2.675604123246774879e+00 2.643570211137778792e+00 2.611942932576575949e+00
4.525166094164592145e+00 2.486943546381497061e+00 2.500173623168275849e+00 2.513317089858067455e+00 2.526333518129951550e+00 2.539180973070574776e+00 2.551900131043519870e+00 2.564431337350942197e+00 2.576821490691231897e+00 2.589023937975382772e+00 2.601072766768131928e+00 2.612940933782575748e+00 2.624616061231582975e+00 2.636153780387015644e+00 2.647528138930828057e+00 2.890989062424713651e+00 2.854159415245388409e+00 2.817927517405857341e+00 2.691399942031385883e+00 2.747097937563394154e+00 2.712439665604874151e+00
4.063164998932558447e+00 2.463366225137596288e+00 3.334861811663679010e+00 2.490315439955727683e+00 2.503668569918422016e+00 2.516884097487310790e+00 2.529990934199152441e+00 2.542947558770343619e+00 2.555783525135421286e+00 2.568438175552749225e+00 2.580969188808359238e+00 2.593342818893553225e+00 2.605542058378226056e+00 2.617602689242341629e+00 2.909204439020236510e+00 2.872596827532089225e+00 2.836577669042300354e+00 2.801179296483819137e+00 2.766310592841638716e+00 2.731991621892359223e+00 2.698135446399409609e+00
4.105090311986862694e+00 2.495390459290477203e+00 2.509043009178915096e+00 2.522562923930713463e+00 2.535943476637620542e+00 2.549174962968066449e+00 2.562241106888158093e+00 2.575107296137338686e+00 2.587792612901195000e+00 2.600305008749674851e+00 2.612635530468142786e+00 2.624783632700547820e+00 2.636736148227329490e+00 2.648508123253204172e+00 2.660114384918551345e+00 2.907265326960985607e+00 2.869902423317606921e+00 2.833142096241836771e+00 2.796968086594131542e+00 2.761335636806479865e+00 2.726224179511376633e+00
4.087967517980128029e+00 4.568327645996137498e+00 2.497662901142502001e+00 2.512825882106585418e+00 2.527878892933495436e+00 2.542839786966533122e+00 2.557617437267328153e+00 2.572292126642515164e+00 2.586797544639736213e+00 2.601164196732375089e+00 2.615350732298205028e+00 2.629409590949145947e+00 2.643312766505053535e+00 2.657063944341501838e+00 2.965368729480707621e+00 2.927849424886720175e+00 2.890969162995594477e+00 2.854735728062052225e+00 2.819124943617500989e+00 2.784061249347485667e+00 2.749538218581237814e+00
4.117005290351798408e+00 4.197921684674144949e+00 2.523393964882767015e+00 2.538411095676944562e+00 2.553263922380776929e+00 2.567982121292042397e+00 2.582500418783851615e+00 2.596837473066583968e+00 2.611002907387020677e+00 2.624951225568443736e+00 2.638729416127629346e+00 2.652316239853145241e+00 2.665731322343037224e+00 2.678957816718070539e+00 2.989910789405980651e+00 2.951107694841738294e+00 2.913007644868843116e+00 2.730117395047987117e+00 2.838725758320582493e+00 2.802513854927870085e+00 2.766801223068027671e+00
4.123994776273283591e+00 2.459557841773130082e+00 2.473428312980551880e+00 2.487243991529157316e+00 2.500982528850619779e+00 2.514616206701452139e+00 2.528143149083196928e+00 2.541547237479349519e+00 2.554804096202567543e+00 2.567943505242884505e+00 2.580933181732573356e+00 2.593779136201445734e+00 2.606514878268710422e+00 2.619098180788560715e+00 2.631560723263689283e+00 2.876769037545344077e+00 2.841030157535122225e+00 2.805895185785334700e+00 2.771311384547167300e+00 2.737232521059582702e+00 2.703658257596239789e+00
