3.307311224876492872e+00 3.363346529797148321e+00 3.419256695462855600e+00 3.475166460473456453e+00 3.531048998497573255e+00 3.587023253568053516e+00 3.643112455320318688e+00 3.699440973364024998e+00 3.756051416170496982e+00 3.813036424897048082e+00 3.870503994913051304e+00 3.928487738983003741e+00 3.987240829346092141e+00 4.046805767041167456e+00 4.107535273459160585e+00 4.169685701395819066e+00 4.233964726215182495e+00 4.301582566102141847e+00 5.001632477266885424e+00 5.037922443599422984e+00 5.066445751374444306e+00
4.548179694445018129e+00 4.659449088666574923e+00 3.394362587197017778e+00 3.449084612943724704e+00 3.503782023537170609e+00 3.558520213790312692e+00 3.613394575738835268e+00 3.668454749956739480e+00 3.723727037016605568e+00 3.779341432576548865e+00 3.835371891605416916e+00 3.891888886572288264e+00 3.949064002549570240e+00 4.007019192240200312e+00 4.065993136052265200e+00 4.126292045196652047e+00 4.188496055260682027e+00 4.253894754459616401e+00 4.451059212997092729e+00 4.880999848757750392e+00 4.936172546653686766e+00
4.600826775438451754e+00 3.283383981277725461e+00 3.335487502345264144e+00 3.387487037677151758e+00 3.439499208915182127e+00 3.491546964798223573e+00 3.543709221287269617e+00 3.596031673282894303e+00 3.648554690457996852e+00 3.701342764903045257e+00 3.754536731884360545e+00 3.808152215306001676e+00 3.862282056941071851e+00 3.917095027350944392e+00 3.972711581139209081e+00 4.029394088400808371e+00 4.087457739843705973e+00 4.147627902475442774e+00 4.211543772438552935e+00 4.846548711227609552e+00 4.876793237513377122e+00
4.405983876852750392e+00 4.469273743016759504e+00 3.299148538898364791e+00 3.348961821835230612e+00 3.398663192477624939e+00 3.448394772233525085e+00 3.498142486339753887e+00 3.547974176313445582e+00 3.597934362389592966e+00 3.648102642465291368e+00 3.698508733365433621e+00 3.749270975088176971e+00 3.800408191990991558e+00 3.852080123266563572e+00 3.904377012124118806e+00 3.957508852322432435e+00 4.011730854360335385e+00 4.067675082387656182e+00 4.126774513040608383e+00 4.444900331657947845e+00 4.405832220401756594e+00
3.167782276946808473e+00 3.216445827360766341e+00 3.264977214627097890e+00 3.313429744934938803e+00 3.361791835048080213e+00 3.410166471800011312e+00 3.458580045376570045e+00 3.507082932196396108e+00 3.555716686072048383e+00 3.604527841511683484e+00 3.653610180474555325e+00 3.702967173881738017e+00 3.752710290765552514e+00 3.802886044791083719e+00 3.853644102204146549e+00 3.905024232070011259e+00 3.957288575034967337e+00 4.746900755376380232e+00 4.789173730697919851e+00 4.821036247305384492e+00 4.747162022703817819e+00
3.145335467501694904e+00 3.192670738478622372e+00 3.239859927758016678e+00 3.286966130261768093e+00 3.333948103905684412e+00 3.380919196031214824e+00 3.427939808175286540e+00 3.474997393751954711e+00 3.522148095968176129e+00 3.569491827923036098e+00 3.617013876812854356e+00 3.664776656064168137e+00 3.712871287128712172e+00 3.761362449064883151e+00 3.810341960871252098e+00 3.859912738401306775e+00 3.910162306035369628e+00 3.961414433448237293e+00 4.714528373834366626e+00 4.068628803133534255e+00 4.785212326706952624e+00
3.117746908234315661e+00 3.163186015967212050e+00 3.208436793795162334e+00 3.253518299309837936e+00 3.298500235105867873e+00 3.343433288057674257e+00 3.388283454112960946e+00 3.433175687510947593e+00 3.478091501631225047e+00 3.523097009512361488e+00 3.568242640499553975e+00 3.613545235332133121e+00 3.659109110491286732e+00 3.704974271012007492e+00 3.751172241325413825e+00 4.260465627662791022e+00 4.223922388832494157e+00 3.893187616882530122e+00 3.942344934432578718e+00 3.993335261150356530e+00 4.048752565373392009e+00
4.431979502094803181e+00 3.256222215930005159e+00 3.306604943374390260e+00 3.356878103363871269e+00 3.407131334482950358e+00 3.457360374501275757e+00 3.507613584781083649e+00 3.557998869812123655e+00 3.608530009784667758e+00 3.659311220967162548e+00 3.710320186890201821e+00 3.761729280882752491e+00 3.813565198097378151e+00 3.865934900417659303e+00 3.919034129974422687e+00 3.972983710766786025e+00 4.028169405358854149e+00 4.085221882941081795e+00 4.146166178340426889e+00 4.510412112885206604e+00 4.457611543156537515e+00
3.189615720645134100e+00 3.239681270506492350e+00 3.289634850531591326e+00 3.339478902146310713e+00 3.389314666740447457e+00 3.439167996478292189e+00 3.489110486172655179e+00 3.539159761835366513e+00 3.589425001725684794e+00 3.639884897224759719e+00 3.690653593860980575e+00 3.741814780168381649e+00 3.793417386266449753e+00 3.845519969235840385e+00 3.898288856365153432e+00 3.951884078067043227e+00 4.006493282216005980e+00 4.769724514339835686e+00 4.120624411952557686e+00 4.839099927413501590e+00 4.782335419342496508e+00
3.121748178980228161e+00 3.167809424585017020e+00 3.213726805276100773e+00 3.259542831779848715e+00 3.305352605375329045e+00 3.350995874086330151e+00 3.396715583992457432e+00 3.442506695675522366e+00 3.488355868112241076e+00 3.534352520478454274e+00 3.580527439234317821e+00 3.626928549507574484e+00 3.673591039210385656e+00 3.720648219600925621e+00 3.768155659084680309e+00 3.816184786605884671e+00 3.864867662790296254e+00 3.914496218317045972e+00 3.965355316706668187e+00 4.018317987515501954e+00 4.076133890635254886e+00
4.219993081978554272e+00 3.135276740426954589e+00 3.179386516636485194e+00 3.223387780557365634e+00 3.267246892639657840e+00 3.311098387908971930e+00 3.354930699712733944e+00 3.398735387208009051e+00 3.442625208278824456e+00 3.486604465642999529e+00 3.530731207510072522e+00 3.575013406300273644e+00 3.619531549089896938e+00 3.664396584505824617e+00 3.709562271651944521e+00 4.187458561607983576e+00 4.156757456609584622e+00 3.848532746890247935e+00 3.896817830725016307e+00 3.947368421052630971e+00 4.010066650073287775e+00
4.681838537637910136e+00 3.422361289601608902e+00 3.482160889761749534e+00 3.541986429330425068e+00 3.601881290304705274e+00 3.661991294133905228e+00 3.722366597963727042e+00 3.783110817633422940e+00 3.844252842001208315e+00 3.906009086610612080e+00 3.968392104988338609e+00 4.031641434152173353e+00 4.095885370747047283e+00 4.161435972839694131e+00 4.228622924681985751e+00 4.298093587521663927e+00 4.371053909664885495e+00 4.994831736605873651e+00 5.038435089296047664e+00 5.071445704691086576e+00 5.099755349574445873e+00
4.222008430174209792e+00 4.317909574616262347e+00 3.262434485350960145e+00 3.310651846216699390e+00 3.358780762583181811e+00 3.406894441895067516e+00 3.455019106255657224e+00 3.503204401673295720e+00 3.551532033426183954e+00 3.600011076957159606e+00 3.648730517155917674e+00 3.697734614284418520e+00 3.747111601473864351e+00 3.796926560536816098e+00 3.847342928789804883e+00 3.898445494858925109e+00 3.950514606507952831e+00 4.003976362732644567e+00 4.059921691679913458e+00 4.349807365673806103e+00 4.315511867657636280e+00
3.216820549323440748e+00 3.268314731754806690e+00 3.319708695561964351e+00 3.371057067180351474e+00 3.422385192945696097e+00 3.473766118274788539e+00 3.525264394829612069e+00 3.576882334328440383e+00 3.628725549717029430e+00 3.680862294080062380e+00 3.733329646094176724e+00 3.786209935014869465e+00 3.839613844550490374e+00 3.893655391004973154e+00 3.948462177888611535e+00 4.004252792621127988e+00 4.061346990473043483e+00 4.120284369456820528e+00 4.182207108380868732e+00 4.848468293748890545e+00 4.877043549938177236e+00
4.552620134811916408e+00 4.673842526386282614e+00 4.686229377144983665e+00 3.511778505106125436e+00 3.569953590603322180e+00 3.628244487859335621e+00 3.686751346012048014e+00 3.745522398223941174e+00 3.804674907823102803e+00 3.864280933223845249e+00 3.924430613312770877e+00 3.985295633352801570e+00 4.047001032683021471e+00 4.109808510786505664e+00 4.174000153046672601e+00 4.240145138082758614e+00 4.309296264118157360e+00 4.527773775957521174e+00 4.682421638296700550e+00 4.917025199754148090e+00 4.965962465600363807e+00
4.006271887713869440e+00 3.135254896223062637e+00 3.179540349058233684e+00 3.223704035937291934e+00 3.267792084990404966e+00 3.311852291387803682e+00 3.355798540227634685e+00 3.399897309224128694e+00 3.443976828923895006e+00 3.488234186090316769e+00 3.532614342414229558e+00 3.577202215113679529e+00 3.622027499547246343e+00 3.667210982259001550e+00 3.712769175765243013e+00 3.758822792387687350e+00 3.805562917507628207e+00 3.853193333975531765e+00 3.902303055642660112e+00 4.095089363178900044e+00 4.050445205714560792e+00
3.322940307265926485e+00 3.380336101989569464e+00 3.437654694461250493e+00 3.494963757225836964e+00 3.552323637579405169e+00 3.609807569488795664e+00 3.667540879241027341e+00 3.725520518479988219e+00 3.783870899930629417e+00 3.842696475012179924e+00 3.902051657687383379e+00 3.962127525856296906e+00 4.023000464725915215e+00 4.084967320261438495e+00 4.148201409005745077e+00 4.213260027213515002e+00 4.280821917808219190e+00 4.352692451187662570e+00 5.011395776697695759e+00 5.043108212667182677e+00 5.070924415815802000e+00
3.292653879026495201e+00 3.347887343590887355e+00 3.402990464681819649e+00 3.458077723754918509e+00 3.513122545980574163e+00 3.568242640499553975e+00 3.623516622882507310e+00 3.678920479786761177e+00 3.734646453469071758e+00 3.790697347915818138e+00 3.847176172689246165e+00 3.904189812119426506e+00 3.961856881335555247e+00 4.020323428088198092e+00 4.079826296209218661e+00 4.140672445205101582e+00 4.203388896162511656e+00 4.269090408317840257e+00 4.340905802344088293e+00 5.007236485605909948e+00 5.036149897897234773e+00
4.577293848394479170e+00 4.701750019014429682e+00 4.577389085007663283e+00 3.443739625734377530e+00 3.498950314905528103e+00 3.554254651892117867e+00 3.609732393877338907e+00 3.665486333960384702e+00 3.721520034182850711e+00 3.777991482346476193e+00 3.834933504992261710e+00 3.892511086705684686e+00 3.950815808808239904e+00 4.010011200376110807e+00 4.070312931177216598e+00 4.132117572518663629e+00 4.195958122962208492e+00 4.263043538051101145e+00 4.886004693317183900e+00 4.919208827246951188e+00 4.947844298795572193e+00
3.206781646054960966e+00 3.257419292239025044e+00 3.307926619161164705e+00 3.358334266203963026e+00 3.408719365004278412e+00 3.459082512954264388e+00 3.509544584979149118e+00 3.560110014380051702e+00 3.610810210260255726e+00 3.661763588251957025e+00 3.712973404109023878e+00 3.764561533152541273e+00 3.816582007938490673e+00 3.869113420296263595e+00 3.922310240731790465e+00 3.976281827694453597e+00 4.031293771992757513e+00 4.087655971788245246e+00 4.851582572568741369e+00 4.852181748864936139e+00 4.823730034173749459e+00
4.691898654989051565e+00 4.778809393773894243e+00 3.709581023432186431e+00 3.593815872226023167e+00 3.656534157548328778e+00 3.719520595123294360e+00 3.782824600740057885e+00 3.846550125356321015e+00 3.910833007430582153e+00 3.975816070522750767e+00 4.041594169144141269e+00 4.108350907945550468e+00 4.176365877036833929e+00 4.245935543959129532e+00 4.317608880346522682e+00 4.392225760404084411e+00 4.471687339621214008e+00 5.022981862218919069e+00 5.073845014604446035e+00 5.108627367054876522e+00 5.137408554127736338e+00
3.119562429376572688e+00 3.165536452910886478e+00 3.211371045999399154e+00 3.257080685511534401e+00 3.302759868715295255e+00 3.348354423315708317e+00 3.393986410201353277e+00 3.439641176632453501e+00 3.485389248271247187e+00 3.531269041156594124e+00 3.577325261419922686e+00 3.623617624718646457e+00 3.670182193383977332e+00 3.717088280846669868e+00 3.764430316212146188e+00 3.812296388715602724e+00 3.860790910595112813e+00 3.910135482764533599e+00 3.960643708830150711e+00 4.012924384050701399e+00 4.707070155810844092e+00
3.083024446982489675e+00 3.126606728457679729e+00 3.169965268206626607e+00 3.213143152512538236e+00 3.256200637383954266e+00 3.299218015134284698e+00 3.342129632853134247e+00 3.385006493685926099e+00 3.427939808175286540e+00 3.470920626987102242e+00 3.513969752299582527e+00 3.557179923555505940e+00 3.600559471548656187e+00 3.644164523714572113e+00 3.688059732650462497e+00 3.732297505581166686e+00 4.118163848012298622e+00 4.056934607715051655e+00 3.868204738550804489e+00 3.915235158811725569e+00 3.964004061365564713e+00
3.191341751075343680e+00 3.241356956158922831e+00 3.291201288470291697e+00 3.340966513771046031e+00 3.390721877767935766e+00 3.440493229109324869e+00 3.490279571393668512e+00 3.540216161433857422e+00 3.590317190714887641e+00 3.640634981693787520e+00 3.691219077334522147e+00 3.742177808885592594e+00 3.793574374749968392e+00 3.845467155590347907e+00 3.897968953019216531e+00 3.951281393623879978e+00 4.005552524534009784e+00 4.796656045499708476e+00 4.834421078075900269e+00 4.865246380188168018e+00 4.892671329635116528e+00
4.486192878686441787e+00 4.608199844559228708e+00 4.569573461008578974e+00 3.415752894676305385e+00 3.469547779142466482e+00 3.523434361941271131e+00 3.577497540470440551e+00 3.631728977085845411e+00 3.686264145169255269e+00 3.741166689760288211e+00 3.796533905156958433e+00 3.852424619745051793e+00 3.908955623066952434e+00 3.966300125827452394e+00 4.024619569365706084e+00 4.084232095141841157e+00 4.145621877828522983e+00 4.209697241290339953e+00 4.832298813024066497e+00 4.867214171133992018e+00 4.896247819100882914e+00
4.590361610874359677e+00 4.676914611919253950e+00 4.662132514260640015e+00 3.554502369668246065e+00 3.615027390784461669e+00 3.675705666134960747e+00 3.736662191898362018e+00 3.797922881449563359e+00 3.859673306223723177e+00 3.921973371865000946e+00 3.984939676258004493e+00 4.048721907702865330e+00 4.113533525298231019e+00 4.179656719997259628e+00 4.247448105775158744e+00 4.317552564489158584e+00 4.391291520004390492e+00 4.472702751056246484e+00 5.025990567661536623e+00 5.064226713111556144e+00 5.093551563720329689e+00
4.083129753558898400e+00 4.196073575742567563e+00 3.887673990766774335e+00 3.269587962351042432e+00 3.315626964336286786e+00 3.361627027481300711e+00 3.407619437061269352e+00 3.453611095761727867e+00 3.499660532928305479e+00 3.545881663018499275e+00 3.592226973479693442e+00 3.638806471477355142e+00 3.685674547983309957e+00 3.732916721393069182e+00 3.780614384206655298e+00 3.828883706359427652e+00 3.877928355273636107e+00 4.227378411733020869e+00 3.980141190271697216e+00 4.193160336827633117e+00 4.171995650181584026e+00
3.340873499216982623e+00 3.398977532064844098e+00 3.457009616130830132e+00 3.515035391581834645e+00 3.573097325674078117e+00 3.631281088562150039e+00 3.689651571582721168e+00 3.748308055391663007e+00 3.807361360127927252e+00 3.866842515933462732e+00 3.926890935771220725e+00 3.987631346979893632e+00 4.049194278968896832e+00 4.111842105263157521e+00 4.175879844191761947e+00 4.241723508042171353e+00 4.310285847210629129e+00 4.383441549546587268e+00 5.067051670044700806e+00 5.098912002425428192e+00 5.126382414457764547e+00
4.372898958703435035e+00 3.197064260991645757e+00 3.244142911547738262e+00 3.291086058399271597e+00 3.337922977427295379e+00 3.384702526093293251e+00 3.431468668590156312e+00 3.478260869565217739e+00 3.525142560912389644e+00 3.572140055368170586e+00 3.619330006333827399e+00 3.666703564312596253e+00 3.714429181656222045e+00 3.762458869483721990e+00 3.810949203511615924e+00 3.859992555728641861e+00 3.909759995610094130e+00 3.960477169214801307e+00 4.012535715026945837e+00 4.066946068159258409e+00 4.127569411958944556e+00
4.405070725857764380e+00 4.513900762575658199e+00 3.332176327664005289e+00 3.384258363952813653e+00 3.436377917414721317e+00 3.488501897745031943e+00 3.540763034433920264e+00 3.593195041390842448e+00 3.645869161450093099e+00 3.698818471759869553e+00 3.752136633360663609e+00 3.805938648268989866e+00 3.860285247506324957e+00 3.915319201549642081e+00 3.971212195104958376e+00 4.028253335463213958e+00 4.086834850311014122e+00 4.148000663680105227e+00 4.290793183768542463e+00 4.696657205284759939e+00 4.762496376361452732e+00
4.614261511549427652e+00 4.976706249913598334e+00 3.468200073525841365e+00 3.526702671304395853e+00 3.585212054748296850e+00 3.643863870745961187e+00 3.702713265998806680e+00 3.761815520566870852e+00 3.821302021816160632e+00 3.881234232485930136e+00 3.941745155802663270e+00 4.002953903915303258e+00 4.065012642878303772e+00 4.128154714842465545e+00 4.192699204761805909e+00 4.259090066015896348e+00 4.328201323192975458e+00 4.402044199275038316e+00 5.104784203755759364e+00 5.135860633285854959e+00 5.073671075275452580e+00
4.403808245606676941e+00 3.242855368650557679e+00 3.291915895050919083e+00 3.340780489841939538e+00 3.389519323790894934e+00 3.438174741793076805e+00 3.486798979065258930e+00 3.535455068525437561e+00 3.584204685658356038e+00 3.633048401801443728e+00 3.682089759622064307e+00 3.731394850675106234e+00 3.781004234724743007e+00 3.830998248686515506e+00 3.881503250758972179e+00 3.932661791085966474e+00 3.984693281669724030e+00 4.037900570179408177e+00 4.093129093129093121e+00 4.152622727304186689e+00 4.269296185865875337e+00
4.261402688807632622e+00 4.340336647361210609e+00 3.265746578065542582e+00 3.313955896770274023e+00 3.362121498665657793e+00 3.410237672686780019e+00 3.458340826405124080e+00 3.506504221556062895e+00 3.554774899107124408e+00 3.603229047569552979e+00 3.651873135305344409e+00 3.700810066203379378e+00 3.750130212854613454e+00 3.799864586643821429e+00 3.850146786846248226e+00 3.901134115417839610e+00 3.953035168142698286e+00 4.006271887713869440e+00 4.061794349286776296e+00 4.337886967059600529e+00 4.302602733177163685e+00
3.313546058290210095e+00 3.370361454070227136e+00 3.427124642425005252e+00 3.483859279955964006e+00 3.540658562492623673e+00 3.597604418704721585e+00 3.654693522917686455e+00 3.712080070941974341e+00 3.769834469995544612e+00 3.828004287364801694e+00 3.886702618665888842e+00 3.946056712450154436e+00 4.006244215121499863e+00 4.067394661372159881e+00 4.129813814227208724e+00 4.193868564159198620e+00 4.260260700469315154e+00 4.330402864939546070e+00 5.029497322132506554e+00 4.999452114836729244e+00 5.086714738412257297e+00
4.567600487210717652e+00 4.682346873685209410e+00 3.385988916068935595e+00 3.440706308190944807e+00 3.495452416406255480e+00 3.550271143256920947e+00 3.605252575675638393e+00 3.660450939398419035e+00 3.715911671403307359e+00 3.771747553507381667e+00 3.828030930489918049e+00 3.884869128471234667e+00 3.942399468813544416e+00 4.000744966304070616e+00 4.060145201802979109e+00 4.120935727139109161e+00 4.183641276765015959e+00 4.249427698043891866e+00 4.322203088660048209e+00 4.907008728946513187e+00 4.936951021331742240e+00
4.216826497993606537e+00 4.125497638152602065e+00 3.228443272130291142e+00 3.274918998014144211e+00 3.321247682045888716e+00 3.367593924299294716e+00 3.413896649504287950e+00 3.460255505266508713e+00 3.506672992429711311e+00 3.553264125966696607e+00 3.600036000360003374e+00 3.647023203324983864e+00 3.694358087856017381e+00 3.742048147686166892e+00 3.790228102818550937e+00 3.839039542107283154e+00 3.888645848523355930e+00 4.251048824341087773e+00 3.992593051511333258e+00 4.215210691432757173e+00 4.195892221515136633e+00
4.576246507145184772e+00 3.273983671877176427e+00 3.326103677423378091e+00 3.378215337097630222e+00 3.430339603620758293e+00 3.482583667365458879e+00 3.534891458038758483e+00 3.587443946188340949e+00 3.640284903807188499e+00 3.693431267334736035e+00 3.746981598157039794e+00 3.801046324388203779e+00 3.855671693060491734e+00 3.911047680474265320e+00 3.967303943363316598e+00 4.024693884511750142e+00 4.083581924266858287e+00 4.144676853361333180e+00 4.783295898843689109e+00 4.816040807466897888e+00 4.844597591347957533e+00
4.572822193430377880e+00 4.244688919970217356e+00 3.313795745914711155e+00 3.364572453964938425e+00 3.415324351262624347e+00 3.466057395081028059e+00 3.516853312737904691e+00 3.567801959546614832e+00 3.618926988148014168e+00 3.670258441594415721e+00 3.721930441255530742e+00 3.773973307716060432e+00 3.826459620415205265e+00 3.879540274477474515e+00 3.933313091722101085e+00 3.987981050214182588e+00 4.043865661411925494e+00 4.101409077321988228e+00 4.161840088231009815e+00 4.816628902487008368e+00 4.848832524056354565e+00
4.583938158507025129e+00 4.723187476805775553e+00 3.357089403487176327e+00 3.409952886977459130e+00 3.462795722754722583e+00 3.515689626647548582e+00 3.568634448302840045e+00 3.621724776776385823e+00 3.675042991068952158e+00 3.728665700496686330e+00 3.782616470199859471e+00 3.837035615912734343e+00 3.891997081002189329e+00 3.947641803448992182e+00 4.004142216085605277e+00 4.061710462002353417e+00 4.120765913024367677e+00 4.182092417386535033e+00 4.247710004727290212e+00 4.886623546738517732e+00 4.919040787046525587e+00
4.287423327732022393e+00 4.423249706268573611e+00 3.288549681079192322e+00 3.337922977427295379e+00 3.387229453688277658e+00 3.436496972446166698e+00 3.485802327121633404e+00 3.535160988458739162e+00 3.584674139333526632e+00 3.634355845372136962e+00 3.684316628780769154e+00 3.734568968498218844e+00 3.785219749211985896e+00 3.836361734035503179e+00 3.888105867568336649e+00 3.940682360261329453e+00 3.994297795560819431e+00 4.049527783878761333e+00 4.107834127050435491e+00 4.409930612498018654e+00 4.376906347881988069e+00
3.313704238089649312e+00 3.370620826223429400e+00 3.427508201537482257e+00 3.484369120127109198e+00 3.541322371436109506e+00 3.598416696653472080e+00 3.655727075832195361e+00 3.713330857779427951e+00 3.771282030183969791e+00 3.829714481107881596e+00 3.888672851508249817e+00 3.948325425137671374e+00 4.008791694889482393e+00 4.070312931177216598e+00 4.133113819066054795e+00 4.197690582033883011e+00 4.264744321699294183e+00 4.335946371914078945e+00 4.998082927096454853e+00 5.029037524886846633e+00 5.056751788655109436e+00
4.228505673822777311e+00 3.124778069739365449e+00 3.168262277016322681e+00 3.211595255217096323e+00 3.254825105089299786e+00 3.297921607701699731e+00 3.341060957316241531e+00 3.384141498553106420e+00 3.427268467031775678e+00 3.470486978732855832e+00 3.513800278348100381e+00 3.557279169689191445e+00 3.600958408930376997e+00 3.644891306590375635e+00 3.689137925033933119e+00 4.155153429040366220e+00 4.124249902049064609e+00 4.094892304332396371e+00 4.036973105406759466e+00 3.919564928292958328e+00 3.970644613615203600e+00
4.537672998783078171e+00 4.643635146854961704e+00 4.688073269829191148e+00 3.517095844309890307e+00 3.575849264200247735e+00 3.634767580616401261e+00 3.693894619459157536e+00 3.753336298932384185e+00 3.813142167805987359e+00 3.873475683564703953e+00 3.934399072310113432e+00 3.996086591062545601e+00 4.058692825744494748e+00 4.122408035947397131e+00 4.187604690117252559e+00 4.254814566811051080e+00 4.324962585641124235e+00 4.400772885738057028e+00 4.955401387512388567e+00 4.994458203910729033e+00 5.024204444384094081e+00
3.526540745651775222e+00 3.188289274872122103e+00 3.235107954145860720e+00 3.281824973989791783e+00 3.328456220399275800e+00 3.375027551245316282e+00 3.421644344510704983e+00 3.468248187840321073e+00 3.514986939411274047e+00 3.561850486087831058e+00 3.608930715470514805e+00 3.656206237625811095e+00 3.703805317018298737e+00 3.751745603857350453e+00 3.800179644855937955e+00 3.849114703618167432e+00 3.898825478824503588e+00 3.949392347879106868e+00 4.001324576411501965e+00 4.055373025583217661e+00 4.114154061355751679e+00
4.548493139356180492e+00 3.322420106179009736e+00 3.375980929152628374e+00 3.429427285643297907e+00 3.482815786907399236e+00 3.536190482794006495e+00 3.589672787518983554e+00 3.643262713612053894e+00 3.697038184126451910e+00 3.751094069103488415e+00 3.805464647233426589e+00 3.860311858050818223e+00 3.915668858067308022e+00 3.971732223074394330e+00 4.028617073001320215e+00 4.086636697997548140e+00 4.146275149537791194e+00 4.208463841706566733e+00 4.276510918898039471e+00 4.495221234041964387e+00 4.933128699846524690e+00
3.223613670925106867e+00 3.274759270355763974e+00 3.325688867949366134e+00 3.376500960192459821e+00 3.427239701144697559e+00 3.477946342243831701e+00 3.528703581980086490e+00 3.579492262789800705e+00 3.630448290547569012e+00 3.681603789967976770e+00 3.732994137816612934e+00 3.784750894577484370e+00 3.836877877658408043e+00 3.889537145079735136e+00 3.942808524767063005e+00 3.996885186027441250e+00 4.052002994361535215e+00 4.108575967569640497e+00 4.167419117340630308e+00 4.230734552617160027e+00 4.953867112514706683e+00
4.557978162522534404e+00 4.764337895129328260e+00 3.392417945890933151e+00 3.446849579484351445e+00 3.501256333154837641e+00 3.555667105896132885e+00 3.610208558971367498e+00 3.664903364104691530e+00 3.719802437159448250e+00 3.775035348058258577e+00 3.830670436975023740e+00 3.886756571047827791e+00 3.943463190884372693e+00 4.000898447370636823e+00 4.059279237130708040e+00 4.118898881032469816e+00 4.180258216605904131e+00 4.244365946493605435e+00 4.314182017393686230e+00 4.960590861489278858e+00 4.994048189144443484e+00
4.300370650994204347e+00 3.642272778213605289e+00 3.402919566093031367e+00 3.457790260322208820e+00 3.512638611474619310e+00 3.567532708100356942e+00 3.622557386185516926e+00 3.677720645891014328e+00 3.733123172325113703e+00 3.788862148565494081e+00 3.844991898052786627e+00 3.901624307803932545e+00 3.958855682346976490e+00 4.016898677193711187e+00 4.075880459261919775e+00 4.136105443114764135e+00 4.198152812762384833e+00 4.262926292629262370e+00 4.333321869518863778e+00 5.017147648469769905e+00 5.046888320545609652e+00
4.639535769435846113e+00 4.714853839530974255e+00 3.505612416741705317e+00 3.566823058139215519e+00 3.628117913832199726e+00 3.689651571582721168e+00 3.751458900683599218e+00 3.813670970336573873e+00 3.876371439449001421e+00 3.939674596701732145e+00 4.003727608463051979e+00 4.068656860514029638e+00 4.134737306356469411e+00 4.202143782204953659e+00 4.271443334481570986e+00 4.343329886246121596e+00 4.419431688706279893e+00 4.779135659179353901e+00 4.970145087386042881e+00 5.020114843723137099e+00 5.051401422583858825e+00
4.407197504424412493e+00 4.497802996228764449e+00 4.580538862795768829e+00 3.458173392813915559e+00 3.513703443429374129e+00 3.569279005640860536e+00 3.624981700813529439e+00 3.680862294080062380e+00 3.736998359872942377e+00 3.793548209100376933e+00 3.850464462275761779e+00 3.907964019306713332e+00 3.966127876312475653e+00 4.025150249142920522e+00 4.085245455164431050e+00 4.146825259694931987e+00 4.210497252823103942e+00 4.278015828658565667e+00 4.510130446849847097e+00 4.681647940074905812e+00 4.882308850732002270e+00
