3.387509968453813247e+00 3.612716763005780152e+00 3.988063313943093657e+00 4.134708813131835470e+00 3.737885851762242861e+00 3.926999152594919718e+00 3.964456596035542901e+00 4.243242115221413258e+00 4.300165180948219756e+00 3.721596978614600815e+00 4.401136043241161033e+00 4.445648474239551007e+00 4.486688340822651000e+00 4.524571905888904233e+00 4.559679993367738327e+00 4.592438241987223613e+00 4.622985206447339124e+00 4.651703686475171295e+00 4.678748847514070164e+00 4.704310239033502761e+00 4.728521206389671327e+00
4.293331486739145220e+00 3.842670106771334027e+00 4.190884482734929861e+00 4.274122943078332959e+00 3.511803170455901846e+00 3.670182193383977332e+00 4.098958586623499656e+00 4.158638184615811362e+00 4.214307920826279918e+00 4.265830013554331224e+00 4.313343536941699696e+00 4.357061162246064434e+00 4.397325876201534811e+00 4.434468784750884573e+00 4.468889652801649959e+00 4.500886328384666513e+00 4.530726563787138339e+00 4.558735158208831351e+00 4.585084105497994500e+00 4.609943717403568897e+00 4.633503689513759127e+00
3.334097397320218814e+00 3.428011753183153765e+00 3.592251789217717484e+00 3.628620918657273542e+00 3.647100905462936193e+00 3.907040347168442285e+00 4.043948813203835257e+00 4.104747592809038892e+00 4.162061107244715785e+00 4.215647654786832454e+00 4.265360457356714541e+00 4.311303960836670335e+00 4.353711879511023675e+00 4.392889010913584080e+00 4.429180805974624491e+00 4.462937024525554186e+00 4.494413098794113992e+00 4.523956405511001755e+00 4.551755529348477936e+00 4.578024097054110619e+00 4.602944510473416351e+00
3.306103894314878389e+00 3.691373330175931944e+00 4.240911111871130679e+00 3.943545039435450317e+00 3.576242744353663294e+00 3.819444444444444198e+00 3.964500333852659875e+00 4.022554044400673767e+00 4.077260633703050807e+00 4.128393023015791030e+00 4.175822671294299404e+00 4.219642783027351740e+00 4.260055792988771906e+00 4.297349285821475462e+00 4.331832089937084795e+00 4.363878171604313572e+00 4.393734395268714898e+00 4.421630061557380920e+00 4.447881097873913170e+00 4.472610421870376385e+00 4.496029659961818581e+00
3.231585233060521922e+00 3.648405927256398229e+00 3.684372121584280180e+00 3.507903099335562214e+00 3.659678089085010466e+00 3.665891987605134794e+00 3.585489798592005783e+00 3.801466674960775727e+00 4.124448355032513724e+00 4.178854993731717649e+00 4.229649147136319343e+00 4.276717412448006961e+00 4.320276497695853202e+00 4.360525477927435389e+00 4.397809341221903701e+00 4.432470617567819460e+00 4.464807017302843128e+00 4.495096886626740229e+00 4.899220954865064037e+00 4.550579349878424829e+00 4.576151318070251328e+00
3.209936847981577746e+00 3.489305279318887454e+00 3.440431387968319488e+00 3.426629019435839307e+00 3.587122231190027488e+00 3.533813747228380819e+00 3.953940066592674274e+00 4.014007502041606834e+00 4.070790354296752511e+00 4.124278251306021659e+00 4.174261503568993170e+00 4.220701861874126770e+00 4.263629861913406316e+00 4.303344114829878997e+00 4.340068476635964068e+00 4.374210212045047008e+00 4.406014209395824999e+00 4.435788496059771546e+00 4.820637839252388090e+00 4.490193010266214202e+00 4.515228634759051118e+00
3.203855770771084188e+00 3.540953557964020781e+00 3.691116249268740823e+00 3.789447091599356998e+00 3.559960910233141984e+00 3.615731212104355219e+00 3.877042370534478088e+00 3.934263291943042251e+00 3.988310125494241021e+00 4.039214612372319380e+00 4.086748038360941138e+00 4.130837389586158537e+00 4.171653274063942263e+00 4.209335063071020677e+00 4.244186855544577419e+00 4.276481421447243747e+00 4.306573334791644392e+00 4.334663547543691209e+00 4.361038619419773887e+00 4.385874742158535788e+00 4.409383719728547035e+00
3.323731442499445965e+00 3.852619781451386949e+00 4.213492847423207621e+00 3.633895330101680088e+00 3.628826842153010546e+00 3.785740835065596332e+00 3.964858830157968139e+00 4.023056274233711704e+00 4.077936978594286721e+00 4.129245380406730170e+00 4.176880623382314361e+00 4.220898290190216784e+00 4.261490559423736002e+00 4.298987657745112045e+00 4.333649758553798748e+00 4.365843855248020766e+00 4.395815732899246875e+00 4.423861201354807093e+00 4.450256403234309488e+00 4.475135458907929298e+00 4.498674621246202321e+00
3.259542831779848715e+00 3.349405829361729037e+00 3.754040807813966651e+00 3.484177734054763498e+00 3.562124143518679897e+00 3.709631990767137566e+00 3.914109334120732697e+00 3.929408520612160061e+00 4.148717700504069406e+00 4.203707532216938603e+00 4.254968705391457107e+00 4.302537803346264234e+00 4.346506236891489294e+00 4.387197608977302821e+00 4.424870537967462880e+00 4.459905450004460370e+00 4.492638199677346122e+00 4.523305302547441897e+00 4.552163657180692269e+00 4.579485293607454821e+00 4.605412390621455465e+00
3.366124422950099060e+00 3.283911627841980874e+00 3.594138789051700478e+00 3.611738148984198649e+00 3.546592489568845874e+00 3.622077958262516884e+00 3.716602199677894625e+00 3.940219269746028541e+00 3.995618597537871963e+00 4.048082992562505034e+00 4.097279128876789578e+00 3.456834507504787268e+00 4.185501423070484783e+00 4.224757076468102390e+00 4.261080527549260033e+00 4.294788758736777012e+00 4.326150550039140619e+00 4.355460918380044788e+00 4.382974578747442784e+00 4.408901912106844456e+00 4.433470657244972912e+00
3.180397687989158673e+00 3.685725809816547738e+00 3.518017769438772646e+00 3.749557343924675212e+00 3.595207312098564145e+00 3.541293525562010380e+00 3.692247673187314838e+00 3.848091346692040560e+00 3.901106939093966997e+00 3.951411266972333358e+00 3.998759005825777368e+00 4.042938798271294765e+00 4.084005925269612369e+00 4.121982743563768814e+00 4.157111084936707890e+00 4.189680816149822462e+00 4.219963888177875155e+00 4.248175682620165539e+00 4.274623902042166357e+00 4.299490203304464409e+00 4.323003870117750225e+00
4.159762143436780413e+00 3.598665725477169008e+00 3.697009530069010896e+00 3.963011889035667146e+00 3.830110237536472617e+00 4.166325164603994047e+00 4.104893717460164737e+00 3.809075295030194930e+00 3.799024686753146085e+00 4.405953544727312376e+00 4.455381072170318646e+00 4.500886328384666513e+00 4.542826464029073641e+00 4.581603834870791481e+00 4.617600639572147614e+00 4.651162790697674687e+00 4.682582857615049221e+00 4.712110817759112891e+00 4.739946235466986124e+00 4.766312531948108777e+00 4.791337262229888871e+00
3.945483114024462168e+00 3.354414899192843524e+00 4.109064317303339209e+00 4.013590849012864226e+00 3.724343412050319824e+00 3.473002512819465259e+00 3.894080996884735413e+00 3.954406388100705882e+00 4.008847110865358054e+00 4.060061382622937032e+00 4.107844613931070477e+00 4.152134196977246283e+00 4.193102689772265634e+00 4.230955581790513342e+00 4.265976771068420881e+00 4.298404814213391489e+00 4.328647400750298857e+00 4.356876603572638729e+00 4.383411527002500030e+00 4.408411800767338740e+00 4.432040885577168687e+00
3.385684772019042832e+00 3.457312561799461559e+00 3.515907759125848742e+00 3.718009625513807315e+00 3.679476696647587808e+00 3.695594572356952767e+00 3.674125835343703628e+00 4.102949255558105968e+00 4.160916511210202451e+00 3.934915123190456665e+00 4.265947418757783716e+00 4.312803461372584302e+00 4.356063225146238338e+00 4.396087482140893954e+00 4.433146079090096059e+00 4.467630300156023360e+00 4.499795778499283472e+00 4.529980232813529462e+00 4.558388816752768413e+00 4.585275707070355367e+00 4.610768553182118090e+00
4.306455581986710968e+00 4.221190375685942797e+00 4.245325007018481145e+00 4.292872424276544585e+00 3.991233291086945467e+00 4.189183528130367762e+00 4.139301285942932118e+00 4.199337743785323873e+00 4.254997906815546571e+00 4.306392909732448260e+00 4.353711879511023675e+00 4.397174815181245755e+00 4.437203175373523045e+00 4.474149739466819042e+00 4.508381491044715084e+00 4.540232652527739887e+00 4.570004154549232034e+00 4.597858907493823644e+00 4.624088782504624184e+00 4.648871434419688420e+00 4.672319256826395595e+00
3.186632768283304884e+00 3.605952595592416099e+00 3.991820270043139107e+00 3.915695757309298752e+00 3.766143058655966325e+00 3.795297896998325982e+00 3.568560977785707689e+00 3.820100550503775505e+00 3.872672074576599233e+00 3.922667413841411932e+00 3.969856469154898981e+00 4.014035281985978365e+00 4.055093337062155356e+00 4.093132406011446456e+00 4.128336211701080671e+00 4.488574537540804599e+00 4.191231942775712760e+00 4.219467655359415481e+00 4.245906466789478806e+00 4.270766602605167606e+00 4.294253319388553258e+00
3.648680279227305867e+00 3.530437912749726515e+00 3.602729760626320221e+00 3.841989451992594784e+00 3.797949107481959796e+00 4.092759976969553293e+00 4.090620888073793537e+00 4.058356365671902388e+00 4.321195119107226645e+00 4.375260635643333451e+00 4.425079991830621395e+00 4.471010654762315184e+00 4.513376005251928724e+00 4.552509053285048957e+00 4.588852512910428949e+00 4.622737068232958713e+00 4.654410053525715796e+00 4.684195661608193895e+00 4.712310056342837505e+00 4.738913346565660767e+00 4.764173415912339671e+00
3.625841090541435552e+00 3.541150248922031896e+00 4.215531122367885075e+00 3.914969607472783775e+00 3.822869098011412170e+00 3.993527730918855045e+00 4.101808271748274670e+00 4.219788733855849294e+00 4.150611869366408690e+00 4.329336843354816722e+00 4.377864423011150308e+00 4.422490746788591665e+00 4.978289127969687478e+00 4.501572087482859530e+00 4.536830817454426068e+00 4.569592821585094278e+00 4.600226578324006610e+00 4.628967808251815974e+00 4.656067266477685429e+00 4.681647940074905812e+00 4.705946543175354435e+00
3.396103491055771695e+00 3.677618568504319452e+00 3.630012670798944630e+00 3.464859396005709691e+00 3.866676977805274085e+00 3.847527963283590591e+00 3.872618512499567789e+00 4.144762746872430625e+00 4.231585665330132251e+00 3.673845684617677243e+00 4.337319536526426766e+00 4.384347184622771287e+00 4.427732592199015826e+00 4.467875971763024090e+00 4.505097691310705699e+00 4.539764207398439666e+00 4.572125276232569036e+00 4.602565071339758340e+00 4.631229695168314286e+00 4.658395730717324490e+00 4.684163394640766143e+00
3.237449716206535211e+00 3.246461702112963366e+00 3.728174644270002336e+00 3.647349478016116642e+00 3.611938847096904048e+00 3.708757566215317159e+00 4.016802489055915082e+00 4.145176305900419855e+00 3.863294562412903144e+00 4.258007801769132961e+00 4.308607485858037656e+00 4.355400696864111687e+00 4.398564968179131007e+00 4.438495627388292064e+00 4.475505215684925098e+00 4.509921828021647094e+00 4.542107400194071332e+00 4.572255281978489627e+00 4.600700405136303850e+00 4.627615120559734230e+00 4.653167917775784979e+00
4.323787921746527374e+00 4.252604720391239823e+00 3.734181591867782313e+00 4.229022004556429515e+00 4.424086085908945698e+00 4.221046683414690470e+00 4.067647038546127192e+00 4.330908940920902062e+00 3.861669482467330550e+00 4.441711083777503788e+00 4.490407798111264448e+00 4.535178555476915285e+00 4.576471472189397538e+00 4.614674665436086620e+00 4.650081376424087587e+00 4.683131086348672589e+00 4.714103488436580669e+00 4.743148213070466745e+00 4.770569674170091368e+00 4.796524575336269969e+00 4.821169064624326595e+00
3.186986011902699367e+00 3.387487037677151758e+00 3.694581280788177047e+00 3.476906387772415563e+00 3.650301149844862536e+00 3.594710245615490241e+00 3.572140055368170586e+00 3.955806012825139550e+00 4.011722388810694540e+00 4.064676582640387004e+00 4.114323330956167979e+00 4.160541425124122838e+00 4.203388896162511656e+00 4.243000759634005803e+00 4.279699040519085784e+00 4.313679842790334007e+00 4.345396983052951967e+00 4.375021362408995529e+00 4.739141185197395245e+00 4.429029906172704756e+00 4.453878005497755588e+00
3.160822656776803630e+00 3.185595567867035793e+00 3.479661040077507206e+00 3.785897188799250301e+00 3.647474983827234229e+00 3.834890531306652139e+00 3.858769052672196942e+00 3.904403756447403673e+00 3.958388310948762534e+00 4.009401354901148018e+00 4.057213588227204681e+00 3.424849027063296525e+00 4.142931123770067003e+00 4.181038988188564787e+00 4.216310320439584203e+00 4.248990864669640821e+00 4.279374107025765817e+00 4.307780672424049051e+00 4.334365325077398801e+00 4.359469390297066482e+00 4.383201380708435124e+00
3.213906433402269336e+00 3.232720756175550214e+00 3.571943755624094052e+00 3.651454613121361437e+00 3.552224667762516219e+00 3.713174764423582186e+00 3.695289190594804207e+00 4.105090311986862694e+00 4.163341775665267086e+00 4.218088797572558057e+00 4.269061013144576755e+00 4.316280599346391966e+00 4.359891763956844635e+00 4.400228261841082400e+00 4.437603139604221703e+00 4.472364229342836950e+00 4.504785468255122716e+00 4.535240883135087664e+00 4.563873483895058314e+00 4.591022153394958671e+00 4.616741545161379356e+00
3.835248674784609069e+00 3.604527841511683484e+00 3.515835045292227790e+00 3.788038217096679094e+00 3.866842515933462732e+00 3.770344148635344173e+00 3.780562410211642632e+00 4.130410838198039336e+00 4.188668621378690560e+00 4.243349234486109900e+00 3.626093929779296676e+00 4.341145097606857739e+00 4.384560778363931988e+00 4.424717578573304166e+00 4.461895413171514946e+00 4.496494777934474385e+00 4.528799044835110088e+00 4.559144538697465165e+00 4.587721340436312190e+00 4.614770019147852231e+00 4.640402896157336698e+00
4.190049662391900576e+00 4.461795872838817623e+00 4.310674481502339006e+00 4.411511287265208026e+00 4.272591326639607168e+00 3.927242662257131034e+00 4.134051709532038821e+00 4.289826192848444464e+00 3.829043644135645241e+00 3.809602970105006481e+00 4.448063723645222289e+00 5.058687612367807951e+00 4.533589778815771076e+00 5.103694661121571663e+00 4.606678996981593777e+00 4.639471515722268791e+00 4.670105146043803224e+00 4.698896099916236579e+00 4.726059767532653666e+00 4.751706137964754717e+00 4.776037935387029698e+00
3.972817564035546756e+00 3.314340516755048593e+00 3.868254292003966643e+00 4.123567235113222651e+00 3.842986549547076525e+00 3.827657960484651234e+00 3.624055523265752754e+00 3.886675643036602956e+00 3.939620137679356038e+00 3.989544641628834487e+00 4.036313135804833863e+00 4.079741662460152796e+00 3.479059540624978020e+00 4.157125722385781152e+00 4.191489215504387467e+00 4.223323825085158134e+00 4.252925601240207243e+00 4.280585473626069337e+00 4.306482645569531975e+00 4.330908940920902062e+00 4.353955879913749882e+00
3.901998233832378649e+00 3.556857411863165286e+00 4.070575354771696297e+00 3.958855682346976490e+00 3.884518805233001526e+00 4.122294744074200601e+00 3.955229576790435075e+00 4.296880328472628463e+00 4.354316994277183994e+00 4.407379606228178481e+00 4.456205780727252375e+00 4.501094584364834006e+00 4.542482535531160437e+00 4.580695445284618472e+00 4.616209684536376479e+00 4.649318327886337698e+00 4.680250698646118757e+00 4.709336953058991249e+00 4.736766230289217283e+00 4.762726488352027054e+00 4.787311542971324663e+00
3.583735354927636063e+00 3.317804166609066296e+00 3.750156256510687847e+00 3.590565099707230701e+00 3.658287780615295137e+00 3.645924627519719685e+00 3.936763151896898183e+00 3.995480973244054823e+00 4.050639863788652484e+00 4.102395799146702160e+00 3.665384934576336295e+00 4.195178982841030191e+00 4.236419542193371690e+00 4.274476548980674195e+00 4.309685670990254458e+00 4.342371900028949128e+00 4.372813593203398241e+00 4.401287376557642794e+00 4.428054492745601145e+00 4.453289171549048575e+00 4.477169877601062886e+00
4.177051280266217859e+00 3.999558669388205701e+00 4.159352550952068128e+00 3.908392759188151544e+00 3.762047100829702284e+00 3.719904935762752718e+00 3.975652555384952880e+00 4.034960539453707362e+00 4.091122945063037086e+00 4.143760877372302254e+00 4.131623728125153328e+00 4.238099144177398969e+00 4.279994477426480870e+00 4.318647646337032242e+00 4.354467476275063476e+00 4.387708930358832582e+00 4.418699383453351004e+00 4.447749369323037882e+00 4.475012220225678128e+00 4.500761667359091334e+00 4.525197120329105260e+00
3.482282148428794244e+00 3.569703714591688559e+00 3.642862052374733484e+00 3.921460709715590909e+00 3.767319203560814511e+00 3.964510793038865444e+00 4.257247620747902417e+00 3.792083508573556472e+00 4.377265576909924683e+00 4.429985464110195892e+00 4.478403759103216863e+00 5.077291470836449605e+00 4.563999723393956209e+00 4.601932811780947929e+00 4.637159566737031113e+00 4.669976856144109512e+00 4.700709945457938410e+00 4.729590787579683209e+00 4.756750794515259173e+00 4.782498787294950482e+00 4.806899961544800703e+00
3.899062172940508386e+00 4.018902700979780640e+00 3.765900468645391186e+00 3.612002753300212365e+00 3.685264504644823358e+00 3.604363319822638356e+00 3.999227735333866107e+00 4.056878816216513250e+00 4.110884251202433504e+00 4.161031935920108005e+00 3.605152595016569261e+00 4.250126818300222986e+00 4.289440366401228388e+00 4.325734688272452111e+00 4.359257291538953361e+00 4.390396877939997999e+00 4.419431688706279893e+00 4.446572718566150328e+00 4.472087295144000940e+00 4.496154058989541014e+00 4.518907519872922052e+00
4.072420052872436358e+00 3.692041908158715913e+00 4.005082311346812141e+00 4.044743228541939573e+00 3.533857069073313095e+00 3.618045698700286472e+00 3.914458774568378985e+00 3.973310315535643511e+00 4.027777777777776791e+00 4.078867319285436999e+00 4.126480112464067318e+00 4.170569453655401659e+00 4.211282093766612000e+00 4.248887279110102000e+00 4.687245258409868498e+00 4.315925766076823322e+00 4.345966529159365876e+00 4.374064531120786192e+00 4.400440044004399809e+00 4.425298880537673618e+00 4.448824825811397154e+00
3.418231030561776240e+00 3.505844242352000428e+00 3.638653698131690817e+00 3.745396283734575782e+00 3.761231455039353300e+00 4.235927497318384027e+00 4.104865634064911895e+00 3.858104430619570202e+00 3.719213179789520041e+00 4.386746542009952066e+00 4.437141648814104222e+00 4.483531643386791110e+00 4.526376429923463007e+00 4.566020505582997657e+00 4.602786403231568180e+00 4.637095378823008929e+00 4.669207264737185170e+00 4.699345547024554648e+00 4.727873210774069967e+00 4.754849602039761258e+00 4.780512138343865125e+00
4.074444943199474700e+00 3.488964405585134099e+00 3.618167295863683464e+00 3.716806849937365431e+00 3.629867403078981258e+00 3.756312692163218614e+00 4.097800846878841163e+00 4.159618424336541054e+00 4.217163162734104631e+00 3.689651571582721168e+00 3.664573941422131220e+00 4.366037684362763294e+00 4.408199250606126718e+00 4.447181171319101622e+00 4.483284247118628052e+00 4.516868767589729217e+00 4.548273723382261657e+00 4.577706569008926252e+00 4.605454754793398386e+00 4.631677911735426534e+00 4.656593597531310635e+00
4.017204718137679542e+00 3.321960233367706294e+00 4.036748329621381082e+00 4.207273755578086138e+00 4.025352900642008791e+00 3.619531549089896938e+00 3.654113980777981663e+00 3.886918437181150932e+00 3.939946914399468980e+00 3.990038662098760014e+00 4.036920718982421441e+00 4.080531714030804835e+00 4.120888715051022722e+00 4.158202565815484419e+00 4.192696323005324466e+00 4.224640039891682797e+00 4.254384761068262577e+00 4.282122827858661829e+00 4.308158401256314107e+00 4.332636443661971981e+00 4.355792166488056338e+00
3.315718578385659754e+00 3.308724693425977748e+00 3.401549440479826547e+00 3.600409892818567048e+00 3.729462059629954140e+00 3.672769812552710178e+00 3.752501667778519234e+00 4.089979550102249561e+00 4.148361737143479111e+00 4.203678563306708860e+00 4.255377561805927300e+00 4.303366872271972454e+00 4.347796081462514728e+00 4.388912509772188386e+00 4.426951836147444475e+00 4.462385522648322222e+00 4.495438858573493235e+00 4.526438515876826330e+00 4.555651423641069897e+00 4.583264926394133632e+00 4.609499697286587150e+00
3.308903767222139525e+00 3.591457855623394479e+00 3.739056205775078023e+00 3.951281393623879978e+00 3.608655220752543080e+00 3.759607886821878520e+00 4.018485031143258723e+00 4.078472577456414783e+00 4.135193251364612799e+00 4.188265989220364638e+00 4.237494182128889619e+00 4.283010265408473849e+00 4.325021968365553526e+00 4.363834719759989156e+00 4.399774511556282519e+00 4.433146079090096059e+00 4.464316375799283421e+00 4.493480996031911090e+00 4.520950495592072294e+00 4.546895021838873951e+00 4.571506550218339626e+00
3.363700070077084714e+00 3.753623289147162367e+00 3.633111620367782901e+00 3.840567566057761617e+00 3.745879532514234889e+00 3.818887523347289648e+00 4.074698196082764845e+00 4.134993763051073579e+00 4.191583300732129480e+00 4.244216385458339680e+00 4.292885580751254260e+00 4.337737628841135340e+00 4.379092569911527733e+00 4.417261297995242586e+00 4.452634246922544392e+00 4.485493506228718452e+00 4.516217325851923370e+00 4.544985022208449799e+00 4.572068076046457819e+00 4.597669599110659533e+00 4.621932795717468956e+00
4.015674979575446280e+00 3.469668160937088075e+00 4.143989833411608537e+00 4.005192939811617059e+00 3.506022108562943718e+00 3.555171380173296480e+00 3.939293415160059819e+00 3.997325926793799944e+00 4.051836031123594140e+00 4.102900750830837495e+00 4.150324762912697807e+00 4.194161726876187934e+00 4.234670146963879667e+00 4.272061407437520053e+00 4.306602773999056666e+00 4.338663691582993032e+00 4.368568496380327737e+00 4.396480068145440789e+00 4.422730068345000376e+00 4.447485460143687064e+00 4.470918395421778158e+00
3.731497989137194882e+00 3.738555083729526718e+00 3.807440430863803904e+00 3.863294562412903144e+00 3.822709675625707959e+00 3.968769886616350107e+00 4.331683168316831534e+00 4.254443148287929688e+00 3.724882907616005934e+00 4.367750747024036428e+00 4.418211314763038189e+00 4.464715013806272559e+00 4.507628294036060801e+00 4.547302278474036008e+00 4.584111606012712059e+00 4.618435708658209293e+00 4.650590214611059814e+00 4.680810055481365417e+00 4.709286850169601912e+00 4.736311031486171608e+00 4.761937156035074281e+00
3.164905328049317124e+00 3.379139445821130572e+00 3.408757780489633404e+00 3.661561206795305168e+00 3.839192672626555947e+00 3.686988345020175473e+00 3.455090730682587097e+00 3.862175508289884096e+00 3.915534367400772098e+00 3.966137392469808898e+00 4.013701948029479105e+00 4.058100808821470729e+00 4.099284674824243524e+00 4.137388893869078821e+00 4.172680571041596842e+00 4.205359420349802591e+00 4.235753861709468104e+00 4.264069710662237611e+00 4.290657439446366794e+00 4.315659679408137883e+00 4.339291249095981406e+00
4.189100098890230939e+00 3.710473154039605870e+00 4.429241168774531445e+00 4.245693405254915120e+00 3.868471953578336731e+00 4.232172839163556688e+00 3.921009481713837008e+00 4.237780496640533023e+00 4.295298352787171758e+00 4.348606375194996154e+00 4.397718683432969122e+00 4.442925495557074278e+00 4.484614323168208294e+00 5.030557236184661996e+00 4.558877563518092479e+00 4.592154954386877819e+00 4.623239939353970485e+00 4.652454690646482760e+00 4.680004680004679507e+00 4.706042831810121285e+00 4.730758155415690780e+00
3.216468317787069431e+00 3.304942955307531793e+00 3.469836709484451109e+00 3.726810954063604520e+00 3.688574980532521419e+00 3.539479071962467138e+00 3.929354345038673202e+00 3.989187925140825097e+00 4.045085563843790588e+00 4.044614150665305274e+00 3.821089635815420937e+00 3.478403208315429929e+00 4.234581956515702572e+00 4.273533729898883138e+00 4.309595801619574118e+00 4.343060409902177454e+00 4.374240583232077206e+00 4.403407136271689559e+00 4.430811179277436729e+00 4.456664084086966682e+00 4.481168906119511242e+00
4.100909718472547816e+00 3.768186734587069875e+00 3.937443010693266299e+00 3.904938719865175933e+00 3.717062694457446970e+00 3.854148026813858152e+00 4.089129154104723440e+00 4.148058017504804518e+00 4.202954470289935074e+00 3.964971527402739060e+00 4.300429360328197781e+00 4.343389774419502913e+00 4.382991254562761618e+00 4.419462206692722717e+00 4.453244359794739538e+00 4.484676206377899099e+00 4.513951582660870265e+00 4.541388563957888813e+00 4.567189586807741009e+00 4.591588484021956518e+00 4.614579315664774306e+00
3.313864380100244311e+00 3.526416385141091681e+00 3.812402562479150436e+00 3.945384604545646656e+00 3.689780005569478938e+00 3.716883599595272702e+00 3.883818348267539022e+00 4.137445954612218202e+00 4.193592740272239716e+00 3.630346907572763904e+00 3.607328426441716918e+00 4.338275294555120176e+00 4.379166290151046859e+00 4.416901102186706396e+00 4.451841350072256454e+00 4.484335869857672741e+00 4.514641329110408385e+00 4.543112099595865594e+00 4.569853969293308893e+00 4.595115460848930411e+00 4.619063145310292384e+00
4.294141664437466588e+00 3.577325261419922686e+00 3.959735739741158778e+00 3.909140407946724238e+00 3.732787701155781512e+00 3.809576582879069750e+00 4.128414688759517226e+00 4.188496055260682027e+00 4.244482173174872308e+00 4.296235679214402303e+00 4.343928842308487859e+00 4.387797743418302865e+00 4.428185057259839574e+00 4.465481825488970102e+00 4.500020454638431033e+00 4.532157719088623971e+00 4.562169933917658682e+00 4.590330161209654314e+00 4.616805170821790760e+00 4.641796648349773236e+00 4.665491145858347011e+00
3.707045484748655362e+00 3.450096813941207152e+00 3.893972686563012431e+00 3.843171165235771625e+00 3.784933213133029994e+00 3.864150519201314804e+00 4.161349386894523050e+00 4.221891545835206649e+00 3.730415319572245814e+00 4.330164752458915522e+00 4.378014160139549915e+00 4.422027223105091664e+00 4.984636394673949589e+00 4.499951538983426147e+00 4.534617683634839302e+00 4.566873559877939748e+00 4.597038683737459941e+00 4.625314970142555993e+00 4.651958269197878693e+00 4.677107621621992450e+00 4.700912930917018784e+00
4.124403184878119966e+00 4.260553459638127372e+00 4.343030470150282873e+00 4.484181188514976490e+00 4.246284501061571071e+00 4.447668053426757417e+00 4.270675407315666305e+00 4.268326265352205162e+00 4.325111045509778762e+00 4.377475154408595692e+00 4.425604890293403315e+00 5.035383777898747582e+00 4.510630736531324736e+00 4.548305067225326681e+00 4.583264926394133632e+00 4.615787370654614641e+00 4.646227887075858654e+00 4.674792556080324069e+00 4.701717509749148149e+00 4.727160620696742477e+00 4.751280780036357676e+00
4.027665898169495051e+00 4.082621181192263471e+00 3.808521393503355057e+00 4.129273798381325022e+00 4.052893697406834583e+00 3.992125875858651085e+00 4.074163588026102012e+00 4.133569406074968811e+00 4.189042563419357990e+00 4.240447025189623353e+00 4.287927409538562884e+00 4.331593820259482364e+00 4.870954020938240703e+00 4.408928079360705965e+00 4.443302762484639068e+00 4.475227892374211258e+00 4.505057951427284380e+00 4.532998166196196443e+00 4.559249833281163511e+00 4.584080241929965993e+00 4.607534350200118034e+00
