2.046562833007529836e+00 2.106088775273065039e+00 2.517183271918722820e+00 2.531645569620253333e+00 2.545950877292239678e+00 2.560128421577038349e+00 2.574074202906616371e+00 2.587883111614698972e+00 2.601493397831620147e+00 2.614914909255385389e+00 2.628139561313785233e+00 2.641181581233709608e+00 2.654039028342343176e+00 2.666685380248282389e+00 2.972302290055229612e+00 2.933780385582564598e+00 2.895932593721342485e+00 2.715612684000166865e+00 2.822128308063525992e+00 2.786097374103225111e+00 2.750596535623663019e+00
2.047545416675492280e+00 2.466751710868507974e+00 2.195498519809062188e+00 2.495170063662481841e+00 2.509270359940892536e+00 2.523270158124929718e+00 2.537123043420042023e+00 2.550839651385247375e+00 2.564431337350942197e+00 2.577912169835640643e+00 2.591217872400028099e+00 2.604386631753807801e+00 2.617412157525766947e+00 2.630306821736286604e+00 2.928298519117605636e+00 2.891586172710311153e+00 2.855511136493432023e+00 2.820059080237730775e+00 2.785127419579445540e+00 2.750779387493122563e+00 2.716918039639137472e+00
1.970956547447259233e+00 2.039909369740858569e+00 2.432954719237024666e+00 2.447328453072477039e+00 2.461650994155337280e+00 2.475928473177441358e+00 2.490146136004667277e+00 2.504257237303415984e+00 2.518274981637578236e+00 2.532179784764718278e+00 2.546004893987185103e+00 2.559690561852077995e+00 2.573286504155510190e+00 2.586779459572831730e+00 2.600158820511739410e+00 2.844242187222242091e+00 2.809975412715138621e+00 2.776294714361985605e+00 2.743156177025011466e+00 2.710535643543712236e+00 2.678405867769162008e+00
2.102073804536130464e+00 2.415973850635969367e+00 2.428683445399726804e+00 2.441389220220282930e+00 2.454090969646400389e+00 2.466751710868507974e+00 2.479315425592201638e+00 2.491830356189350226e+00 2.504239319419302223e+00 2.516567402063584868e+00 2.528800224782242090e+00 2.540929568179320697e+00 2.552938006155417217e+00 2.564869832855982246e+00 2.576692385873999847e+00 2.809679345344712420e+00 2.775850104094378601e+00 2.742558173878187677e+00 2.709782314154095761e+00 2.677486458097336985e+00 2.645613155659523485e+00
1.945216927709975119e+00 2.012589091767122529e+00 2.429022532756083042e+00 2.441780965270897941e+00 2.454519203003176386e+00 2.467151638188687546e+00 2.479697476907817055e+00 2.492149728355679716e+00 2.504472271914132353e+00 2.516690551924219754e+00 2.528764698444809333e+00 2.540720191172026965e+00 2.552557875704612123e+00 2.564248675138184552e+00 2.575812425162205876e+00 2.809028216688436608e+00 2.774694783573806944e+00 2.740919824581130815e+00 2.707671260207207720e+00 2.674888428995790601e+00 2.642574009927507461e+00
1.958608082522687255e+00 2.422428841152791001e+00 2.433631395235645201e+00 2.444799910590174541e+00 2.455916302372414872e+00 2.466960352422907121e+00 2.477871233291576658e+00 2.488694217696749256e+00 2.499393004556035969e+00 2.509952659504005368e+00 2.520390660552385143e+00 2.530666760395065218e+00 2.540807427398144025e+00 2.550821577116296091e+00 2.560691955870741943e+00 2.784182985072495953e+00 2.749751464771453158e+00 2.589440680812943985e+00 2.682421883060161605e+00 2.649468363256056502e+00 2.616953728126054202e+00
2.392950648911911227e+00 2.403455320472490886e+00 2.414018346539434035e+00 3.208585355197225208e+00 2.435138350646006700e+00 2.445654072712789784e+00 2.456105879215729981e+00 2.466473577020922736e+00 2.476763145764390828e+00 2.486961217616211695e+00 2.497039224919024303e+00 2.507033622106465298e+00 2.516901694014667790e+00 2.526670409882088464e+00 2.536336543677828903e+00 2.753848326507555733e+00 2.720562440487696243e+00 2.687753745172652309e+00 2.655411449016099823e+00 2.623480862770679600e+00 2.591962115321297944e+00
2.103934357248053555e+00 2.410783291853679344e+00 2.423741258492005279e+00 2.436698065261735824e+00 2.449642352216576224e+00 2.462551625635865715e+00 2.475383684471093027e+00 2.488145762687766105e+00 2.500839567569112187e+00 2.513439921804091259e+00 2.525961268593881037e+00 2.538384489784717424e+00 2.550713136881186394e+00 2.562916028903996946e+00 2.843231332409282608e+00 2.809028216688436608e+00 2.775387860453498057e+00 2.742307475952072693e+00 2.709725831329989010e+00 2.677615137450910066e+00 2.645944741532976874e+00
1.948304974672035117e+00 1.973234483682055673e+00 2.430910063273115984e+00 2.444144118239065744e+00 2.457322097107587311e+00 2.470425477850870966e+00 2.483449582425691471e+00 2.496344638208337852e+00 2.509130446904011880e+00 2.521803089208784154e+00 2.534336742954895971e+00 2.546725335672547441e+00 2.559017337342460063e+00 2.571153090740277314e+00 2.583167521904562225e+00 2.819621747742540041e+00 2.785157254263433302e+00 2.751239777424701938e+00 2.717864733962855883e+00 2.685007332135406877e+00 2.652593957670184466e+00
2.097579393380039292e+00 2.395192707342674421e+00 2.405751160421147450e+00 2.416300076042384948e+00 2.426855295184119576e+00 2.437328401327627070e+00 2.447774972549952466e+00 2.458124100150998803e+00 2.468387014873794971e+00 2.478553626261652543e+00 2.488623435722411958e+00 2.498554407806911737e+00 2.508396159366768963e+00 2.518098835379288580e+00 2.778067159773587314e+00 2.744314343616302221e+00 2.711090500481574850e+00 2.555795785009221444e+00 2.646110565640950263e+00 2.614289154139864291e+00 2.582860972272638111e+00
2.371592632252221833e+00 2.380591685242495537e+00 2.389687794318165803e+00 2.398825986340802352e+00 2.407966118500261654e+00 2.417090249884477071e+00 2.426179908376028926e+00 2.435216089615952484e+00 2.444185283211240289e+00 2.453076157501506760e+00 2.461876090259411232e+00 2.470582422159006253e+00 2.479210052842591328e+00 2.487721318350142763e+00 2.496151766027374652e+00 2.702047320469739944e+00 2.669701695963129673e+00 2.637789809801471375e+00 2.606331271748777656e+00 2.575254664072335942e+00 2.544564260563380031e+00
2.065129925156843349e+00 2.063366702953460141e+00 2.520690669243372373e+00 2.536122128370048134e+00 3.449631924273679484e+00 2.566503659001837967e+00 2.581437372236291772e+00 2.596181508170954721e+00 2.610750796966033072e+00 2.625100214974423363e+00 2.639292114072983253e+00 2.653260717776846800e+00 2.667097145504186528e+00 2.680700368243576381e+00 2.694137415187844997e+00 2.955793699347663228e+00 2.917630314890589105e+00 2.733466034932293898e+00 2.843291963435265135e+00 2.807037242366612784e+00 2.771323200238759998e+00
2.411604071355108569e+00 2.421859418183890167e+00 2.432143204591886043e+00 2.442388368484569305e+00 3.185948581560283710e+00 2.462742228289168445e+00 2.472799208704253182e+00 2.482744922786632724e+00 2.492575685280272513e+00 2.502305695962708132e+00 2.511896621499043469e+00 2.521343876286060492e+00 2.530684550170820835e+00 2.539897557465182309e+00 2.548979346186798001e+00 2.766213468693378807e+00 2.732183014228368290e+00 2.698644450133893979e+00 2.665544332210998402e+00 2.632908509987261780e+00 2.600670551271868636e+00
1.955303216835884594e+00 1.977010195724009378e+00 2.409484866309023143e+00 2.432759249851530026e+00 2.447757853805913708e+00 2.462724899556005820e+00 2.477598381302390962e+00 2.492433683460921756e+00 2.507173301390087872e+00 2.521820754584810143e+00 2.536372283087328761e+00 2.550857725910337326e+00 2.565217081495521523e+00 2.579493722070008932e+00 2.593688224655460228e+00 2.840023551414816882e+00 2.806328270249412338e+00 2.773234729431842016e+00 2.740669426075712956e+00 2.708636272916488341e+00 2.677100494233937145e+00
2.061914309685309199e+00 2.496394097414845081e+00 2.510460251046024993e+00 2.524384856495732521e+00 2.538178433943906409e+00 2.551816042416853225e+00 2.565290198453700210e+00 2.578594874868456177e+00 2.591707935529513840e+00 2.604661640373663101e+00 2.617449189651879227e+00 2.630026371345507208e+00 2.642448854707036165e+00 2.654687969373283885e+00 2.666760237201305284e+00 2.916862309870377423e+00 2.879496579719916127e+00 2.842726174401250638e+00 2.806544862619629210e+00 2.770949085586801530e+00 2.735805379014268457e+00
2.315166511116416359e+00 2.326020905112884840e+00 2.337044276366108342e+00 2.348202913194765262e+00 2.359439841223577972e+00 2.370740748723032976e+00 2.382070018846377035e+00 2.393422312327532886e+00 2.404747253990819456e+00 2.416059690886480649e+00 2.427357749696580136e+00 2.438616538000613065e+00 2.449848109417216424e+00 2.461062475828850626e+00 2.472205348439684869e+00 2.483326238115509899e+00 2.654975208272041698e+00 2.505422450016821845e+00 2.595835438064769463e+00 2.566899826734261314e+00 2.538321605347397369e+00
2.043433532039628187e+00 2.040529130312412232e+00 2.107407537494291994e+00 2.503842703037300055e+00 3.408055530439499936e+00 2.536247199560383692e+00 3.307015005580588252e+00 2.568126694250249198e+00 2.583853013680454058e+00 2.599446388174626588e+00 2.614896428899552205e+00 2.630213331627248685e+00 2.645373728654270451e+00 2.660430989820350867e+00 2.675321566611986501e+00 2.939200537453812156e+00 2.902536955515165662e+00 2.866551538499185536e+00 2.831196959294465909e+00 2.796420581655480575e+00 2.762215721965280757e+00
2.035164739317202098e+00 2.308483326454518814e+00 2.501441803261602370e+00 2.516004584719464976e+00 2.530435516068265667e+00 2.544727113360524040e+00 2.558835445557221977e+00 2.572825247991766595e+00 2.586634788140628860e+00 2.600268460149128824e+00 2.613714229201545169e+00 2.627001313500656909e+00 2.640135619598143357e+00 2.653093996327559267e+00 2.957080094626562961e+00 2.919292249635088154e+00 2.882127994601281884e+00 2.703356430431256729e+00 2.809718817389349255e+00 2.774339493789747646e+00 2.739533576847428709e+00
1.991790975764171856e+00 1.997488871133431765e+00 2.454263054926407062e+00 3.378735086052158998e+00 2.483837315752496444e+00 3.274302991458946099e+00 2.513036376201545519e+00 2.527468669919612054e+00 2.541784882562668546e+00 2.555946836305804659e+00 2.569996716115306779e+00 2.583889102273123850e+00 2.597657895475862677e+00 2.611297744403353605e+00 2.624820873710644875e+00 2.874308588574272516e+00 2.838961632472181584e+00 2.804203501048070812e+00 2.770043752485936039e+00 2.736419640476558168e+00 2.703298735852143420e+00
1.977066034005535711e+00 1.989964891333702912e+00 2.075252966180532344e+00 2.163643575781616146e+00 2.466473577020922736e+00 3.252460105462748885e+00 2.496772030446351653e+00 2.511791465490775810e+00 2.526723611530282021e+00 2.541522990479592181e+00 2.556237218813905532e+00 2.570822591817642611e+00 2.585333473081088407e+00 2.599720354405120837e+00 2.614009678900703015e+00 2.864368651231678164e+00 2.829908683678329151e+00 2.796049182505119912e+00 2.762744042390410826e+00 2.729983620098279218e+00 2.697733194187094785e+00
2.089517825748623547e+00 2.087231898661292551e+00 2.543774112858778302e+00 2.559381198501340382e+00 3.493986848633501729e+00 2.590058492154280856e+00 2.605101774989615038e+00 2.619914180108478430e+00 2.634539525213255295e+00 2.648951224442848584e+00 2.663115845539281157e+00 2.677112100546694240e+00 2.690894155802771248e+00 2.704472343211774099e+00 2.717845793610971672e+00 2.983526670597344221e+00 2.944372393003610089e+00 2.756871502219281567e+00 2.868115648019251118e+00 2.830916438424027959e+00 2.794310783245312457e+00
1.929301807112692169e+00 1.977052074139452387e+00 2.376597001166692813e+00 2.389251180571172029e+00 2.401910225073117022e+00 2.414584087890860431e+00 2.427219120775567784e+00 2.439829498973836053e+00 2.452371443185560551e+00 2.464858165018732894e+00 2.477279805215027775e+00 2.489632459116678298e+00 2.501876407305478889e+00 2.514089375877312182e+00 2.526191695846519369e+00 2.752623815136607366e+00 2.720620874321634464e+00 2.689104174480400733e+00 2.658067584865802413e+00 2.627505006462241610e+00 2.597347897201181866e+00
2.365269246482557541e+00 2.376027282383853745e+00 2.386869410162447025e+00 2.397794029492866574e+00 2.408699656406078304e+00 2.419618838867618305e+00 2.430498466641408228e+00 2.441338132306575925e+00 2.452113722028387954e+00 2.462828875613068291e+00 2.473478810531523298e+00 2.484048857692389589e+00 2.494512073438435174e+00 2.504905439819646862e+00 2.764836805507554729e+00 2.732049036777583151e+00 2.699784017278617387e+00 2.667995983963939999e+00 2.636660989531742771e+00 2.605743904672027877e+00 2.575236242158048139e+00
1.955997305070379610e+00 1.979400100383861938e+00 2.428986834891354363e+00 2.443042215769488656e+00 2.457020212604513532e+00 2.470966147763775211e+00 2.484807178962912477e+00 2.498554407806911737e+00 2.512194611342558392e+00 2.525730883374376567e+00 2.539145154464663268e+00 2.552431190709150144e+00 2.565600992032383676e+00 2.578666759591594637e+00 2.591599016593237881e+00 2.832998210374300996e+00 2.798670631450061119e+00 2.764957355850011567e+00 2.731781121291081860e+00 2.699112844225674213e+00 2.666909963715987875e+00
1.968231289045699217e+00 1.980926507626567190e+00 2.097224431941451250e+00 2.149951984405681582e+00 3.284921511343462885e+00 2.473750755868286078e+00 2.488782700826986272e+00 2.503701902098101950e+00 2.518521627804478413e+00 2.533248891703610006e+00 2.547878890823389586e+00 2.562423483187654671e+00 2.576834950239227595e+00 2.591163432381138776e+00 2.605362933912911849e+00 2.854003453344178709e+00 2.819840397033527513e+00 2.786272037670397772e+00 2.753226216361223333e+00 2.720765721142442306e+00 2.688761683730868768e+00
2.068311330780038482e+00 2.087156788657382744e+00 2.530826877381437967e+00 2.279241634147183504e+00 3.458278342002554684e+00 2.575830357205015186e+00 2.590468515013923501e+00 2.604918367490618447e+00 2.619153800958468281e+00 2.633189575415972428e+00 2.647050628326228061e+00 2.660691779862764061e+00 2.674163466812945256e+00 2.687430604176832549e+00 3.000739717232620229e+00 2.961534488102206986e+00 2.923040518909288288e+00 2.885210831503687068e+00 2.848033120541265006e+00 2.811434997565708027e+00 2.775385885383679252e+00
2.349916370623280848e+00 2.361325777090846678e+00 2.372837482203718817e+00 2.384458938214460755e+00 2.396104216438684098e+00 2.407795592317715450e+00 2.419481092466874372e+00 2.431158876232561550e+00 2.442803500886388868e+00 2.454400740527765912e+00 2.465969619254290812e+00 2.477472694711657653e+00 2.488941986317929622e+00 2.500339331766454176e+00 2.511679308785853770e+00 2.522969535142863151e+00 2.700045693080959541e+00 2.669026648123954626e+00 2.638484796622738937e+00 2.608352367256012716e+00 2.578612845673505571e+00
2.067750928705374136e+00 2.071508472469652418e+00 2.515477172044663590e+00 2.531627766330756923e+00 3.451775248010051644e+00 2.563551835710970117e+00 2.579259961520229183e+00 2.594815978456014083e+00 2.610194871653970683e+00 2.625435502983771929e+00 2.640484181415160503e+00 2.655374337903372073e+00 2.670095631583015550e+00 2.684658589141262208e+00 2.699055330634277716e+00 2.965128707272839836e+00 2.927318854721347119e+00 2.741382218973176688e+00 2.853682642649331136e+00 2.817754672189465737e+00 2.782453846046828883e+00
2.048268506812258583e+00 2.441815035999330252e+00 2.452319894620310858e+00 2.462776886487095140e+00 2.473131196076906679e+00 2.483379098462433543e+00 2.493534620947115421e+00 2.503540721878084518e+00 2.513422373648162900e+00 2.523146363515303303e+00 2.532732043985113091e+00 2.542169088598027926e+00 2.551436245986803186e+00 2.560564462210336067e+00 2.569538125521936944e+00 2.789939050562279643e+00 2.755035003072923594e+00 2.720679310665778505e+00 2.686746074939547757e+00 2.653297769833400821e+00 2.620285257000410706e+00
2.184698652534250218e+00 2.439279367181238278e+00 2.450671483986612387e+00 2.462019725122738922e+00 2.473288484368816764e+00 2.484454413810726958e+00 2.495508085446196400e+00 2.506427195451192524e+00 2.517200872629635988e+00 2.527859113985380546e+00 2.538357400722021762e+00 2.548726698620147335e+00 2.558926388217565684e+00 2.568969700429588610e+00 2.840731938834191173e+00 2.805167117831044887e+00 2.770198207681759506e+00 2.735747806140701677e+00 2.701799540694077795e+00 2.668314467881919949e+00 2.635290095582683456e+00
2.088524637388911920e+00 2.094694644082487844e+00 2.560418770714498748e+00 2.574987821003549282e+00 3.501713092973915753e+00 2.603470355619977639e+00 2.617356611301321134e+00 2.630995901185332553e+00 2.644379649410929733e+00 2.657528498496398051e+00 2.670433383228272728e+00 2.683104210355370167e+00 2.695532509540766508e+00 2.707750414841249231e+00 3.020511379601011459e+00 2.979885771045442944e+00 2.940023520188161044e+00 2.900852988914597752e+00 2.862328958391510803e+00 2.824399991526799880e+00 2.787048585224461750e+00
2.079479126331942318e+00 2.448015667300270426e+00 2.460560726638733264e+00 3.322627090486211188e+00 3.273545659142057751e+00 2.497841151576137175e+00 2.510092664254188755e+00 2.522227126552746057e+00 2.534247539668013527e+00 2.546148949713558096e+00 2.557926374352525123e+00 2.569556466003340311e+00 2.581077216064066260e+00 2.592452460027185879e+00 2.603726847942351874e+00 2.614859468971511891e+00 2.803712114840048120e+00 2.769239289967045714e+00 2.647530133073225045e+00 2.701799540694077795e+00 2.668782964736949204e+00
2.011797756845500995e+00 2.408597275451434871e+00 2.420049397478877484e+00 2.431518031443001604e+00 3.191607460035523314e+00 2.454366317679151255e+00 2.465709032244428833e+00 2.476984683978037172e+00 2.488145762687766105e+00 2.499232378626564888e+00 2.510215181223589997e+00 2.521079021821339250e+00 2.531859228626888392e+00 2.542516526357421203e+00 2.553044678281870095e+00 2.777025666659723946e+00 2.743484224965706098e+00 2.710471693402854765e+00 2.677909308138097355e+00 2.645815781594869520e+00 2.614145277684142066e+00
2.046606162401727325e+00 2.037804792354718675e+00 2.068208075995948914e+00 2.218309370970648509e+00 3.412232505344670486e+00 2.536211463675815736e+00 3.310116543686642210e+00 2.568383202773853569e+00 2.584250043652872364e+00 2.599976108327653357e+00 2.615561886314956119e+00 2.630980146766027428e+00 2.646294839028670243e+00 2.661455816331533164e+00 2.676471002549690947e+00 2.941238261308010138e+00 2.904544228601461775e+00 2.868516976723034073e+00 2.833101963339660578e+00 2.798298634430266496e+00 2.764036343534280959e+00
1.993677195180997286e+00 2.032564588369375258e+00 2.455209955525625265e+00 2.470129081888307709e+00 2.485001242500620933e+00 2.499803586861032212e+00 2.514475696893923917e+00 2.529048937096932903e+00 2.543532210054514131e+00 2.557871850620283549e+00 2.572108342919199764e+00 2.586218947898172527e+00 2.600195366030204180e+00 2.614065083155529656e+00 2.627822245580641702e+00 2.878223083349127798e+00 2.843029247663385384e+00 2.808456261804292087e+00 2.774438176269304890e+00 2.740977615349474483e+00 2.707999287368608510e+00
2.377705514178817481e+00 2.387724288071912060e+00 2.397777119564450388e+00 2.407914958109361958e+00 2.418028822903568464e+00 2.428127428127428544e+00 2.438202327766104460e+00 2.448203018984065338e+00 2.458158628487951525e+00 2.468021492941458561e+00 2.477805938238917260e+00 2.487509150480089026e+00 2.497128302452179760e+00 2.506632130846197182e+00 2.516048796969239110e+00 2.729028465866151443e+00 2.696461412945780456e+00 2.664348216288983107e+00 2.632683700841746965e+00 2.601438525195283180e+00 2.570583950987532784e+00
1.947096662532090905e+00 1.961610554917829985e+00 2.433926065916444337e+00 2.446765376172699291e+00 2.459557841773130082e+00 2.472240273500409646e+00 3.161799836991652679e+00 2.497306476585968049e+00 2.509672696852451867e+00 2.521891418563922738e+00 2.533962131343703739e+00 2.545896862889310164e+00 2.557690121632374414e+00 2.569354735106663679e+00 2.580861170594923593e+00 2.815176617143017701e+00 2.780490934886605814e+00 2.746385070650755544e+00 2.712779277148660295e+00 2.679694102611670736e+00 2.647105946932491349e+00
1.981403116464044656e+00 2.076233569117099442e+00 2.117477660610680434e+00 2.450963228548819650e+00 2.464233412188802319e+00 2.477410830414346954e+00 2.490518241267175803e+00 2.503522814245759953e+00 2.516426674122745677e+00 2.529208849420740535e+00 2.541872191918220558e+00 2.554423409871427353e+00 2.566844919786095858e+00 2.579152086324917104e+00 2.591344908007255476e+00 2.829088550471629659e+00 2.794623145068887204e+00 2.627194225703638253e+00 2.727349016755713507e+00 2.694481276900495548e+00 2.662108389844756839e+00
2.010771992818671805e+00 2.139662931766149079e+00 2.467290773742386367e+00 2.480985021938995949e+00 2.494595044071179046e+00 2.508099069913261037e+00 2.521485154756151204e+00 2.534765006160887069e+00 2.547896923414464609e+00 2.560892328704757581e+00 2.573734001112965686e+00 2.586453971604929070e+00 2.599026418752326428e+00 2.611445187882893926e+00 2.903660686508347855e+00 2.867413592939168865e+00 2.831765502189437900e+00 2.659797855362992625e+00 2.762215721965280757e+00 2.728226652675760366e+00 2.694729676065127144e+00
2.036334016959752802e+00 2.413504266223717831e+00 2.425536043465605474e+00 3.257080685511534401e+00 2.449556630249924538e+00 2.461529805609475208e+00 2.473428312980551880e+00 2.485248276302802317e+00 2.496967967468074701e+00 2.508588431226351112e+00 2.520126006300314359e+00 2.531538753639086980e+00 2.542875709886135649e+00 2.554097197587796853e+00 2.565186946664910206e+00 2.793374116595435552e+00 2.759667460071061562e+00 2.726471945302777922e+00 2.693774545248323271e+00 2.661511738667563076e+00 2.629689909808743398e+00
2.039137374575473061e+00 2.034395820769728136e+00 2.499821441325619453e+00 2.514729127748239979e+00 3.404953164521777875e+00 2.544097693351424994e+00 3.299959277098282406e+00 3.252707706149001510e+00 2.586960321622094217e+00 2.600871643469703010e+00 2.614637731342439597e+00 2.628195566163047392e+00 2.641603870644829044e+00 2.654836343312257707e+00 2.667864865623859050e+00 2.923406743324888257e+00 2.886063831284932046e+00 2.849379043859587846e+00 2.813286948407061505e+00 2.777797068035194439e+00 2.742808917645403355e+00
2.366995725484189794e+00 2.376494310816649413e+00 2.386082123332374572e+00 2.395732777147526971e+00 2.405393741731459034e+00 2.415064318845315139e+00 2.424657338867256762e+00 2.434239729656199724e+00 2.443741577819205091e+00 2.453196515059121730e+00 2.462551625635865715e+00 2.471821237888075729e+00 2.480985021938995949e+00 2.490075271418204839e+00 2.499071773341329905e+00 2.707900821396582280e+00 2.675660641736080869e+00 2.643858031969245737e+00 2.612509796911738125e+00 2.581563450643297841e+00 2.551002819892306039e+00
2.037962318779471094e+00 2.069049164888949299e+00 2.513124092482966532e+00 2.527344463009505660e+00 2.541400792642301454e+00 2.555293716816672056e+00 2.569016275065266974e+00 2.582536469602847440e+00 2.595871862152187681e+00 2.609029990113149733e+00 2.621974984941359832e+00 2.634764651427757176e+00 2.647327244480670583e+00 2.659704772770222103e+00 2.962738397089625941e+00 2.924302345011975390e+00 2.886531163976090220e+00 2.707478340173278486e+00 2.812881625708365974e+00 2.776948550085738265e+00 2.741517113393365346e+00
2.098195551825430272e+00 2.402215690707664386e+00 2.413942934389030626e+00 2.425660635808458032e+00 2.437345873716809219e+00 2.449008151698562230e+00 2.460595323462830830e+00 2.472100579177849866e+00 2.483502448023841680e+00 2.494814350172141815e+00 2.506014434643143662e+00 2.517112871536347551e+00 2.528107641205345146e+00 2.538976723759332366e+00 2.808653461314309041e+00 2.774617796398546332e+00 2.741093204197386335e+00 2.581311306143520667e+00 2.675604123246774879e+00 2.643555796889177412e+00 2.611953122315015197e+00
2.262571412410204097e+00 2.486943546381497061e+00 2.500190986811492433e+00 2.513317089858067455e+00 2.526315789473683626e+00 2.539180973070574776e+00 2.551888397414086462e+00 2.564449605003525701e+00 2.576817004206479300e+00 2.589023937975382772e+00 2.601054481546572816e+00 2.612938991405549416e+00 2.624616061231582975e+00 2.636153780387015644e+00 2.647509194727879045e+00 2.890968192298742689e+00 2.854166369357669986e+00 2.817913475966720593e+00 2.691399942031385883e+00 2.747101807592989609e+00 2.712439665604874151e+00
2.031237531466045798e+00 2.463366225137596288e+00 2.174126492081971396e+00 2.490315439955727683e+00 2.503651157938660443e+00 2.516884097487310790e+00 2.529990934199152441e+00 2.542955326460480947e+00 2.555765380738048265e+00 2.568456500335326353e+00 2.580969188808359238e+00 2.593342818893553225e+00 2.605559441038932444e+00 2.617615847187831246e+00 2.909191660317240302e+00 2.872596827532089225e+00 2.836585028365850025e+00 2.801179296483819137e+00 2.766330214709783242e+00 2.731991621892359223e+00 2.698135446399409609e+00
2.052545155993431347e+00 2.495401331831339053e+00 2.509043009178915096e+00 2.522580599953752500e+00 2.535943476637620542e+00 2.549177890130432722e+00 2.562222870686035048e+00 2.575113270185060088e+00 2.587810712137531333e+00 2.600323283435237887e+00 2.612643783673094688e+00 2.624783632700547820e+00 2.636736148227329490e+00 2.648526582843123478e+00 2.660133006650332366e+00 2.907258455276673814e+00 2.869902423317606921e+00 2.833154821545796676e+00 2.796987644307081133e+00 2.761355188161574770e+00 2.726224179511376633e+00
2.043721546462952343e+00 2.284148012791228588e+00 2.497658445207617817e+00 2.512843421934331190e+00 2.527876864309187344e+00 2.542815515298127771e+00 2.557617437267328153e+00 2.572292126642515164e+00 2.586797544639736213e+00 2.601145910225315383e+00 2.615358516172811232e+00 2.629409590949145947e+00 2.643312766505053535e+00 2.657045365553504457e+00 2.965394535398535147e+00 2.927849424886720175e+00 2.890969162995594477e+00 2.854757095855606330e+00 2.819124943617500989e+00 2.784061249347485667e+00 2.749557603231787439e+00
2.058489494605337811e+00 2.098635886673662299e+00 2.523377288162476972e+00 2.538411095676944562e+00 2.553282031277704256e+00 2.567964298355808861e+00 2.582496413199426133e+00 2.596837473066583968e+00 2.611002907387020677e+00 2.624951225568443736e+00 2.638729416127629346e+00 2.652334752565086884e+00 2.665731322343037224e+00 2.678961690847820432e+00 2.989919699299504963e+00 2.951116857201075749e+00 2.913028341634279705e+00 2.730117395047987117e+00 2.838731654696681428e+00 2.802494219855670821e+00 2.766801223068027671e+00
2.062002275312855293e+00 2.459575125965383080e+00 2.473428312980551880e+00 2.487261667033833668e+00 2.500982528850619779e+00 2.514633771531551876e+00 2.528125395019592769e+00 2.541540448272782804e+00 2.554804096202567543e+00 2.567943505242884505e+00 2.580933181732573356e+00 2.593797319275419344e+00 2.606506663740062457e+00 2.619098180788560715e+00 2.631542499411365199e+00 2.876769037545344077e+00 2.841027204567817321e+00 2.805895185785334700e+00 2.771303507475413319e+00 2.737245488808876637e+00 2.703664176449661838e+00
