2.749111825410252230e+00 2.916924565484956045e+00 3.379263734293319832e+00 3.444569979883711053e+00 3.511090916601263601e+00 3.579147336976721050e+00 3.648830997163549750e+00 3.720109949916297509e+00 3.793051130329236020e+00 3.869059956611256013e+00 3.942508542101840874e+00 4.016147683444470040e+00 4.090404880754298311e+00 4.597764251353594567e+00 4.634208760729576326e+00 4.666387598388723745e+00 4.697624936098484305e+00 4.729331450739557852e+00 4.759605435607366708e+00 4.788175288851879152e+00 4.815199521231590118e+00
2.750615450206983503e+00 2.827134840196202870e+00 2.776813606386671296e+00 3.422172942931843931e+00 3.487188071027046643e+00 3.553016580744043473e+00 3.620337944622753490e+00 3.689394730430545444e+00 3.759712590859720205e+00 3.831070679771250376e+00 3.908017606647744113e+00 3.981082991852507469e+00 4.055233657064698072e+00 4.499017137794512067e+00 4.540669955212482733e+00 4.572917244055206609e+00 4.602343760733077715e+00 4.631325734272500938e+00 4.660534864913026709e+00 4.688328101430959016e+00 4.714596116266038806e+00
2.735095482884613904e+00 2.660188873410011645e+00 3.302305421972714150e+00 3.362820926354221918e+00 3.424346404086851869e+00 3.487334002901461893e+00 3.551952529199138731e+00 3.617416468984131939e+00 3.685572028594475746e+00 3.756182049623337793e+00 3.824038601931487591e+00 3.892078230772438197e+00 3.960313490078371856e+00 4.029036851793962981e+00 4.491524838132354702e+00 4.525445344962356842e+00 4.557192769254138298e+00 4.589292563976107964e+00 4.620224352659007216e+00 4.649350116575615921e+00 4.676882445184186388e+00
2.702991073016324464e+00 2.801422260532269615e+00 3.005542780057175012e+00 3.320122014484032213e+00 3.378634617904005655e+00 3.438387533782157668e+00 3.500655514905241628e+00 3.562845805622310458e+00 3.625689403922717435e+00 3.694074843350316772e+00 3.761624464490961550e+00 3.827711237464245908e+00 3.894162233580195753e+00 3.961153378590649421e+00 4.393703273995455127e+00 4.429004442845081435e+00 4.458039559957202691e+00 4.485310607759586787e+00 4.512729368148460374e+00 4.540201419844808406e+00 4.566115273655590556e+00
2.861005214182002820e+00 3.170249278079104727e+00 3.226138586676734032e+00 3.282856504246759233e+00 3.340780489841939538e+00 3.400015265374660700e+00 3.460745260897815978e+00 3.523827291005948936e+00 3.588409437516820510e+00 3.652024117140395987e+00 3.715732687438070947e+00 3.779107718312181952e+00 3.841747446266988053e+00 3.903494654951616738e+00 3.964456596035542901e+00 4.024815066687022380e+00 4.084627952701391784e+00 4.556123153389479263e+00 4.587752754363499719e+00 4.617536991984782624e+00 4.645647998557768332e+00
3.091754851947102090e+00 3.145885182181705986e+00 3.200133570792519588e+00 3.255230878981597797e+00 3.311395339211059774e+00 3.368739472689147085e+00 3.427867866187231716e+00 3.489427036080674949e+00 3.551729901387263855e+00 3.613746134334062887e+00 3.676088087393791781e+00 3.738317757009345765e+00 3.800022109219544308e+00 3.860870764245578624e+00 3.920948181574295255e+00 3.980372645232130857e+00 4.039076352234840961e+00 4.493760586262919965e+00 4.524793813372822271e+00 4.553954005064548838e+00 4.581488011773036106e+00
2.737994945240100897e+00 2.616755498629645960e+00 3.164779520360081477e+00 3.217008182390376891e+00 3.270156689209874123e+00 3.324352963175865483e+00 3.379706586289426884e+00 3.437040295860428252e+00 3.497946705283998536e+00 3.559190737729515774e+00 3.619733114293073317e+00 3.680657796049890518e+00 3.741529592727574460e+00 3.801933353516435687e+00 3.861749372465727248e+00 3.921136992143967159e+00 4.366327987469331262e+00 4.392647805735150790e+00 4.418973030667673108e+00 4.446177313551263666e+00 4.472087295144000940e+00
2.661716807340734903e+00 2.563445270443475810e+00 3.271727402457276224e+00 3.330557868442964420e+00 3.389596015495295767e+00 3.530413473719186790e+00 3.511816228722525413e+00 3.574546479415423583e+00 3.639310041749066027e+00 3.708409161144112787e+00 3.775683227042129442e+00 3.842300989392504640e+00 3.909438206871009402e+00 3.977419422367053148e+00 4.394336798450996007e+00 4.429954800617424304e+00 4.459354697072605234e+00 4.487018240408998437e+00 4.514892198266280410e+00 4.542482535531160437e+00 4.568545225188366032e+00
2.557526587620150504e+00 3.196953164636137767e+00 3.254509573105286879e+00 3.312766574185266322e+00 3.372750925785713783e+00 3.432816351190844273e+00 3.495183636948285155e+00 3.559414301866249630e+00 3.626321515244497640e+00 3.691167662585488785e+00 3.756025290570290220e+00 3.820479157549614424e+00 3.884384082348942613e+00 3.947641803448992182e+00 4.010482571687375319e+00 4.073404123113461672e+00 4.136647247405977446e+00 4.585460667697824455e+00 4.617463518643008413e+00 4.647613762486126454e+00 4.676142732380225375e+00
2.787514721562122766e+00 3.123893621009225630e+00 3.176400723666946924e+00 3.229702024882747491e+00 3.283957518166573220e+00 3.339246582489825421e+00 3.395994141910104958e+00 3.455066855543654558e+00 3.516804810437324402e+00 3.576882334328440383e+00 3.637486702583987430e+00 3.698199046841528670e+00 3.758613489246188877e+00 3.818542844050709206e+00 3.878008919420514289e+00 3.937062260840735295e+00 4.379931700440046427e+00 4.409171075837742038e+00 4.439142135782259579e+00 4.178196662922271543e+00 4.494657486669254354e+00
2.771407389957804668e+00 2.770581960740853500e+00 3.143226347221737438e+00 3.193867773874161209e+00 3.245497735056899646e+00 3.298477086111305301e+00 3.351627634169843439e+00 3.406681266729238544e+00 3.465219590965478602e+00 3.524679668818334388e+00 3.582871119991732023e+00 3.641510471060297682e+00 3.700290437890974449e+00 3.758927452700162597e+00 3.817376698732631191e+00 4.242179784970165457e+00 4.273533729898883138e+00 4.300299633780934272e+00 4.326239673677921616e+00 4.352963124183818699e+00 4.188869966489040308e+00
2.688857787001095900e+00 2.909369589282166046e+00 2.928073954782171917e+00 3.523486455303538101e+00 3.594511457505270347e+00 3.666779668052663421e+00 3.740622467286871089e+00 3.815840594993617163e+00 3.892944038929440520e+00 3.970970833903874730e+00 4.054174769289969227e+00 4.134651827860661655e+00 4.604937592786055411e+00 4.653199759128483493e+00 4.690496226909652400e+00 4.724830008833377448e+00 4.758981715854305072e+00 4.792124485702354164e+00 4.823328372195579306e+00 4.852776334855237295e+00 4.880630769971059379e+00
2.531147172146131830e+00 2.567540581405300504e+00 2.743233357717629772e+00 3.285817154761987879e+00 3.342109211944289004e+00 3.399650119341884213e+00 3.458077723754918509e+00 3.517581007821444672e+00 3.579985129292539536e+00 3.643713562864371092e+00 3.710855627100241083e+00 3.774594917336371314e+00 3.838613712076552442e+00 3.903120442079746510e+00 4.317375035978124664e+00 4.357417140989677584e+00 4.387468293686159093e+00 4.415011037527594162e+00 4.442470013327409539e+00 4.343659291638799935e+00 4.496122958587249308e+00
2.594575894948504491e+00 3.227401323921224030e+00 3.286460482060820087e+00 3.346323575546740425e+00 3.407415649077911723e+00 3.469860789185137850e+00 3.533397534935601936e+00 3.598989514482472174e+00 3.667972372555261540e+00 3.734827264239028999e+00 3.801492949958528822e+00 3.868097862875930382e+00 3.934534862049685167e+00 4.001020950173492352e+00 4.067927494363506646e+00 4.135991397137892989e+00 4.560530679933664899e+00 4.594012698673906492e+00 4.625570429487665614e+00 4.655299398285182022e+00 4.683389120762566193e+00
2.942062385732398422e+00 2.858265747257850986e+00 2.897211089420350660e+00 2.610689715999294336e+00 3.562156200549393859e+00 3.600448997169058529e+00 3.708842154425198157e+00 3.776065339915807950e+00 3.738809535349059576e+00 3.927269720750452109e+00 4.004252792621127988e+00 4.089171193152001393e+00 4.172452239102034000e+00 4.260699854311553736e+00 4.355521141561350618e+00 4.614229733545449186e+00 4.644237730333702352e+00 4.681873575643241026e+00 4.703059715226325821e+00 4.730790590526076755e+00 5.001712915381980373e+00
2.710083595655526700e+00 2.687658695636798267e+00 3.148085963734049475e+00 3.198839887400835913e+00 3.250705472251425032e+00 3.302828046514827864e+00 3.355399746946935657e+00 3.410617460969310955e+00 3.468127904557119834e+00 3.529069847904009460e+00 3.586949023935986691e+00 3.645267342531328669e+00 3.703805317018298737e+00 3.762489374451303714e+00 3.821355122005447136e+00 4.208957489529355556e+00 4.242356803071187343e+00 4.269619590667438125e+00 4.295532646048109804e+00 4.322084479600447615e+00 4.347766076382658440e+00
2.516936887807537993e+00 3.061021099689626990e+00 3.404409057117646409e+00 3.471957003284471543e+00 3.540093291870279657e+00 3.609657221396937121e+00 3.680734480148340371e+00 3.753284123608156886e+00 3.827498138444087150e+00 3.904938719865175933e+00 3.980099502487561836e+00 4.055400900436470835e+00 4.571871904461731084e+00 4.621773381344590703e+00 4.659257533608320401e+00 4.693604273940833238e+00 4.727905606336762823e+00 4.761280439417881816e+00 4.792682258859615629e+00 4.822298307373294790e+00 4.850332594235033490e+00
2.884462840907452197e+00 2.883323839462154758e+00 3.363252264940197023e+00 3.427628081367693369e+00 3.493083694285314511e+00 3.560010610227700489e+00 3.628546390623288431e+00 3.698756806739956549e+00 3.770558111156053549e+00 3.845757648593894906e+00 3.918252871666906945e+00 3.990779922248597789e+00 4.063702032551654852e+00 4.572785782048744530e+00 4.609848563034518953e+00 4.642081837172153058e+00 4.673118731078949040e+00 4.704645145221325819e+00 4.734978452416898520e+00 4.763557424684754515e+00 4.790583082398028658e+00
2.729907183155772632e+00 2.759477079093511254e+00 2.959705720688342812e+00 3.426094252552090769e+00 3.491205652960192918e+00 3.557750664462255852e+00 3.625613565372601155e+00 3.694898947999525340e+00 3.765480307932611126e+00 3.840482803552446089e+00 3.912389921134455495e+00 3.984337432163220338e+00 4.057157789055300334e+00 4.527121573792080689e+00 4.567284403415774463e+00 4.602691544099966947e+00 4.637512632030676762e+00 4.671484707757412203e+00 4.703408587870739233e+00 4.733497149460172082e+00 4.761937625518464223e+00
2.912925378134125332e+00 3.208280152602542401e+00 3.266815411027934601e+00 3.326114956194358374e+00 3.386690995548920391e+00 3.448703977045426416e+00 3.512275748080300630e+00 3.578088337496301286e+00 3.644816108711797842e+00 3.711059644975294169e+00 3.777342811029841041e+00 3.843065668384608280e+00 3.908044400869368218e+00 3.972221841741202297e+00 4.035622922338198748e+00 4.572410353045502696e+00 4.161493698804958008e+00 4.639484744282516893e+00 4.671099631807440034e+00 4.700912930917018784e+00 4.729136966772672146e+00
2.367061641069911904e+00 2.889440153351750418e+00 2.706378726475323404e+00 2.961939082786197552e+00 3.653559808084708038e+00 3.728998487683946816e+00 3.805885975656169151e+00 3.884788279038791980e+00 3.965769150490503048e+00 4.047277691268169164e+00 4.133398549177108805e+00 4.224523009799508344e+00 4.643201175353610211e+00 4.689762045551862713e+00 4.726674886970816836e+00 4.760674111454181734e+00 4.751117201109970267e+00 4.873628862865693634e+00 4.857805104859193257e+00 4.886845438026540478e+00 4.914373860991474885e+00
2.853616602341392472e+00 3.120384431361943545e+00 3.172895197892093844e+00 3.226236314796501858e+00 3.280496401923627570e+00 3.335881576204044130e+00 3.392873551843814894e+00 3.452514120782753881e+00 3.513437174920947204e+00 3.573563874018129027e+00 3.634194340256587719e+00 3.694795914810554915e+00 3.755032786999242145e+00 3.814570271319979611e+00 3.873314935087390776e+00 3.931414067565143888e+00 3.988858704996388838e+00 4.428973792931634179e+00 4.459660654129302237e+00 4.488547298930344098e+00 4.515801832720804931e+00
2.692781927181507662e+00 3.074042505624100308e+00 3.123633410382956832e+00 3.173748956457544068e+00 3.224766204450177476e+00 3.276996876394466351e+00 3.330380868024800822e+00 3.386059110917622128e+00 3.444997175102316511e+00 3.502626970227670888e+00 3.561253561253561184e+00 3.620438769329313633e+00 3.679635646643894198e+00 3.738188363158076566e+00 3.795799775012595134e+00 3.852318614265961116e+00 3.907535373478117524e+00 4.362941314976661822e+00 4.389514547125553889e+00 4.066217315193869197e+00 4.443055989447741716e+00
2.852928078378980103e+00 3.195731614122354181e+00 3.253203020633613551e+00 3.311600952085273608e+00 3.371173030615754573e+00 3.431968096424574899e+00 3.494450812110368787e+00 3.559165899003433609e+00 3.625461897789862498e+00 3.690499401164248017e+00 3.755659570324725305e+00 3.820319934429417863e+00 3.884330195811859454e+00 3.947587123940384579e+00 4.010233008366174801e+00 4.072644941291787113e+00 4.135079255685734090e+00 4.598963517177471871e+00 4.630781565342401151e+00 4.660726525017135025e+00 4.689060896629992037e+00
2.840909090909090828e+00 2.821093314714117284e+00 3.054791857591157456e+00 3.397704815726519278e+00 3.461117802605529814e+00 3.525922443533389128e+00 3.592226973479693442e+00 3.660625483478836983e+00 3.728071689437820968e+00 3.801755719914287290e+00 3.871681415929203673e+00 3.941663381947181133e+00 4.012313652243090445e+00 4.480134675563579805e+00 4.521848751010564271e+00 4.557066906027756659e+00 4.591179453444069303e+00 4.624995685638352505e+00 4.656736860126690303e+00 4.686681553772777953e+00 4.714982711730057119e+00
2.952071018394213819e+00 2.764279686908952982e+00 2.959720272018942389e+00 2.569319546966466472e+00 3.607929118069480356e+00 3.680785604655846033e+00 3.754928343450779415e+00 3.831150738367233632e+00 3.908794788273615151e+00 3.987213419035506856e+00 4.068628803133534255e+00 4.155498763739118750e+00 4.241383386292682189e+00 4.332040597409027249e+00 4.428881845736509781e+00 4.715443771800258865e+00 4.747790581739996796e+00 4.780081607770057417e+00 4.889268400176288054e+00 4.839248348862094318e+00 4.866413521775486473e+00
2.765023902904002462e+00 2.594197411411664156e+00 3.170711084805951874e+00 3.103399633234588784e+00 3.296975025414182525e+00 3.351791462707828462e+00 3.407557824170016403e+00 3.462172305391294724e+00 3.468392538793970470e+00 3.582895806633869196e+00 3.648881239242684593e+00 3.710116250309175800e+00 3.771644093948224974e+00 3.833500613360098175e+00 3.895923194657019195e+00 4.279492258950695849e+00 4.310794368155744571e+00 4.337259815632035220e+00 4.362525902497545793e+00 4.388280548260801162e+00 4.413640908934174156e+00
2.817893624515674489e+00 2.804144525608850191e+00 2.885794675708823309e+00 3.487417943107220974e+00 3.556534958646563993e+00 3.627055040560239974e+00 3.699314256746109475e+00 3.772860102347404876e+00 3.847977406875510376e+00 3.926214715728278737e+00 4.003423617438360615e+00 4.079939146670354511e+00 4.608928939946343561e+00 4.655652852614355020e+00 4.691726003201412531e+00 4.724862362705086305e+00 4.757734766629661216e+00 4.790419161676646276e+00 4.821169064624326595e+00 4.850157459337236965e+00 4.877613129710159257e+00
2.721962046077932129e+00 2.836172965045897332e+00 3.201559020044543846e+00 3.256223196779803430e+00 3.311326807260083882e+00 3.367767032997244225e+00 3.425974479986016341e+00 3.485073430497179992e+00 3.547307871545721358e+00 3.612817163660617670e+00 3.675552719909012556e+00 3.738447159818615528e+00 3.801103727897285456e+00 3.863214608470097122e+00 3.924862974082131917e+00 3.986281692657681397e+00 4.433760313688542176e+00 4.461405411341578642e+00 4.489795918367345706e+00 4.517732098486558989e+00 4.544108838291689878e+00
2.743214062137315779e+00 2.655533098269477588e+00 3.125738021477292961e+00 3.037079985642894719e+00 3.428563431922023952e+00 3.491376300537671451e+00 3.554626241505488782e+00 3.617164838375336089e+00 3.686161592978209889e+00 3.755111123473616530e+00 3.825927265644564201e+00 3.894812249184523179e+00 3.964886409482339502e+00 4.340756256201080632e+00 4.411632924567970626e+00 4.447471195674833844e+00 4.478619758292336606e+00 4.508753919147637568e+00 4.538952464788732044e+00 4.567474048442906387e+00 4.594422234260673754e+00
2.683067778419879534e+00 2.933621448350374195e+00 2.862848604186741142e+00 3.496943671231343753e+00 3.566700733231362275e+00 3.637736367068189924e+00 3.710396668888324090e+00 3.784724850503368820e+00 3.860684444199320886e+00 3.938204731372982881e+00 4.017622121858635431e+00 4.094808465334033976e+00 4.634978174095314429e+00 4.679585994274388483e+00 4.715047150471503912e+00 4.747815316865064972e+00 4.780473813247375858e+00 4.812939350185398979e+00 4.843486202983586786e+00 4.872324510537259457e+00 4.899592381133847319e+00
2.890465798563437883e+00 2.873482660985113846e+00 2.764244497425797142e+00 3.300035062872543001e+00 3.357512083546092541e+00 3.416157728882567746e+00 3.476326218452339134e+00 3.538128538128537670e+00 3.601382376773853533e+00 3.668249186989002375e+00 3.736920777279521655e+00 3.802807163105856425e+00 3.868580793551427366e+00 3.934127520947503065e+00 4.430844214286702609e+00 4.463120888779027240e+00 4.490252697605659371e+00 4.515753822996133593e+00 4.541388563957888813e+00 4.567790158488477026e+00 4.593157587061214464e+00
2.739219459415039193e+00 2.716955894749307987e+00 2.719919833941736087e+00 3.285932016163988667e+00 3.342385627741800480e+00 3.400038857586943575e+00 3.459465443399685647e+00 3.520543406229290628e+00 3.580971269592045036e+00 3.645543151537661952e+00 3.712564969886972932e+00 3.776512836710451015e+00 3.840693519515523402e+00 3.905099237477991370e+00 4.339380914989461324e+00 4.377401491095809227e+00 4.406863690197481809e+00 4.434036774792501134e+00 4.461221688400823560e+00 4.488696645719414846e+00 4.514672686230247756e+00
2.896011979600774389e+00 3.053391750161545737e+00 3.392740919225070151e+00 3.459230497705612528e+00 3.526889001749336838e+00 3.596006317689530274e+00 3.666931885010551007e+00 3.738757763115077903e+00 3.812772093281202146e+00 3.888861882903591027e+00 3.962378261141581426e+00 4.036119852236968342e+00 4.110349174162345243e+00 4.185708208105177519e+00 4.263140606763716534e+00 4.707359171504784889e+00 4.742659188386670444e+00 4.776461597248757407e+00 4.808253710941524872e+00 4.838292014773826644e+00 4.866713734414520154e+00
2.831337240578724934e+00 2.934169804598263376e+00 2.994283008488443976e+00 3.419662360683652924e+00 3.484296276680998616e+00 3.550246428869768156e+00 3.617567464154776147e+00 3.687905756612137154e+00 3.756626271339723377e+00 3.830136909984818150e+00 3.903815465958043962e+00 3.975870578557718638e+00 4.048860828987097982e+00 4.508378648318720927e+00 4.548818325627498993e+00 4.582669302271498601e+00 4.614956531181497290e+00 4.647411801692205024e+00 4.678362573099414945e+00 4.707487634316902536e+00 4.735075932775647090e+00
2.812168758968294657e+00 2.803220900815036387e+00 3.200614517987452778e+00 3.249963697214020453e+00 3.304088633935099217e+00 3.359885763884027821e+00 3.415110119877335038e+00 3.472969875459299693e+00 3.528581510232886131e+00 3.593195041390842448e+00 3.658199889563776619e+00 3.719674321848265297e+00 3.781498160816803900e+00 3.843804267995524437e+00 3.906892581016613519e+00 4.279964931900235747e+00 4.311513828137494286e+00 4.338215547338195144e+00 4.363804965191836693e+00 4.389845738077110759e+00 4.415315626077958022e+00
2.735440791734760069e+00 2.785340751624201694e+00 3.299959277098282406e+00 3.360473826809580178e+00 3.422026677840630970e+00 3.485049139192862633e+00 3.549579270457061231e+00 3.614700709732581618e+00 3.683958100189758778e+00 3.751823803237684718e+00 3.818701919071291417e+00 3.885704769702604366e+00 3.952870685649692017e+00 4.020546378388870856e+00 4.089327548205547558e+00 4.517979504802063673e+00 4.553451309117250823e+00 4.587972663900188763e+00 4.620318530195139495e+00 4.650812866337005858e+00 4.679618198209357871e+00
2.894764712112118499e+00 2.703208500551038451e+00 3.278025373311294288e+00 3.337064356676561427e+00 3.397139469907583642e+00 3.458388667552014351e+00 3.521515770866707307e+00 3.585638140157078713e+00 3.652049281993329455e+00 3.721622627465575039e+00 3.788217953398031135e+00 3.854890892820265869e+00 3.921541647460285773e+00 3.988392402800125858e+00 4.462262985185287079e+00 4.495843074326660194e+00 4.526624783956544995e+00 4.557413046630621523e+00 4.587941246961344532e+00 4.616709732988802273e+00 4.643888847154593158e+00
3.036660777385158827e+00 2.748862477303799512e+00 2.728780235234849361e+00 3.382132676233270185e+00 3.444593710171885537e+00 3.508385729813023435e+00 3.574030544214881644e+00 3.640835056432943695e+00 3.709045950958169691e+00 3.781472161489487505e+00 3.851947641025993629e+00 3.921622588546109789e+00 3.991631338435280618e+00 4.478948939982084099e+00 4.520331216996446244e+00 4.553074359982614894e+00 4.583515761821365331e+00 4.613985805208375979e+00 4.644231102485009366e+00 4.574253099568517555e+00 4.699632202697181071e+00
2.708616965921321729e+00 2.552991830426142528e+00 2.922511690046760258e+00 3.311052707820292706e+00 3.372633886538975112e+00 3.427915827177075769e+00 3.488258521815568169e+00 3.548566657389367940e+00 3.612340310244458674e+00 3.678001387925051713e+00 3.747475658757642325e+00 3.812930687852696288e+00 3.878761012910732386e+00 3.945237337172441627e+00 4.364845671528042814e+00 4.401923090150009266e+00 4.431264273783958707e+00 4.458467658961518865e+00 4.485635614566584550e+00 4.513011358902435433e+00 4.538921249716317163e+00
3.080326514610548294e+00 2.956580503463422716e+00 3.395868129431087734e+00 3.462388078305369099e+00 3.530151019860629624e+00 3.599338275501657858e+00 3.670029706466869435e+00 3.742307479070798859e+00 3.816449591639893946e+00 3.892321700388536865e+00 3.966110271541790855e+00 4.040376371331132255e+00 4.115480379447291170e+00 4.192180552405692318e+00 4.652244708071644475e+00 4.687392293375611807e+00 4.722566338368455519e+00 4.756422894248863997e+00 4.788223705811535780e+00 4.818182443919797109e+00 4.846638510004846800e+00
2.724307273183496303e+00 3.032337715783317567e+00 3.127976909843174003e+00 3.177958783256301878e+00 3.228908558713490251e+00 3.280702489145761014e+00 3.334630133940976737e+00 3.387627554547717246e+00 3.445875631456709609e+00 3.505299187595364518e+00 3.563268984887546953e+00 3.621724776776385823e+00 3.680197758551251308e+00 3.738343636854530416e+00 3.795878366253951253e+00 3.852875208124062478e+00 4.290212088710513960e+00 4.316753801141541835e+00 4.342910715270502209e+00 4.370023029327709807e+00 4.395936506192088089e+00
2.712445126521289218e+00 2.851876325948596413e+00 2.879597699131204447e+00 2.928911142414817093e+00 3.570303475795442161e+00 3.640860067321562976e+00 3.712794703079556502e+00 3.786992026660423782e+00 3.860870764245578624e+00 3.938014273574542479e+00 4.017956107293282564e+00 4.099784587589465623e+00 4.181805717419619484e+00 4.267621145374449476e+00 4.358775668345602483e+00 4.663283500205732679e+00 4.696081834330400717e+00 4.728683233048697865e+00 4.794356357658984713e+00 4.788551258020822488e+00 5.037713844051701528e+00
2.778510995957266250e+00 3.141010428154621170e+00 3.194842813733564491e+00 3.249087490321866944e+00 3.304419661296984945e+00 3.360944425383532774e+00 3.418755712461713170e+00 3.478623856402407455e+00 3.542552304742851987e+00 3.604427901044590765e+00 3.666526001203727514e+00 3.728689503739047062e+00 3.790463194602380792e+00 3.851629720825623604e+00 3.912175100721349885e+00 3.972303456588887283e+00 4.431580550900856785e+00 4.460884902306619715e+00 4.490956845987398083e+00 4.217688015543217261e+00 4.546456519343105462e+00
2.705177293157982277e+00 2.774675536379464180e+00 3.026783514588392343e+00 3.396527224205454942e+00 3.460255505266508713e+00 3.523997733585771730e+00 3.589771911415474470e+00 3.658048396670486202e+00 3.726856572276405544e+00 3.796978985447215127e+00 3.872136520470463861e+00 3.943381345730770704e+00 4.015202386968591775e+00 4.485188683733035475e+00 4.527649532485884976e+00 4.559176032549753010e+00 4.587438634449609864e+00 4.614865376800314500e+00 4.642847243396069246e+00 4.670105146043803224e+00 4.695840728131537745e+00
2.842918359705445930e+00 2.734251761489115307e+00 3.279466354070724510e+00 3.338828488554078433e+00 3.399189744158942705e+00 3.460891921289428907e+00 3.524143840349373669e+00 3.589202023757756876e+00 3.656660296258477327e+00 3.726965284008557866e+00 3.794647477249363021e+00 3.862202144901548451e+00 3.929327257812122998e+00 3.996031527310808240e+00 4.062633412749782735e+00 4.129614844588828326e+00 4.583703906410343976e+00 4.613022493648488265e+00 4.642815070439127112e+00 4.670939202231060960e+00 4.697584488439856543e+00
2.687171854975402230e+00 2.812880178336603532e+00 2.663937299328407171e+00 3.415610034922869964e+00 3.480052339987192767e+00 3.545704830501403837e+00 3.613017981712570048e+00 3.682192085371275958e+00 3.752345215759850028e+00 3.824942799719040387e+00 3.900289442532314688e+00 3.972412281602936801e+00 4.045057830614917194e+00 4.535646054675151362e+00 4.574058159842541826e+00 4.605633996452974444e+00 4.635170567358713356e+00 4.664723032069971076e+00 4.694349521935728298e+00 4.722307771276049060e+00 4.748762912849877615e+00
2.856207374588113801e+00 2.836565403587909096e+00 2.897792730074140621e+00 3.424418198336711239e+00 3.489597509823217258e+00 3.556138173400086533e+00 3.624375318004084523e+00 3.694589865670288908e+00 3.765585339321078973e+00 3.839798136326546540e+00 3.914136211940175691e+00 3.986637889556383652e+00 4.059502676519561426e+00 4.573597373253329046e+00 4.610200747123708531e+00 4.641638225255971584e+00 4.671613080516625160e+00 4.702042622633420876e+00 4.731893648975784572e+00 4.760065123209801463e+00 4.786680541103017106e+00
2.749235368913020672e+00 2.905102351715781683e+00 2.923834121144193610e+00 2.960206368672558597e+00 3.626321515244497640e+00 3.699851307862533023e+00 3.774853981784613399e+00 3.852318614265961116e+00 3.927702707358584622e+00 4.009928028705553871e+00 4.093725498359040316e+00 4.185564605218918821e+00 4.276746913154445551e+00 4.374210212045047008e+00 4.479082683866344006e+00 4.691046310285118537e+00 4.722954242102741951e+00 4.824352789291295629e+00 4.784917938657351932e+00 4.813411539810351414e+00 4.840370049699011190e+00
2.740951254345850074e+00 3.106927742746382837e+00 2.958681666494650031e+00 3.106509944444042937e+00 3.503265043020094005e+00 3.570678428901491230e+00 3.638271820885079944e+00 3.708536501613900249e+00 3.676547097955701116e+00 3.800862450243255086e+00 3.923134102359386421e+00 4.003699971007689484e+00 4.080729274736827783e+00 4.465696579963449153e+00 4.512049222355152267e+00 4.338305168780729026e+00 4.437374985493196533e+00 4.543264266538169949e+00 4.632862901831709124e+00 4.660534864913026709e+00 4.873026767330130404e+00
