4.087542694037036739e+00 3.918360612914090879e+00 3.379263734293319832e+00 3.444569979883711053e+00 3.510486718658580862e+00 3.579196608022906734e+00 3.647525188570170052e+00 3.719956187182683394e+00 3.791011855527984142e+00 3.869059956611256013e+00 3.942520766208517990e+00 4.016147683444470040e+00 4.087571012886241029e+00 4.597764251353594567e+00 4.634236100699223648e+00 4.666387598388723745e+00 4.697616470251833043e+00 4.729331450739557852e+00 4.759638267491670405e+00 4.788190953055207366e+00 4.815232644525767824e+00
4.310285847210629129e+00 4.293896433988267702e+00 4.178511490906600123e+00 3.422172942931843931e+00 3.487188071027046643e+00 3.553561225769589438e+00 3.620363150272919661e+00 3.689908448497928983e+00 3.759895836959775917e+00 3.828457270936440615e+00 3.911638152883288644e+00 3.981055666140434379e+00 4.058553228957433312e+00 4.499008173198181915e+00 4.540669955212482733e+00 4.572910623485650028e+00 4.602343760733077715e+00 4.631293720795199853e+00 4.660534864913026709e+00 4.688329506829103543e+00 4.714593747616703467e+00
4.119747322164240444e+00 3.994545379412938857e+00 3.302305421972714150e+00 3.363259478900694877e+00 3.423724313333659008e+00 3.487309680074209606e+00 3.550814946842210773e+00 3.617567464154776147e+00 3.682908524890902147e+00 3.756182049623337793e+00 3.820797643609889160e+00 3.892051180473023564e+00 3.963149661046410532e+00 4.029036851793962981e+00 4.491537534962536604e+00 4.525414315393950559e+00 4.557203101618827468e+00 4.589293040267569346e+00 4.620211702237699392e+00 4.649350116575615921e+00 4.676888039367195660e+00
4.189733093396706742e+00 4.210554910389884498e+00 3.997105544261053023e+00 3.320122014484032213e+00 3.379123910404942865e+00 3.438198384046759148e+00 3.501155381275820933e+00 3.563791874554525840e+00 3.625487174839118865e+00 3.697347676251865778e+00 3.761624464490961550e+00 3.824384274131864547e+00 3.894162233580195753e+00 3.964059196617336855e+00 4.393703752780935723e+00 4.429035093182745797e+00 4.458070135731088790e+00 4.485295132419713227e+00 4.512727944042172368e+00 4.540170187591577644e+00 4.566115273655590556e+00
4.115762685123574904e+00 3.170249278079104727e+00 3.225740032806462487e+00 3.282214586999637085e+00 3.340780489841939538e+00 3.398694623819993765e+00 3.460590792060020515e+00 3.521418510232827259e+00 3.588434200538265451e+00 3.649232972541242681e+00 3.715732687438070947e+00 3.776616563553589767e+00 3.841747446266988053e+00 3.903527115572284600e+00 3.966045087670470259e+00 4.024815066687022380e+00 4.084825910258451209e+00 4.556118459079936400e+00 4.587752754363499719e+00 4.617505168849069364e+00 4.645633787421263428e+00
3.091763541924313241e+00 3.146127117518335403e+00 3.200133570792519588e+00 3.255997616886850743e+00 3.311395339211059774e+00 3.368822947298975912e+00 3.429547299756432022e+00 3.489427036080674949e+00 3.554651016908986882e+00 3.613746134334062887e+00 3.678792800671899954e+00 3.738343636854530416e+00 3.802255082923727159e+00 3.860870764245578624e+00 3.922432183211989720e+00 3.980372645232130857e+00 4.039081596412181341e+00 4.493770000680873622e+00 4.524792381641873362e+00 4.553954005064548838e+00 4.581478518336171035e+00
4.093895931777652208e+00 3.723008190618019242e+00 3.164556962025316444e+00 3.216985684413704139e+00 3.269315043718393543e+00 3.324422035377391005e+00 3.378611321795490507e+00 3.438789546079779935e+00 3.497971176717503461e+00 3.562372959493724345e+00 3.619733114293073317e+00 3.683522837841594733e+00 3.741529592727574460e+00 3.804280161024804041e+00 3.861749372465727248e+00 3.922675126798752743e+00 4.366335552887239402e+00 4.392662162444829654e+00 4.419004481146731500e+00 4.446173511921302612e+00 4.472087295144000940e+00
4.128307806630061805e+00 3.998924427223022438e+00 3.271727402457276224e+00 3.330557868442964420e+00 3.389103685823171563e+00 4.421782807555721284e+00 3.510776707717512934e+00 3.575505040086911723e+00 3.638735367821221534e+00 3.708409161144112787e+00 3.779159652317312101e+00 3.842274626578934704e+00 3.912577908349578415e+00 3.977424686092042805e+00 4.394316683755675967e+00 4.429954800617424304e+00 4.459354697072605234e+00 4.487029034529413707e+00 4.514888872167078127e+00 4.542482535531160437e+00 4.568580625064893930e+00
4.004999344008727924e+00 3.196953164636137767e+00 3.254194102292475410e+00 3.312766574185266322e+00 3.372263477010109867e+00 3.434090001191419272e+00 3.495037047392702600e+00 3.561551998659179930e+00 3.626321515244497640e+00 3.694152087544434249e+00 3.756025290570290220e+00 3.823134831538777423e+00 3.884384082348942613e+00 3.945510424453858356e+00 4.012213449755527073e+00 4.072223295878082183e+00 4.136590208690975601e+00 4.585434991037558028e+00 4.617473346151991009e+00 4.647634149175385865e+00 4.676174888940845875e+00
3.937415811832970292e+00 3.123741826208887851e+00 3.176422657560921792e+00 3.229656673453625615e+00 3.284714893735978691e+00 3.340423211169284201e+00 3.394621257256869029e+00 3.455066855543654558e+00 3.513679235533631040e+00 3.576882334328440383e+00 3.637457417265331561e+00 3.695439966531864684e+00 3.758613489246188877e+00 3.820771101076762655e+00 3.879794438961304159e+00 3.938395207594883818e+00 4.379927418345638479e+00 4.409171075837742038e+00 4.439132661772237753e+00 4.178225281687728554e+00 4.494661724843723505e+00
4.019264751741103758e+00 3.770396799352049744e+00 3.142962906053345939e+00 3.193912125756817932e+00 3.244870343265858104e+00 3.298546534069774161e+00 3.352727933113077263e+00 3.405686801921084861e+00 3.465219590965478602e+00 3.528020088961447698e+00 3.582895806633869196e+00 3.641533085428965588e+00 3.703134388843084768e+00 3.758901287075644415e+00 3.815125933838779737e+00 4.242187874184917717e+00 4.273533729898883138e+00 4.300311943263185555e+00 4.326239673677921616e+00 4.352963124183818699e+00 4.188869966489040308e+00
4.288846922752332702e+00 4.449697559618994269e+00 4.485976148409894115e+00 3.523486455303538101e+00 3.594511457505270347e+00 3.667413988762489474e+00 3.740467004232268966e+00 3.815496465462818954e+00 3.893025228193844445e+00 3.971133964150245887e+00 4.057743756920516809e+00 4.134623335814106682e+00 4.604937592786055411e+00 4.653197858139970222e+00 4.690496226909652400e+00 4.724847137298499256e+00 4.758981715854305072e+00 4.792165850609438671e+00 4.823328372195579306e+00 4.852753591037657799e+00 4.880594890288294074e+00
3.813195041459829682e+00 4.131093362709997052e+00 4.067534867046762592e+00 3.285748241775142464e+00 3.342083092540887979e+00 3.399119003850022303e+00 3.459297900898033351e+00 3.516974574342635496e+00 3.580847972344836094e+00 3.646621714600247532e+00 3.710881128107862637e+00 3.771178596161625762e+00 3.835345146196383670e+00 3.903119010280536649e+00 4.317345449312307792e+00 4.357419024629792581e+00 4.387468293686159093e+00 4.415011037527594162e+00 4.442470013327409539e+00 4.343689240061225476e+00 4.496127199525862927e+00
4.052893697406834583e+00 3.227390724759700014e+00 3.286782240186857162e+00 3.346300246789642774e+00 3.408197758936085453e+00 3.469595930857892085e+00 3.532222876337569595e+00 3.599114064230342969e+00 3.664827338228989539e+00 3.734827264239028999e+00 3.798526171845324040e+00 3.868097862875930382e+00 3.931956458755846207e+00 4.001020950173492352e+00 4.069947918463077130e+00 4.135962886626364465e+00 4.560553256371160380e+00 4.594012698673906492e+00 4.625570429487665614e+00 4.655302252344765357e+00 4.683389120762566193e+00
4.400198008910400027e+00 4.410560141137923829e+00 4.372813593203398241e+00 4.061962134251291268e+00 3.562131798876558175e+00 4.677268475210476950e+00 3.993358414426532832e+00 3.776097986309928878e+00 3.947751167010651319e+00 3.927080319126948105e+00 4.004280437709274665e+00 4.093072301694115289e+00 4.168773833768435466e+00 4.260699854311553736e+00 4.358745511529918737e+00 4.614229733545449186e+00 4.644198910346164944e+00 4.681873575643241026e+00 4.703050758366934758e+00 4.730790590526076755e+00 5.001712915381980373e+00
4.005690843543241009e+00 3.825262030449085415e+00 3.148284185119109679e+00 3.198909589079200533e+00 3.251267648503378904e+00 3.301953070113811783e+00 3.356455582904453117e+00 3.410664465651197741e+00 3.468127904557119834e+00 3.525556830593537416e+00 3.586949023935986691e+00 3.648454225667219220e+00 3.706838067128739311e+00 3.762463159214898933e+00 3.823825911634859409e+00 4.208957489529355556e+00 4.242333009456296544e+00 4.269590188206290549e+00 4.295532646048109804e+00 4.322084479600447615e+00 4.347766076382658440e+00
4.287838445312769586e+00 4.194601547807971009e+00 3.404432710345306479e+00 3.471957003284471543e+00 3.540088093730640040e+00 3.609682278542521328e+00 3.681961860432803491e+00 3.753231949734493256e+00 3.829283575854625976e+00 3.904942541559745628e+00 3.980126815075073043e+00 4.058497392931335490e+00 4.571849688500090991e+00 4.621794479674299794e+00 4.659257533608320401e+00 4.693590188355814874e+00 4.727873210774069967e+00 4.761256971840565733e+00 4.792665138570534999e+00 4.822298307373294790e+00 4.850323127160442560e+00
4.227187049562035170e+00 3.942181340341656348e+00 3.363252264940197023e+00 3.427292438973211119e+00 3.493083694285314511e+00 3.559190737729515774e+00 3.628700227491591157e+00 3.696986607142857206e+00 3.770528432577366029e+00 3.845757648593894906e+00 3.921433731209797102e+00 3.990752463257555060e+00 4.060871779694263495e+00 4.572822193430377880e+00 4.609848563034518953e+00 4.642075215475430561e+00 4.673089874513792097e+00 4.704663071122232587e+00 4.734978452416898520e+00 4.763548498446668944e+00 4.790583082398028658e+00
4.297259457436338081e+00 4.232573063085819598e+00 4.066581659027466600e+00 3.426357781678075920e+00 3.491230030164226950e+00 3.558545043504957484e+00 3.625436621093069522e+00 3.696110018550288423e+00 3.765559080924653745e+00 3.843949623292936657e+00 3.915803357973124843e+00 3.984337432163220338e+00 4.054119053672413209e+00 4.527152626777421141e+00 4.567268364508916711e+00 4.602659925258298479e+00 4.637523017117915813e+00 4.671516800285786530e+00 4.703412359749695959e+00 4.733484256019757197e+00 4.761937625518464223e+00
3.758678647159360509e+00 3.208302528979340984e+00 3.266497550126837179e+00 3.326103677423378091e+00 3.387650975159530731e+00 3.448561260242226201e+00 3.510510882583735892e+00 3.578112958273697242e+00 3.642060994213933700e+00 3.711059644975294169e+00 3.774776258716300958e+00 3.843092042054407020e+00 3.910189129674219721e+00 3.970382340853840564e+00 4.035596746474070962e+00 4.572411298633053178e+00 4.161464835622138203e+00 4.639503642356590518e+00 4.671131719045165553e+00 4.700904924197907953e+00 4.729104554333298793e+00
3.984337432163220338e+00 4.379631974050680832e+00 4.249398573024543602e+00 4.405862550856733506e+00 3.653408699248638314e+00 3.728998487683946816e+00 3.805069736550807935e+00 3.885507058671156422e+00 3.965576017309392132e+00 4.046210514566357830e+00 4.133398549177108805e+00 4.220752262599983595e+00 4.643222942983953772e+00 4.689752201769691098e+00 4.726642508271623910e+00 4.760689127000006238e+00 4.749449339207049370e+00 4.873628862865693634e+00 4.857789910849292347e+00 4.886855715584996318e+00 4.914340318067026203e+00
3.581143900003442848e+00 3.120390332463406136e+00 3.172895197892093844e+00 3.226168434045895594e+00 3.281527097035454421e+00 3.336229365768895949e+00 3.390839198101130325e+00 3.452514120782753881e+00 3.510438391806223635e+00 3.573563874018129027e+00 3.634178046769075632e+00 3.697399263310637174e+00 3.755032786999242145e+00 3.812507798311405516e+00 3.873314935087390776e+00 3.930302633302763748e+00 3.988803840255283895e+00 4.428969549130899352e+00 4.459650614247189893e+00 4.488578294616468511e+00 4.515784720226609927e+00
4.039657108427135768e+00 3.074042505624100308e+00 3.123980367518935264e+00 3.173792751333337492e+00 3.224743597832410824e+00 3.278231150170886288e+00 3.330442324371205576e+00 3.383720849935432984e+00 3.444997175102316511e+00 3.502602433608170696e+00 3.564016017107276113e+00 3.620438769329313633e+00 3.679602057851520946e+00 3.738162485462701579e+00 3.797450874794591869e+00 3.852318614265961116e+00 3.907612867210941587e+00 4.362912516786987105e+00 4.389484441335226528e+00 4.066217315193869197e+00 4.443046973259692223e+00
3.713969339119789215e+00 3.195731614122354181e+00 3.252820264378157855e+00 3.311600952085273608e+00 3.372101025393984930e+00 3.433368134139590300e+00 3.494524080765440743e+00 3.561576870700792874e+00 3.625436621093069522e+00 3.693354053281858285e+00 3.755633450175262844e+00 3.822842526690390930e+00 3.884357138893512751e+00 3.945619669952375563e+00 4.010233008366174801e+00 4.072600898687264603e+00 4.135136252739527229e+00 4.598963517177471871e+00 4.630764620958294664e+00 4.660726525017135025e+00 4.689073080583100683e+00
4.277305161960500257e+00 4.272797441834821797e+00 4.120794214404922329e+00 3.397422119298050713e+00 3.460549733043305931e+00 3.525118195139483657e+00 3.592450327465663840e+00 3.659462818476834745e+00 3.728329087180762169e+00 3.798263848124693087e+00 3.871654648405361776e+00 3.938395207594883818e+00 4.012313652243090445e+00 4.480163215792231313e+00 4.521833499133894207e+00 4.557066906027756659e+00 4.591176593346967927e+00 4.625027612105146346e+00 4.656768750342409113e+00 4.686640358086492597e+00 4.714982711730057119e+00
4.600163408789745390e+00 4.487183912410170450e+00 4.446025253423439239e+00 4.290968532897426080e+00 3.607954151228785378e+00 3.680780870845488550e+00 3.755753130932382611e+00 3.829950210647261155e+00 3.908867545231181406e+00 3.987569782471192870e+00 4.071605040509019169e+00 4.151778118087459113e+00 4.237818010031817906e+00 4.335349614979665311e+00 4.425863383810872520e+00 4.715401595035843663e+00 4.747815316865064972e+00 4.780082080838017333e+00 4.889268400176288054e+00 4.839267196681644734e+00 4.866446876906310059e+00
3.982395067323074578e+00 3.881503250758972179e+00 4.023837769961356337e+00 4.000303471297822711e+00 3.297320050512137168e+00 3.352284000027365263e+00 3.406989194977124491e+00 3.660145162738341007e+00 3.555245730219589007e+00 3.582648955520035816e+00 3.652527480100616675e+00 3.713669105075814603e+00 3.771634514646514003e+00 3.830376978737925597e+00 3.898742142666602017e+00 4.279492258950695849e+00 4.310787231858769886e+00 4.337289675873653216e+00 4.362518350275600199e+00 4.388256190575696714e+00 4.413640908934174156e+00
4.575048389934893045e+00 4.255231532638311442e+00 3.898528818335396551e+00 3.487608731331035550e+00 3.557031064737964599e+00 3.627080339829527489e+00 3.700522960697653296e+00 3.771644093948224974e+00 3.848506298492897937e+00 3.923161104266609911e+00 4.003395984179682898e+00 4.076838032061912642e+00 4.608960644979328336e+00 4.655620977680404948e+00 4.691707237468381919e+00 4.724862362705086305e+00 4.757729611429425631e+00 4.790435790803751814e+00 4.821169064624326595e+00 4.850190591996501155e+00 4.877646638545773961e+00
4.158205872772761325e+00 4.032065169107546865e+00 3.201559020044543846e+00 3.255997616886850743e+00 3.311326807260083882e+00 3.367806575642338984e+00 3.427100672830784678e+00 3.485219185434571099e+00 3.549752213374909982e+00 3.615945638009729013e+00 3.672471018660309561e+00 3.738447159818615528e+00 3.798395005455876827e+00 3.863214608470097122e+00 3.926999152594919718e+00 3.986281692657681397e+00 4.433773072672951621e+00 4.461405411341578642e+00 4.489818473185422931e+00 4.517747798466746012e+00 4.544098098261034835e+00
4.197603925103735811e+00 4.087627651761835956e+00 4.092518194653806951e+00 3.330488541037863293e+00 3.427987771178318432e+00 3.491327542384716764e+00 3.553858375259570490e+00 3.618171570912683599e+00 3.686084682579424676e+00 3.755111123473616530e+00 3.822204925779729034e+00 3.894812249184523179e+00 3.968253968253967923e+00 4.340726348208933771e+00 4.411632924567970626e+00 4.447485460143687064e+00 4.478588899989664363e+00 4.508781877429447249e+00 4.538952464788732044e+00 4.567455177585383552e+00 4.594390728930946466e+00
4.434313270375322524e+00 4.372509608942486636e+00 4.249136465815011476e+00 3.496968128632475636e+00 3.566700733231362275e+00 3.637112270107054179e+00 3.710549642344242560e+00 3.783397077841675227e+00 3.860391691885594501e+00 3.935512824938722787e+00 4.017622121858635431e+00 4.091653027823240585e+00 4.634962613573623713e+00 4.679553790782655653e+00 4.715051414862118762e+00 4.747815316865064972e+00 4.780479017854049495e+00 4.812948205801665935e+00 4.843506971921303084e+00 4.872291074786236464e+00 4.899592850734938665e+00
4.257481493689312835e+00 4.199395562409213412e+00 3.972575530304586433e+00 3.299936107620043746e+00 3.357488598528301171e+00 3.416824723864777091e+00 3.477146285589614472e+00 3.537294178029935399e+00 3.601931189260703547e+00 3.665460983588416433e+00 3.736894917130894278e+00 3.799680826810547529e+00 3.868605574936962554e+00 3.931441183570714148e+00 4.430841382695177799e+00 4.463120888779027240e+00 4.490221678790264903e+00 4.515784720226609927e+00 4.541388563957888813e+00 4.567790158488477026e+00 4.593130869952697815e+00
4.173013124126275564e+00 4.056209437905620163e+00 4.009318208526021721e+00 3.285794183445190253e+00 3.342385627741800480e+00 3.399307651217160497e+00 3.459656940417787929e+00 3.520373297623402564e+00 3.580108367126343172e+00 3.642611683848797188e+00 3.712564969886972932e+00 3.776540688729124184e+00 3.837485958290015819e+00 3.908017606647744113e+00 4.339380914989461324e+00 4.377385333023268821e+00 4.406894034855777242e+00 4.434036774792501134e+00 4.461221688400823560e+00 4.488702281641898217e+00 4.514672686230247756e+00
4.144590963410169415e+00 3.990678914250286535e+00 3.392740919225070151e+00 3.459202169611600652e+00 3.527532041749378955e+00 3.596027772399103206e+00 3.665511684683001814e+00 3.738861309016886292e+00 3.815284724293651841e+00 3.888861882903591027e+00 3.965520839855570578e+00 4.036102238644982521e+00 4.110321016071354805e+00 4.188150965677759352e+00 4.263131476349934168e+00 4.707348309162022737e+00 4.742659188386670444e+00 4.776474823131983349e+00 4.808253710941524872e+00 4.838297195861182232e+00 4.866747093660889867e+00
4.250367552276037131e+00 4.301791488003552821e+00 4.160045828701588455e+00 3.419471447413413578e+00 3.484296276680998616e+00 3.550287778134323613e+00 3.618096046534282184e+00 3.688675765400220907e+00 3.757122878791040677e+00 3.833313585960314462e+00 3.903799233182293715e+00 3.975870578557718638e+00 4.045723533082361101e+00 4.508350695037398381e+00 4.548837978661813608e+00 4.582665028016747577e+00 4.614960738393717676e+00 4.647443564315834941e+00 4.678330386443848354e+00 4.707511249567323475e+00 4.735075932775647090e+00
4.079657032222375967e+00 3.924646781789638439e+00 4.050929967802090914e+00 3.250098540221697974e+00 3.304101215633906019e+00 3.359979840120959071e+00 3.414610351147378431e+00 3.471558021070231703e+00 3.529216375563982044e+00 3.593219870505883318e+00 3.661839487066106180e+00 3.719674321848265297e+00 3.784776939010040309e+00 3.840701661278045798e+00 3.906876800826024621e+00 4.279994477426480870e+00 4.311495267620670369e+00 4.338218347952225606e+00 4.363787490475860231e+00 4.389845738077110759e+00 4.415315626077958022e+00
4.142130297612061973e+00 3.919869612758144051e+00 3.299727596955825515e+00 3.360473826809580178e+00 3.422887240314626212e+00 3.484951977361751663e+00 3.550444153601959751e+00 3.614549953775466840e+00 3.687136069234675961e+00 3.751823803237684718e+00 3.821886205075464282e+00 3.885677807922619742e+00 3.950076576045904009e+00 4.020546378388870856e+00 4.091511154568969744e+00 4.517999012990984831e+00 4.553451309117250823e+00 4.587985040388171676e+00 4.620307284914351165e+00 4.650781057642328520e+00 4.679585994274388483e+00
4.330581466486110642e+00 4.166182888599001544e+00 3.278039186226772372e+00 3.337064356676561427e+00 3.396456594671029006e+00 3.458508276210304988e+00 3.522440014918569062e+00 3.585465076191133083e+00 3.654693522917686455e+00 3.721648276670089128e+00 3.791403853445007410e+00 3.854890892820265869e+00 3.924349556273106998e+00 3.988392402800125858e+00 4.462232351871048053e+00 4.495851555155923052e+00 4.526624783956544995e+00 4.557413046630621523e+00 4.587972663900188763e+00 4.616742480820150263e+00 4.643888847154593158e+00
4.322410670179483105e+00 4.136618727851853805e+00 4.110724811359535380e+00 3.381899247009779952e+00 3.444617440787026474e+00 3.509206506481711063e+00 3.574055109180510392e+00 3.640134891036339138e+00 3.708918575500532278e+00 3.778251013258226099e+00 3.851947641025993629e+00 3.924808923776079261e+00 3.994673768308920625e+00 4.478959227689614409e+00 4.520324072464272369e+00 4.553074359982614894e+00 4.583492482377860888e+00 4.613975525270123335e+00 4.644237730333702352e+00 4.574248367825013872e+00 4.699637851436153646e+00
4.152996386893143210e+00 4.096169734165527210e+00 4.164931278633901890e+00 3.311052707820292706e+00 4.337737628841135340e+00 3.427148612354520729e+00 3.487625903295108909e+00 3.547826086956521241e+00 3.610860356919658010e+00 3.675705666134960747e+00 3.747475658757642325e+00 3.816396627693161570e+00 3.878787878787878896e+00 3.942208605080607331e+00 4.364875912813334757e+00 4.401923090150009266e+00 4.431273714238235684e+00 4.458467658961518865e+00 4.485635614566584550e+00 4.513036521406151635e+00 4.538952464788732044e+00
3.828510570169637806e+00 3.979416809605488936e+00 3.396009342491006944e+00 3.462388078305369099e+00 3.530853428043284392e+00 3.599363189589534162e+00 3.671478843969076422e+00 3.742307479070798859e+00 3.813829639697112750e+00 3.892294646704755223e+00 3.962929230426953886e+00 4.040375894281474700e+00 4.115480379447291170e+00 4.189675540536828002e+00 4.652260859904455259e+00 4.687372625743865484e+00 4.722598661245944740e+00 4.756404158456207121e+00 4.788208516071725818e+00 4.818197858277120105e+00 4.846614878425055117e+00
3.951500530332965333e+00 3.968336849140542189e+00 3.127823729756029181e+00 3.177958783256301878e+00 3.228840565468252155e+00 3.281504185663317585e+00 3.335163040834902226e+00 3.386878265918327635e+00 3.445899379738111890e+00 3.505328098710039253e+00 3.566383686941441145e+00 3.621724776776385823e+00 3.680203910557414027e+00 3.738343636854530416e+00 3.797975333876558501e+00 3.852875208124062478e+00 4.290241775883305131e+00 4.316753801141541835e+00 4.342910715270502209e+00 4.370002662970372320e+00 4.395906312246720127e+00
4.242445317661786675e+00 4.355009297599214513e+00 4.475351142935829252e+00 4.362169088579295639e+00 3.570178508925446081e+00 3.640870167970144955e+00 3.711926489848230926e+00 3.785819010318076661e+00 3.861935795317402942e+00 3.939048408831760550e+00 4.014561290103085156e+00 4.096027547520862733e+00 4.181767493727348572e+00 4.267621145374449476e+00 4.358722894192001540e+00 4.663302592657037948e+00 4.696067733871078786e+00 4.728724218022002823e+00 4.794389194816580435e+00 4.788551258020822488e+00 5.037714783650573125e+00
4.162648554520289146e+00 3.141010428154621170e+00 3.194843799919434346e+00 3.248548520873652201e+00 3.304419661296984945e+00 3.361109166024787598e+00 3.420306850386006126e+00 3.478720665687986546e+00 3.545606229143492438e+00 3.604427901044590765e+00 3.663636677841910050e+00 3.728689503739047062e+00 3.792972656115305874e+00 3.851656212171233662e+00 3.910323253388946263e+00 3.970880211780277946e+00 4.431566388273393109e+00 4.460884902306619715e+00 4.490935219986734062e+00 4.217688015543217261e+00 4.546456519343105462e+00
4.250359909508467204e+00 4.235290903005006768e+00 4.405226631967035011e+00 3.396503680700926786e+00 3.460111830814372347e+00 3.524557875313582223e+00 3.589920607525026064e+00 3.658654443539368195e+00 3.726939561463444850e+00 3.799759578848465491e+00 3.872136520470463861e+00 3.946767113043718744e+00 4.015202386968591775e+00 4.485202282622945624e+00 4.527660522979617852e+00 4.559176032549753010e+00 4.587438634449609864e+00 4.614897163560220505e+00 4.642842512050907366e+00 4.670105146043803224e+00 4.695840728131537745e+00
4.244656525132473490e+00 4.073319755600814496e+00 3.279489236995429824e+00 3.338828488554078433e+00 3.398529615758080435e+00 3.460830322410952231e+00 3.523170024040453985e+00 3.589425001725684794e+00 3.654265147963263960e+00 3.726965284008557866e+00 3.791665230429836608e+00 3.862202144901548451e+00 3.926728621718253098e+00 3.996059058996988433e+00 4.064676582640387004e+00 4.129614844588828326e+00 4.583715309609133648e+00 4.612990732708170505e+00 4.642810812287062383e+00 4.670971287264733540e+00 4.697560032053938350e+00
4.164646926695387386e+00 4.357179815364505160e+00 4.274851956971161826e+00 3.415586226125749469e+00 3.480420926201427623e+00 3.545088661972319866e+00 3.612917569896058723e+00 3.683087678334410420e+00 3.752345215759850028e+00 3.827391597831609094e+00 3.900264660816269213e+00 3.969082932943388098e+00 4.042009495296881916e+00 4.535614885063395718e+00 4.574034503239372107e+00 4.605633996452974444e+00 4.635183771403642794e+00 4.664723032069971076e+00 4.694381929390972985e+00 4.722340090614178365e+00 4.748756843297807784e+00
4.391743522178304104e+00 4.320316637400005710e+00 4.122039860125447319e+00 3.424274612847319155e+00 3.489573155411630268e+00 3.556907025240090725e+00 3.624526894686582956e+00 3.695568803821077886e+00 3.765585339321078973e+00 3.842741062133629093e+00 3.910886673482130149e+00 3.986637889556383652e+00 4.062437600269910298e+00 4.573566152879980251e+00 4.610197481593615088e+00 4.641638225255971584e+00 4.671645174808839229e+00 4.702066183285176670e+00 4.731926099658478435e+00 4.760065123209801463e+00 4.786652078774617181e+00
4.276156976343195915e+00 4.425531914893616303e+00 4.376577106398692685e+00 4.352391742891093429e+00 3.626321515244497640e+00 3.699871874807298511e+00 3.774956657905039314e+00 3.853325901919093965e+00 3.927567388787828850e+00 4.010094375496940700e+00 4.093774733222347528e+00 4.185589017014419433e+00 4.276717412448006961e+00 4.374214008420362454e+00 4.475875033569063355e+00 4.691037399125699281e+00 4.722943783077970359e+00 4.824458626821232166e+00 4.784921256839316683e+00 4.813411539810351414e+00 4.840371463935774443e+00
4.193217985468093545e+00 4.278724388038894766e+00 4.239403201433191271e+00 4.365450576863111998e+00 3.503252529554400141e+00 3.571053460770926780e+00 3.638322733219984784e+00 3.709017110465726574e+00 4.093384674090262187e+00 3.994710452366522002e+00 3.926079499665938499e+00 4.003727608463051979e+00 4.080744327765383872e+00 4.465696579963449153e+00 4.512049222355152267e+00 4.335379448925101187e+00 4.437387765289920516e+00 4.541695475929013348e+00 4.632862901831709124e+00 4.660566807169047365e+00 4.873026767330130404e+00
