3.435623290777412908e+00 3.526117955697853912e+00 3.587179000232112003e+00 3.611136188445752904e+00 3.602629919841484174e+00 3.663864616745934999e+00 3.725499665394937043e+00 3.787613102335694482e+00 3.850246415770609776e+00 3.913538747527831596e+00 3.977588347037725569e+00 4.042618794751447808e+00 4.108720934281357096e+00 4.176179074558716842e+00 4.245354076224647777e+00 4.316783379698783563e+00 4.625442696287909605e+00 4.846118668477704894e+00 4.905668090673098725e+00 4.941762699300602968e+00 4.970415812731073579e+00
3.232017604180992709e+00 3.234375215051542796e+00 3.419901032251760231e+00 3.461812743625071853e+00 3.536264041048398088e+00 3.594759946078600610e+00 3.653532685065482788e+00 3.712743648801952290e+00 3.772394304370489948e+00 3.832676303109942229e+00 3.893602196811344562e+00 3.955311914509748838e+00 4.017956107293282564e+00 4.081689127487062585e+00 4.146767939954799864e+00 4.213551056496120495e+00 4.412849666622998157e+00 4.647742723161019995e+00 4.771415133565542810e+00 4.813808754255063604e+00 4.843044433227377432e+00
3.197086481189316487e+00 3.382179365944904426e+00 3.354860353937767492e+00 3.409881697981906878e+00 3.465051490665151057e+00 3.520470500528070534e+00 3.576218149307107907e+00 3.632276546458872879e+00 3.688804131460627023e+00 3.745837957824638575e+00 3.803490913114436545e+00 3.861790045007408079e+00 3.920894239036972984e+00 3.980919043206698760e+00 4.042037186742118315e+00 4.104500584891333403e+00 4.168722078246913654e+00 4.683681781156664670e+00 4.306362998617796478e+00 4.758489420981490525e+00 4.786016508288825300e+00
3.138447375211844914e+00 3.248997649661274245e+00 3.114669384923583806e+00 3.370361454070227136e+00 3.423054622171613826e+00 3.475891218508425418e+00 3.528947750814771744e+00 3.582303421099766627e+00 3.635964491033573776e+00 3.690062591816415605e+00 3.744617112900205491e+00 3.799707077127144839e+00 3.855448230280415611e+00 3.911960303897548563e+00 3.969359331476322694e+00 4.027833719912776722e+00 4.087722525394975825e+00 4.241648819291852668e+00 4.452603745667273571e+00 4.646646785491365783e+00 4.681870305407220378e+00
3.300443497094921685e+00 3.400959209311687381e+00 3.474755898398137255e+00 3.378029023473854142e+00 3.430696500003429961e+00 3.483470930435085489e+00 3.536435688876869765e+00 3.589653352102762263e+00 3.643137497508230904e+00 3.697009530069010896e+00 3.751328595544254796e+00 3.806175693069991706e+00 3.861696112099521461e+00 3.917919584700523927e+00 3.975061718063516825e+00 4.033333105461406554e+00 4.093104483313776853e+00 4.155095878837403944e+00 4.721015360405049321e+00 4.755734450816056835e+00 4.784427372392486610e+00
3.336739588329753037e+00 3.410522505968414109e+00 3.301714828138865077e+00 3.352353282163385462e+00 3.402990464681819649e+00 3.453671464215734233e+00 3.504456156504888842e+00 3.555394439641951010e+00 3.606527815345775156e+00 3.657972654928945744e+00 3.709718061427331293e+00 3.761918441608186114e+00 3.814623184586147797e+00 3.867910844655030544e+00 3.922008068130883096e+00 3.977070133574700073e+00 4.033470972681779010e+00 4.091851666909403384e+00 4.154031487558675906e+00 4.714332263364785724e+00 4.747978668501634303e+00
3.130434782608695343e+00 3.190589149222466503e+00 3.258503307034207541e+00 3.307197288098223886e+00 3.355845463316414090e+00 3.404550981413930533e+00 3.453324861176340299e+00 3.502242121672010988e+00 3.551334187510444718e+00 3.600659197606946194e+00 3.650238298575718243e+00 3.700212936782211415e+00 3.750599054015571809e+00 3.801519225319500261e+00 3.853034264483280680e+00 3.905340038642312273e+00 3.958666066041470533e+00 4.013396440532536857e+00 4.070706095019938964e+00 4.260348523995382664e+00 4.420011602530456329e+00
3.177629488401652047e+00 3.333310185345934595e+00 3.315008701897842247e+00 3.367641177832501498e+00 3.420354600027921244e+00 3.473235249169897010e+00 3.526361279170267427e+00 3.579763322571096307e+00 3.633517804237240689e+00 3.687700475226306285e+00 3.742359349661108059e+00 3.797581975985472091e+00 3.853484995492798326e+00 3.910108659861705860e+00 3.967683898728288305e+00 4.026351778189668273e+00 4.086438564898185355e+00 4.148446372829716289e+00 4.524731772529393403e+00 4.648871434419688420e+00 4.681044483490838459e+00
3.300693145560567920e+00 3.406681266729238544e+00 3.484733383048862709e+00 3.390276134531692076e+00 3.443715907212518523e+00 3.497270757330554147e+00 3.551062185365446044e+00 3.605102606766499740e+00 3.659513353771369992e+00 3.714293723544416892e+00 3.769550258385535813e+00 3.825424041423877153e+00 3.881906848099598406e+00 3.939238966675420617e+00 3.997546333629703241e+00 4.057046195315829884e+00 4.118184927443165222e+00 4.181621772310694318e+00 4.748273663360963681e+00 4.780669703530183057e+00 4.808914353235368644e+00
3.264773098269670104e+00 3.202405981537433277e+00 3.250615542092012866e+00 3.298742354477354866e+00 3.346860226749780232e+00 3.394997575001731605e+00 3.443217893714749511e+00 3.491548399022366134e+00 3.540044146432884897e+00 3.588744009964041748e+00 3.637737327382367436e+00 3.687063868139671019e+00 3.736791480115425390e+00 3.787044177591715410e+00 3.837860846143647642e+00 3.889457523029682839e+00 3.942072285157059763e+00 3.996059058996988433e+00 4.052392628766492422e+00 4.125441387267070326e+00 4.644872197707618611e+00
3.117768509152381906e+00 3.152828086793854290e+00 3.198197885017833197e+00 3.243459598225068685e+00 3.288645078227770302e+00 3.333796360605639109e+00 3.378960797158914175e+00 3.424178895877009410e+00 3.469499628763538901e+00 3.514938488576449860e+00 3.560570786886143591e+00 3.606452776275089089e+00 3.652634462606154209e+00 3.699187548808724912e+00 3.746149790493103815e+00 3.793733314598847439e+00 3.841984659504110056e+00 4.222768336160049429e+00 3.942290401560317292e+00 4.170284331353017571e+00 4.123427943096694470e+00
3.421907189496839585e+00 3.518527461761885800e+00 3.604377932889255121e+00 3.649481352553935132e+00 3.630803175556315932e+00 3.693843130148728893e+00 3.757358159729470071e+00 3.821381672653497930e+00 3.886028340249538804e+00 3.951473136915077955e+00 4.017733444167358670e+00 4.085108740055529708e+00 4.153686396677050752e+00 4.223820965385440829e+00 4.295860038108434864e+00 4.370447450572320314e+00 4.872023605297467697e+00 4.928981019951959475e+00 4.967161543131519252e+00 4.998664740240620574e+00 5.026440453894458038e+00
3.123286530306290665e+00 3.225263630244558755e+00 3.218786517482908671e+00 3.325781038890851971e+00 3.375004304852429637e+00 3.424226753693273118e+00 3.473500663438626734e+00 3.522902318898643692e+00 3.572434545442054077e+00 3.622204111201666521e+00 3.672242007677064102e+00 3.722623208487580548e+00 3.773403678725550492e+00 3.824730008831649375e+00 3.876693457387523800e+00 3.929462697679548366e+00 3.983339855761167669e+00 4.038800337030924226e+00 4.097535228385501327e+00 4.473349162107291832e+00 4.415011037527594162e+00
3.277088272207502317e+00 3.413872864587687239e+00 3.501809268121863106e+00 3.396621401487581515e+00 3.451603586850095162e+00 3.506890007426354927e+00 3.562497859075805628e+00 3.618524059705647389e+00 3.674992025960698072e+00 3.731987974705414768e+00 3.789575223068176957e+00 3.847902892923356077e+00 3.907026478672433356e+00 3.967032591224649796e+00 4.028183630554114103e+00 4.090648776896015804e+00 4.154775608061626713e+00 4.683141369784914687e+00 4.718303598903164975e+00 4.748240054501537522e+00 4.775190837090953266e+00
3.351627634169843439e+00 3.434490527675124749e+00 3.523462112419167624e+00 3.535871765717296888e+00 3.577546766104120035e+00 3.637508306809835279e+00 3.697819655965815855e+00 3.758525018109256877e+00 3.819761810567098514e+00 3.881557058888765788e+00 3.944118074440039035e+00 4.007489860359706668e+00 4.071857940468056825e+00 4.137417424043911218e+00 4.204547804329994420e+00 4.273651559538169664e+00 4.501524379846811641e+00 4.422271665676261954e+00 4.824910127554313810e+00 4.875670404680642278e+00 4.906296644369506410e+00
3.044750918615191981e+00 3.115286364045441569e+00 3.160201129245203688e+00 3.205105873008130768e+00 3.250143490377499944e+00 3.295277455496591568e+00 3.340478245135428459e+00 3.385717913269192803e+00 3.431332180405720411e+00 3.477148182146929667e+00 3.523243041594992242e+00 3.569736869203468110e+00 3.616611374242771682e+00 3.663940602683663617e+00 3.711796509510602693e+00 3.760220964257390275e+00 3.809365498230376623e+00 3.859327512181002007e+00 3.910430558985757532e+00 4.015953027197695313e+00 4.440928709216314552e+00
3.293369116606287950e+00 3.487431297603436509e+00 3.576267339738520068e+00 3.637311957834632903e+00 3.593070900962528569e+00 3.655197622052565709e+00 3.717779246530072079e+00 3.780926258189142519e+00 3.844780710185922601e+00 3.909384580564186251e+00 3.974862421787729083e+00 4.041372696760052285e+00 4.109121553387239167e+00 4.178311140336456120e+00 4.249272050935536171e+00 4.322499639791696602e+00 4.398806823649084485e+00 4.867814831066256787e+00 4.901860664610607543e+00 4.931574405128836602e+00 4.958575236048841539e+00
3.383206865838586097e+00 3.476640452797652436e+00 3.558992037627617400e+00 3.600310180569402885e+00 3.579248778844533518e+00 3.639596004843462129e+00 3.700290437890974449e+00 3.761441049859990837e+00 3.823134831538777423e+00 3.885462127151747769e+00 3.948516881641474185e+00 4.012480197026614626e+00 4.077429698892182763e+00 4.143732259646263572e+00 4.211514695424637189e+00 4.281413142557246587e+00 4.560625220257468193e+00 4.815100154083204131e+00 4.870285769162173040e+00 4.905400709920491487e+00 4.933770977092226673e+00
3.180617592963920881e+00 3.423102448566138989e+00 3.396402643533390719e+00 3.453444119820697544e+00 3.510655873120766213e+00 3.568120218204274607e+00 3.625866372878519428e+00 3.684060529809610962e+00 3.742722484058774945e+00 3.801939680498814589e+00 3.861790045007408079e+00 3.922405191337677621e+00 3.983926915547618020e+00 4.046500462947086874e+00 4.110349174162345243e+00 4.175822671294299404e+00 4.243465405490495890e+00 4.784394671551305933e+00 4.391713385805158687e+00 4.851118490277265494e+00 4.878719164433449329e+00
3.347046928387141129e+00 3.440872054613521858e+00 3.529704888987320821e+00 3.430699862772006004e+00 3.487309680074209606e+00 3.544177125463869871e+00 3.601457204992173367e+00 3.659137288016325318e+00 3.717315677252833961e+00 3.776097986309928878e+00 3.835537625939193340e+00 3.895731098869554376e+00 3.956849514765296671e+00 4.018958396851353143e+00 4.082310449330917024e+00 4.147197876634686864e+00 4.214045898558934411e+00 4.734588571114891842e+00 4.358624888439957878e+00 4.799385678633134589e+00 4.826421208673767893e+00
3.349030489846970049e+00 3.546321213259068905e+00 3.623870153944791284e+00 3.606752951294962983e+00 3.671529711681006169e+00 3.736558767765953526e+00 3.802071091816560777e+00 3.868151299975132851e+00 3.934969452210831165e+00 4.002594785585137593e+00 4.071211703008557059e+00 4.140986797153761501e+00 4.212183568340951645e+00 4.285112000387042208e+00 4.360207654889563855e+00 4.438253649610116369e+00 4.907280053634497818e+00 4.971139771879919067e+00 5.010845391395074344e+00 5.042725005698969198e+00 5.070507461868413834e+00
3.205686609289521982e+00 3.322213147658531707e+00 3.244176013805004199e+00 3.293287867664715929e+00 3.342525277847413712e+00 3.391895446553418569e+00 3.441416762452766509e+00 3.491165980983413686e+00 3.541199425075857388e+00 3.591599881688474216e+00 3.642361349735413256e+00 3.693595715428970028e+00 3.745344328924462118e+00 3.797686863455894901e+00 3.850704678956249349e+00 3.904561364365299880e+00 3.959422743470365713e+00 4.015591572796443742e+00 4.556154605512946709e+00 4.593445292762539545e+00 4.621837145774122746e+00
3.101430887432155448e+00 3.044687711917184014e+00 3.227979565485881164e+00 3.275558064493647503e+00 3.323110154178464892e+00 3.370755599581750861e+00 3.418445653690525443e+00 3.466300625320632989e+00 3.514332965821389099e+00 3.562621810231011654e+00 3.611211422539514881e+00 3.660145162738341007e+00 3.709504575055642572e+00 3.759319980785697624e+00 3.809761301137386980e+00 3.860870764245578624e+00 3.912873353332463999e+00 3.966045087670470259e+00 4.021020229891432152e+00 4.172652028182502804e+00 4.562138398689421059e+00
3.322540966223189507e+00 3.422026677840630970e+00 3.515665391376279647e+00 3.400369182939861901e+00 3.454791584409724781e+00 3.509423835180942142e+00 3.564304857736255272e+00 3.619506355017888755e+00 3.675093957590802596e+00 3.731162809980169914e+00 3.787772509188855441e+00 3.845024538247507007e+00 3.903013537294321100e+00 3.961883944123774093e+00 4.021773047186491645e+00 4.082988470747809906e+00 4.145879686571495526e+00 4.707478660583865882e+00 4.745762711864405681e+00 4.777048330080391203e+00 4.804755334994405658e+00
3.217413199787370726e+00 3.347817292871241523e+00 3.468007629616784993e+00 3.416515015234868002e+00 3.472463365511493816e+00 3.528630337918245985e+00 3.585193152281079154e+00 3.642136078450236791e+00 3.699567698663359216e+00 3.757541176388724313e+00 3.816131830008672843e+00 3.875486165898490487e+00 3.935648691569425761e+00 3.996802557953637258e+00 4.059094821854726476e+00 4.122804606547013861e+00 4.188306248952923916e+00 4.718529460036107182e+00 4.753179119077469927e+00 4.783021639756475096e+00 4.810103966961456479e+00
3.180441666551432345e+00 3.436496972446166698e+00 3.530291283641599609e+00 3.619178863995433648e+00 3.639366750185467847e+00 3.702840215587586137e+00 3.766684701096447707e+00 3.831024456986488858e+00 3.895970746044222555e+00 3.961694512370049992e+00 4.028321145954951277e+00 4.095926600995310807e+00 4.164845968975311230e+00 4.235233040282530226e+00 4.307545041195172786e+00 4.382334323416273492e+00 4.460670610356990196e+00 4.913154798975849502e+00 4.958199622625916625e+00 4.991472900461710438e+00 5.019501441410886500e+00
2.958058949889072142e+00 3.051550395661249748e+00 3.012681286344846665e+00 3.137178352075069121e+00 3.312812301576346208e+00 3.360709109622129986e+00 3.408790505474934562e+00 3.457025713357255725e+00 3.505540128124054799e+00 3.554304192685102226e+00 3.603453771845938292e+00 3.653005803454502765e+00 3.703030895854003024e+00 3.753597197314092249e+00 3.804780187471895836e+00 3.856699086312925573e+00 3.909465020576130989e+00 3.963342557955193080e+00 4.092155338216638683e+00 4.265419146228198954e+00 4.508905087547907087e+00
3.271158129175946172e+00 3.495544893762850602e+00 3.596152117234559409e+00 3.665030080907267340e+00 3.635855125157320789e+00 3.699745128668913807e+00 3.764132606969804673e+00 3.829086010844518384e+00 3.894799417829981625e+00 3.961315703201835348e+00 4.028788768556327504e+00 4.097409071663684621e+00 4.167321368794278058e+00 4.238878156574430456e+00 4.312413490898720170e+00 4.388551366622324146e+00 4.858411993337035106e+00 4.553922583316083461e+00 4.946549781527384226e+00 4.977119077573931349e+00 5.004250185088706004e+00
2.873171047055358418e+00 3.221198285762303382e+00 3.096607103898206148e+00 3.357746951795345325e+00 3.408434832812793580e+00 3.459082512954264388e+00 3.509786109505326213e+00 3.560631977267808335e+00 3.611612723989442664e+00 3.662826458046815059e+00 3.714352533325996575e+00 3.766215650718370611e+00 3.818569355633777640e+00 3.871520816337818083e+00 3.925160277377993445e+00 3.979752138244021520e+00 4.035622922338198748e+00 4.093498275874030590e+00 4.155815370975784795e+00 4.364482808787157886e+00 4.538484283779044226e+00
3.302649146230061117e+00 3.274188941601008374e+00 3.326114956194358374e+00 3.378005735715861491e+00 3.429907392500402885e+00 3.481869903412929013e+00 3.533936181270138643e+00 3.586206896551723755e+00 3.638685404752260322e+00 3.691476172566062974e+00 3.744643080038278615e+00 3.798269677147077417e+00 3.852424619745051793e+00 3.907294301519731228e+00 3.962984335782967715e+00 4.019794020209860541e+00 4.078077912024108187e+00 4.138701689280073204e+00 4.257423023045018518e+00 4.713501106648085859e+00 4.757767572711100179e+00
3.226779463653135060e+00 3.226394714323789437e+00 3.565984701226418974e+00 3.479993449424095164e+00 3.672063907768840174e+00 3.736610479116499572e+00 3.801466674960775727e+00 3.866789114988641085e+00 3.932743191869571220e+00 3.999448351951455205e+00 4.067058207185595187e+00 4.135734816683554804e+00 4.205736348593491769e+00 4.277366522018088979e+00 4.351069119840874855e+00 4.427732592199015826e+00 4.801756070791603825e+00 4.969400744729371766e+00 5.024102111480752697e+00 5.059898255018871360e+00 5.088885873252816161e+00
2.961437848585913191e+00 3.139090234575652172e+00 3.240619440958671493e+00 3.327648600307807847e+00 3.276106034308497339e+00 3.519986483251904108e+00 3.574883290574925265e+00 3.629966771842627171e+00 3.685392633386876060e+00 3.741216643652515828e+00 3.797529534422878328e+00 3.854413303232200327e+00 3.911987152210615992e+00 3.970382340853840564e+00 4.029736677551587043e+00 4.090319807546985764e+00 4.152512951075228109e+00 4.356230771325110496e+00 4.285615538812469261e+00 4.640624573472006631e+00 4.715401595035843663e+00
3.094712262093994415e+00 3.180881519078373909e+00 3.122289679098004811e+00 3.333888981496916593e+00 3.384305112372743007e+00 3.434715864882484038e+00 3.485292067475254107e+00 3.536043375465405703e+00 3.587023253568053516e+00 3.638285749589834861e+00 3.689908448497928983e+00 3.741970355279296889e+00 3.794542757597709315e+00 3.847686578444709404e+00 3.901570895650090076e+00 3.956300234601662247e+00 4.012202630067999820e+00 4.069667183997241366e+00 4.224872231686541468e+00 4.414097523967170922e+00 4.640274815081585125e+00
3.294869817590398320e+00 3.497579674864993660e+00 3.592897118772887310e+00 3.646847541130247006e+00 3.595704516066576151e+00 3.657953234474801807e+00 3.720725127986054037e+00 3.784047830364576370e+00 3.848056731350667725e+00 3.912846492853906177e+00 3.978516013526954165e+00 4.045251971203291497e+00 4.113195129976966236e+00 4.182608576404602374e+00 4.253835425383543090e+00 4.327368891025861863e+00 4.842849532665019829e+00 4.485790396267822722e+00 4.916114469301980705e+00 4.945666359852180172e+00 4.972819793185192516e+00
3.261374912393918191e+00 3.353641495724107191e+00 3.485802327121633404e+00 3.454422351494382593e+00 3.511912959647431443e+00 3.569663353286836482e+00 3.627763553533930097e+00 3.686289784108613077e+00 3.745292375555724806e+00 3.804911795226565197e+00 3.865187772202397731e+00 3.926241760058411412e+00 3.988227851582914152e+00 4.051279586357487084e+00 4.115593297070383016e+00 4.181505202489390172e+00 4.669559962643520912e+00 4.320632046745124022e+00 4.788607278683063129e+00 4.820040350623506775e+00 4.847409025739058741e+00
3.082851637764932651e+00 3.022273452490563894e+00 3.226711560044893456e+00 3.273983671877176427e+00 3.321063847452466966e+00 3.368184688793768089e+00 3.415371961887237351e+00 3.462675817364626152e+00 3.510100141092260095e+00 3.557750664462255852e+00 3.605652553772760172e+00 3.653887253448786510e+00 3.702461787800038984e+00 3.751537088112490537e+00 3.801125133039379378e+00 3.851391315112584035e+00 3.902547806210625136e+00 3.954872819616169100e+00 4.009207352056791684e+00 4.305465858350173924e+00 4.277632123637367556e+00
3.364598926074954921e+00 3.472053441846576938e+00 3.335858392811225315e+00 3.388849273868442147e+00 3.441914255032078707e+00 3.495113693992515813e+00 3.548492586433626084e+00 3.602130798911048259e+00 3.656054909805815267e+00 3.710367326365310081e+00 3.765163339631424133e+00 3.820479157549614424e+00 3.876478772817577134e+00 3.933285949888556399e+00 3.991027070173264857e+00 4.050028144263375651e+00 4.110667530603571151e+00 4.173765489117419847e+00 4.762463505035096745e+00 4.794996525364837225e+00 4.823494552896508303e+00
3.215838704716097229e+00 3.336414883190724545e+00 3.442743729042297307e+00 3.398157915230118675e+00 3.452156562204409251e+00 3.506335466927006372e+00 3.560756276705671741e+00 3.615479815888642978e+00 3.670563466120005724e+00 3.726065206141107478e+00 3.782044229288150206e+00 3.838666337638123149e+00 3.895977403331060351e+00 3.954104638095369939e+00 4.013229819681431998e+00 4.073572868623822174e+00 4.135506771892338840e+00 4.199771422276689314e+00 4.703213401391597159e+00 4.741712164523863571e+00 4.770699725344001330e+00
3.191208913185242579e+00 3.341617760698397888e+00 3.459944225699081777e+00 3.449703325514005048e+00 3.506263148486806980e+00 3.562995151532087235e+00 3.619959901982624295e+00 3.677312370340046765e+00 3.735059760956175090e+00 3.793312734495696059e+00 3.852161062355981436e+00 3.911691841034333539e+00 3.972031420138199209e+00 4.033360678151489687e+00 4.095885370747047283e+00 4.159877976912677688e+00 4.225898523013827734e+00 4.626560601038558929e+00 4.765924997957460718e+00 4.805612955932528685e+00 4.834821767748976207e+00
3.088156576400993725e+00 3.197130922511276285e+00 3.203431850469371955e+00 3.352564013019123657e+00 3.404125244020202778e+00 3.455735484183099171e+00 3.507541213609259412e+00 3.559538516300592814e+00 3.611838495252515102e+00 3.664472592510648052e+00 3.717523303363670095e+00 3.771023455765894816e+00 3.825129011169376536e+00 3.879889700278519982e+00 3.935458480913025525e+00 3.991988492060761118e+00 4.049777948615868262e+00 4.109321892238256169e+00 4.335468953225106503e+00 4.601611958613380793e+00 4.659896111727861445e+00
3.486337045120174061e+00 3.580280914348664023e+00 3.682089759622064307e+00 3.527190489034587539e+00 3.587592449497736702e+00 3.648328652458835641e+00 3.709402648788261647e+00 3.770997600274254236e+00 3.833096046435220394e+00 3.895868987491477142e+00 3.959405672369600282e+00 4.023837769961356337e+00 4.089440924906774022e+00 4.156362351669818267e+00 4.225020432475862009e+00 4.295919569299417873e+00 4.842119620814293590e+00 4.894728859597115900e+00 4.932081132734633222e+00 4.963497611316775249e+00 4.991507504592879840e+00
3.041663719318100867e+00 3.098613370516693610e+00 2.823166491079482032e+00 3.249559235316485495e+00 3.295308742383980416e+00 3.341059533504562307e+00 3.386831446384384936e+00 3.432651379925854673e+00 3.478599654922914119e+00 3.524728388577115901e+00 3.571036149873640042e+00 3.617617798679569230e+00 3.664526677049492420e+00 3.711824911844158414e+00 3.759607886821878520e+00 3.807941288468861263e+00 3.857041511409266654e+00 3.907160385506490918e+00 3.958883178219196886e+00 4.224552266714682425e+00 4.171938583592654126e+00
3.295684712829139329e+00 3.431897427449688287e+00 3.515738098192497052e+00 3.584970699758703638e+00 3.591036221124960903e+00 3.651621526653391570e+00 3.712513921927206972e+00 3.773843831480718780e+00 3.835639366212899137e+00 3.898065584953466445e+00 3.961221724173876968e+00 4.025206118313299442e+00 4.090263094041387326e+00 4.156563907170071737e+00 4.224464497184844625e+00 4.294431784336405933e+00 4.367447954578540958e+00 4.445864651208023766e+00 4.913800859569107615e+00 4.948997827939841443e+00 4.977772861458901410e+00
3.200333947890214414e+00 3.312949491324213014e+00 3.282673073699502453e+00 3.332939861266378312e+00 3.383206865838586097e+00 3.433570707521580001e+00 3.484053487189135545e+00 3.534719960078456236e+00 3.585638140157078713e+00 3.636837735279384365e+00 3.688393391512519770e+00 3.740389277550737024e+00 3.792880622594330120e+00 3.845995357334175857e+00 3.899835796387520315e+00 3.954570998425109174e+00 4.010482571687375319e+00 4.067983590167891350e+00 4.128250997660657617e+00 4.649191177476034831e+00 4.682711841063250446e+00
2.936426369108794621e+00 3.322857103299319714e+00 3.406160284171086516e+00 3.458693319780901998e+00 3.541371552370635278e+00 3.599487765202643796e+00 3.657795936395758840e+00 3.716377303452724323e+00 3.775424048764750129e+00 3.834986029693748577e+00 3.895145418762300693e+00 3.956025651703173551e+00 4.017733444167358670e+00 4.080531714030804835e+00 4.144562334217505750e+00 4.210264763534965482e+00 4.382811162472179056e+00 4.350017607214123672e+00 4.678072909142191982e+00 4.803008055330652226e+00 4.841643668859239469e+00
3.207994048147212229e+00 3.015998821656273865e+00 3.411068569439609899e+00 3.246730330813587528e+00 3.515011165329584131e+00 3.572003894184637485e+00 3.629232068452899806e+00 3.686776991729098896e+00 3.744782836638954837e+00 3.803227903245881780e+00 3.862282056941071851e+00 3.922000357796523673e+00 3.982559137569952057e+00 4.044066378468832212e+00 4.106776180698152423e+00 4.171011470281543509e+00 4.237288135593220595e+00 4.541513562610956178e+00 4.759014539134273747e+00 4.808451884569677759e+00 4.838932669708281509e+00
2.836663530193169525e+00 3.359485998642207427e+00 3.442814845417613512e+00 3.513751860221572709e+00 3.469234825566872793e+00 3.625209146681539263e+00 3.684700844005061260e+00 3.744565179704456792e+00 3.804859151032154330e+00 3.865721405741976646e+00 3.927206423787649836e+00 3.989501312335957728e+00 4.052698822656646271e+00 4.117005290351798408e+00 4.182723295711680223e+00 4.250272497309302899e+00 4.320424636021368059e+00 4.634016447300166597e+00 4.817917145590572936e+00 4.875235178598403607e+00 4.906737905231809194e+00
3.124218945263683711e+00 3.285564487941279310e+00 3.450169692019546375e+00 3.562970259677655793e+00 3.584179012172152845e+00 3.645392705087729723e+00 3.706932650525491812e+00 3.768956136203221341e+00 3.831601130322333404e+00 3.894905873108066352e+00 3.959048161473599059e+00 4.024089029500736103e+00 4.090291450597598022e+00 4.157773650802449872e+00 4.226917281955834937e+00 4.298093587521663927e+00 4.372002787151776815e+00 4.801986650477110707e+00 4.852179380287850563e+00 4.886004693317183900e+00 4.913703089490816467e+00
3.423556865978229169e+00 3.511901835319898968e+00 3.595654789481326663e+00 3.639934893240022173e+00 3.624324795260498000e+00 3.686937997992666638e+00 3.749973958514177141e+00 3.813538755954321235e+00 3.877686682916020366e+00 3.942590351028878004e+00 4.008320720944857918e+00 4.075120354190121752e+00 4.143074161027482383e+00 4.212532629863402711e+00 4.283838872383057605e+00 4.357565482634420562e+00 4.733321900188646403e+00 4.518443464687678990e+00 4.926518547301516726e+00 4.960654534581878217e+00 4.988826395675438619e+00
2.984535939365334567e+00 3.282650146322384277e+00 3.354977598534992556e+00 3.433608722767628407e+00 3.516026046720954756e+00 3.573580727889344555e+00 3.631281088562150039e+00 3.689369048282006958e+00 3.747865798642439294e+00 3.806913354652047943e+00 3.866575525957840043e+00 3.926945043437523708e+00 3.988200427700114847e+00 4.050445205714560792e+00 4.113928390219820486e+00 4.178940878262656256e+00 4.245964621527041238e+00 4.560152557831024467e+00 4.734393654540215657e+00 4.784558180227471702e+00 4.814735842957072798e+00
