2.925015147399870674e+00 2.959538875657087953e+00 2.993720149825250143e+00 3.027593344927372865e+00 3.061188993634118560e+00 3.094538140182577113e+00 3.127606338615512627e+00 3.160467468254859913e+00 3.193158311235752223e+00 3.225670729141830950e+00 3.258051546534681098e+00 3.290279673772270819e+00 3.322447017573623818e+00 3.354532112656369858e+00 3.386601756799661356e+00 3.418612601424654063e+00 3.450655624568668145e+00 3.482694491073853982e+00 3.629987808720190223e+00 3.604402916793745248e+00 3.579198540248437865e+00
2.879112390716617398e+00 2.912097278254445865e+00 2.944826570749458305e+00 2.977282641057419799e+00 3.009539540450310913e+00 3.041593795148657353e+00 3.073441276316341231e+00 3.105129815597631460e+00 3.136719131198505206e+00 3.168153173318640103e+00 3.199510335809475858e+00 3.230795669358996314e+00 3.262053983523157008e+00 3.293310463121783549e+00 3.324562148091560143e+00 3.355868925352890830e+00 3.387247014988567617e+00 3.585415632412157549e+00 3.561399904116156367e+00 3.537686769051483271e+00 3.514123261387516628e+00
2.822272548925127467e+00 2.853722367615123101e+00 2.885031494927152718e+00 2.916140141363364524e+00 2.947102929283236694e+00 2.977899729861952949e+00 3.008591978953849111e+00 3.039169953210917985e+00 3.069646083759479005e+00 3.100076092776822723e+00 3.130456559697806007e+00 3.160795146118062338e+00 3.191142498387085080e+00 3.221536672993017270e+00 3.251986539603540116e+00 3.282512588784981755e+00 3.313132428664117501e+00 3.505057798403095504e+00 3.482282148428794244e+00 3.459752696877226974e+00 3.437366275929316206e+00
2.809442536364721299e+00 2.839295854628051785e+00 2.868918417756505690e+00 2.898366311086604696e+00 2.927604522451938251e+00 2.956684571034346565e+00 2.985613508859634280e+00 3.789899216754161859e+00 3.043045258382206519e+00 3.071596113034737119e+00 3.100048911882831604e+00 3.128454334994890118e+00 3.156809237525342038e+00 3.185141668023300898e+00 3.213479849385596498e+00 3.241848819484201449e+00 3.270315968187479605e+00 3.451871055004508637e+00 3.429496412746751766e+00 3.407320872274143486e+00 3.385264226925545294e+00
2.812603275276513770e+00 2.842483762311507345e+00 2.872154115586690093e+00 2.901566138015470031e+00 2.930791453253876355e+00 2.959789150258628876e+00 2.988601612454822920e+00 3.017211821984501885e+00 3.045699334099372546e+00 3.074021029098402913e+00 3.102228779031690475e+00 3.130325901707766256e+00 3.158321146333257445e+00 3.186246742947773214e+00 3.214130996799843043e+00 3.241960627422848074e+00 3.269815429354594016e+00 3.450893781489405399e+00 3.427427647002371458e+00 3.404267144653563282e+00 3.381353245746891112e+00
2.809896455315621822e+00 2.838489923360771883e+00 2.866812104939307382e+00 2.894866906728799982e+00 2.922633710492255510e+00 2.950156083839319265e+00 2.977414186669691265e+00 3.004471771939630553e+00 3.031285688101851505e+00 3.057933948626709864e+00 3.084364375591461815e+00 3.110634915148791535e+00 3.136762860727729141e+00 3.162751043364066650e+00 3.188617344661190955e+00 3.214378052785677120e+00 3.240038604715290038e+00 3.412018661653088536e+00 3.388447468691436537e+00 3.365185751242664836e+00 3.342152903495334559e+00
2.781918953427822583e+00 2.809324146843373171e+00 2.836497209595870039e+00 2.863388436101042434e+00 2.890071546893173249e+00 2.916545143952334662e+00 2.942783873544372764e+00 3.656512811858352308e+00 2.994720933795773643e+00 3.020426512320530499e+00 3.045973430804482351e+00 3.071381702941545999e+00 3.096678296414046017e+00 3.121851541768954519e+00 3.146941173179669260e+00 3.171976279133912335e+00 3.196930946291559827e+00 3.362751691669983778e+00 3.340524740761361411e+00 3.318505966250088424e+00 3.296658012939382321e+00
2.804577069777877352e+00 2.834487205833374546e+00 2.864188561408900657e+00 2.893681892609112349e+00 2.923040518909288288e+00 2.952237022458088500e+00 2.981266552962546612e+00 3.010173016535427237e+00 3.038988845529577709e+00 3.067698528899114319e+00 3.096337376920589080e+00 3.124911224112951302e+00 3.153490914442287352e+00 3.182047716880763044e+00 3.210631377640046136e+00 3.239301689261369965e+00 3.267996579033368043e+00 3.450436937983676788e+00 3.428250152557131614e+00 3.406207639637135021e+00 3.384309495103327681e+00
2.817094956712931086e+00 2.847499062408844761e+00 2.877637249259535235e+00 2.907574586379785497e+00 2.937288882361579923e+00 2.966793108563436032e+00 2.996139857021418162e+00 3.025314140177578714e+00 3.054346543382132850e+00 3.083226562339415278e+00 3.111990152280051714e+00 3.140659678117279530e+00 3.169244548554893015e+00 3.197797690633928713e+00 3.226293606447095730e+00 3.254770715554265781e+00 3.283223426846987536e+00 3.467478518970574797e+00 3.443840796159765905e+00 3.420557550880793052e+00 3.397516346213849570e+00
2.773668639053254115e+00 2.800806632310105293e+00 2.827674449840589688e+00 2.854318374848581641e+00 2.880710481570478709e+00 2.906873692793080277e+00 2.932838009580603700e+00 2.958600722743890188e+00 2.984163115743889261e+00 3.009560604151793939e+00 3.519061583577712149e+00 3.059869121052594565e+00 3.084818486475875421e+00 3.109646122271285229e+00 3.134359545866127750e+00 3.159003159003158423e+00 3.183586841174389725e+00 3.348144221312332913e+00 3.325688867949366134e+00 3.303461606044631793e+00 3.281458363878823281e+00
2.745879420689849582e+00 2.771165665967953995e+00 2.796244643443854816e+00 2.821049155061374769e+00 2.845641310383120182e+00 2.870002870002869688e+00 2.894151695902304589e+00 2.918087158281317706e+00 2.941835705480219332e+00 2.965414985690148164e+00 2.988813298795935047e+00 3.012048192771084487e+00 3.035152585398156688e+00 3.058125724526878919e+00 3.080952014172378739e+00 3.103705134218003980e+00 3.126346065667161778e+00 3.280427711936568791e+00 3.258909998613229497e+00 3.237544252303230952e+00 3.216333379946860305e+00
2.934538823249931649e+00 2.970023972336347740e+00 3.005227698414917104e+00 3.040136876860316306e+00 3.074794373126296776e+00 3.109211037699183944e+00 3.143401999203670805e+00 3.177409996408145254e+00 3.211236535494634392e+00 3.244915148920892722e+00 3.278505559508363199e+00 3.312004960960622135e+00 3.345437311383546497e+00 3.378844297338297942e+00 3.412208743610813055e+00 3.445614421963724805e+00 3.479059540624978020e+00 3.691296202143737659e+00 3.664827338228989539e+00 3.638933792398826750e+00 3.613444794207369526e+00
2.800983145083923986e+00 2.828714278642499469e+00 2.856127787336904866e+00 2.883263009845288050e+00 2.910118899143593563e+00 2.936713817238509883e+00 2.963067480334403037e+00 3.690319525968012382e+00 3.015089471027093904e+00 3.040774015203870029e+00 3.066287562022634194e+00 3.091581062660726964e+00 3.116753589461217278e+00 3.141777967060202847e+00 3.166648309285163609e+00 3.191444092991588821e+00 3.216108508704467184e+00 3.382115654263227356e+00 3.359270558393034456e+00 3.336670003336670298e+00 3.314223660736321797e+00
2.805521265851194990e+00 2.837060521593576468e+00 2.868456770257601374e+00 2.899719222309449229e+00 2.930852808385030261e+00 2.961876419232450708e+00 2.992824182019390378e+00 3.023697348990928457e+00 3.054516171580504036e+00 3.085319364835586331e+00 3.116084535911142872e+00 3.146897159400831256e+00 3.177739245770498488e+00 3.208682975146657679e+00 3.239703601585385950e+00 3.270862185353497154e+00 3.302191829827047620e+00 3.495712611297320915e+00 3.473500663438626734e+00 3.451536969412478673e+00 3.429715333627309182e+00
2.913338828411448311e+00 2.947123128062780317e+00 2.980584610479180885e+00 3.013758156421056267e+00 3.046627245156555031e+00 3.079248663326148439e+00 3.111624337051147826e+00 3.143775324856783460e+00 3.175764772484069187e+00 3.207541907232309697e+00 3.239212388953596644e+00 3.270725613956951605e+00 3.302191829827047620e+00 3.333564830891033726e+00 3.364899293371148570e+00 3.396197644840898811e+00 3.427521627661470394e+00 3.628347664165616937e+00 3.603004351320639564e+00 3.578043441656844070e+00 3.553344585591187599e+00
2.693373592180711373e+00 2.718812088256822967e+00 2.744140556286544630e+00 2.769394638736019321e+00 2.794545048066174431e+00 2.819613506636407418e+00 2.844614658785002526e+00 2.869500706877003093e+00 2.894376438363901016e+00 2.919167538856968225e+00 2.943918355330945147e+00 2.968649678626412491e+00 2.993386703793944115e+00 3.018094529528194236e+00 3.042855858534864844e+00 3.067655753248926143e+00 3.092537145588214464e+00 3.252814391582282028e+00 3.232840153250379878e+00 3.213008493518104469e+00 3.193224809968414846e+00
2.896584855806592973e+00 2.931732514309646653e+00 2.966667373016041331e+00 3.001389014916205245e+00 3.035951311813380737e+00 3.070374376330204491e+00 3.104647798875270315e+00 3.138841418756320945e+00 3.172960855319882700e+00 3.207027573465332182e+00 3.241044029927938386e+00 3.275101562989958470e+00 3.309203722854188179e+00 3.343363423604145623e+00 3.377633175250909670e+00 3.412042420739646698e+00 3.446588222318726746e+00 3.481360794307278628e+00 3.634533661373294589e+00 3.610534428528776374e+00 3.586775833408057501e+00
2.906420353449070237e+00 2.940455770644449629e+00 2.974188294444640945e+00 3.007623977058124343e+00 3.040846345326996936e+00 3.073806280345103836e+00 3.106554830692761282e+00 3.139126067302862921e+00 3.171517019325569731e+00 3.203788828527649457e+00 3.235911735343729223e+00 3.267973856209150263e+00 3.299967000329996569e+00 3.331898765809165663e+00 3.363813603536810248e+00 3.395773993915327083e+00 3.427733102989669156e+00 3.631156694688233877e+00 3.605852576104291884e+00 3.581008018649328051e+00 3.556430984721024924e+00
2.851003761934232106e+00 2.883585532639441951e+00 2.915998417029430634e+00 2.948173846269874776e+00 2.980150809492126740e+00 3.011963800397859270e+00 3.043644445702798240e+00 3.075159698634348793e+00 3.106576764217884090e+00 3.137922137692023661e+00 3.169157210866075491e+00 3.200378479541928112e+00 3.231550938181118049e+00 3.262755987504338595e+00 3.293965866278710575e+00 3.325228089864288972e+00 3.356572939029251579e+00 3.554097464288154651e+00 3.530120231742010173e+00 3.506483487969254575e+00 3.483130719847014944e+00
2.829114416459787229e+00 2.861509900126324890e+00 2.893722739014439771e+00 2.925809822361546519e+00 2.957746478873239493e+00 2.989578191374718585e+00 3.021293250842872258e+00 3.052905464006937741e+00 3.084473446110821637e+00 3.116014900216704575e+00 3.147513464363152824e+00 3.179034955562619391e+00 3.210608968766357929e+00 3.242228997944288427e+00 3.273938059878237272e+00 3.305807891238920604e+00 3.337783711615486926e+00 3.535577616327435724e+00 3.512765389425170692e+00 3.490234187870409954e+00 3.467848094098996192e+00
2.963234723466702469e+00 2.999755833827479012e+00 3.035929877080141726e+00 3.071810553065527305e+00 3.107388522436757672e+00 3.142699509040498551e+00 3.177783150841076321e+00 3.212649458040004014e+00 3.247336493152956471e+00 3.281870806013504449e+00 3.316258131888291327e+00 3.350551444925310207e+00 3.384762925563421732e+00 3.418922690482835591e+00 3.453087341968400725e+00 3.487212392157956753e+00 3.521399545035178491e+00 3.738861309016886292e+00 3.589846257930453532e+00 3.684774375806044500e+00 3.658528167215445936e+00
2.747649042787764451e+00 2.775701932315576048e+00 2.803594207774366520e+00 2.831377323499016274e+00 2.858995725452732728e+00 2.886518583681548122e+00 2.913934852742220638e+00 2.941217664112942387e+00 2.968449621169286790e+00 3.548912362740594961e+00 3.022698355792684755e+00 3.049753537359480848e+00 3.076793980672139828e+00 3.103854987894965056e+00 3.130913948569520322e+00 3.158005544054177438e+00 3.185186758116917538e+00 3.358648863542894603e+00 3.337319576160413970e+00 3.316141140611439830e+00 3.295141725418585743e+00
2.752167331773771597e+00 2.779004973706337367e+00 2.805619656171311149e+00 2.832058906825261513e+00 2.858318054112841011e+00 2.884398919405672501e+00 2.910320551020690427e+00 2.936077400592807862e+00 2.961718071990412149e+00 2.987218970262946360e+00 3.012596858492019969e+00 3.037876800287216739e+00 3.063085641089901223e+00 3.088261098438321639e+00 3.113346570821715620e+00 3.138425486804663933e+00 3.163468812323773971e+00 3.327994675208519659e+00 3.306552602327250678e+00 3.285242968182072065e+00 3.264070226123673812e+00
2.817249814473792302e+00 2.848290331096383188e+00 2.879132608634588308e+00 2.909782546982342399e+00 2.940249921243305309e+00 2.970549127224375141e+00 3.000718776823285250e+00 3.030751555903269612e+00 3.060677940163746058e+00 3.090495322113898879e+00 3.120232977395645424e+00 3.149937001259974334e+00 3.179605304994806758e+00 3.209265008546412279e+00 3.238922196954034494e+00 3.268632946429192110e+00 3.298379670986627321e+00 3.487298711067044810e+00 3.464091230306640679e+00 3.441180395103691669e+00 3.418517200722772209e+00
2.819400224176700220e+00 2.851459808326262557e+00 2.883308390427415269e+00 2.915047196002221064e+00 2.946638433758882680e+00 2.978110884995284646e+00 3.009497413931872867e+00 3.040781834510752457e+00 3.072003574695068462e+00 3.103191460017101555e+00 3.134394278305717485e+00 3.669597729003669428e+00 3.196797642709216625e+00 3.228088490834289281e+00 3.259452411994784526e+00 3.290970836396737376e+00 3.322634920186067653e+00 3.518503187349946604e+00 3.495880344926860950e+00 3.473500663438626734e+00 3.451298723709731675e+00
2.945033061502106531e+00 2.980687915043462421e+00 3.015991610059702399e+00 3.051021398754628855e+00 3.085742498217126428e+00 3.120213309128042400e+00 3.154441453566621867e+00 3.188466070562140153e+00 3.222326519747257478e+00 3.256020173469670542e+00 3.289565777317394080e+00 3.323034283815409218e+00 3.356408642752255034e+00 3.389758691553144576e+00 3.423054622171613826e+00 3.456375602220544963e+00 3.489719286980555335e+00 3.701951751228842014e+00 3.675348811406063732e+00 3.649302070978924561e+00 3.623634300091616467e+00
2.737437618008127682e+00 2.764428188661591346e+00 2.791307867301223489e+00 2.818032590546909244e+00 2.844634395098902591e+00 2.871128353442903069e+00 2.897490910846964418e+00 2.923788945225310076e+00 2.949976821610687416e+00 2.976108081171617403e+00 3.002185311633816855e+00 3.028217481073640638e+00 3.054237577066227338e+00 3.080283386071517970e+00 3.106318943023207435e+00 3.132417739229703457e+00 3.158604037397870989e+00 3.326380274564971540e+00 3.305694058014930103e+00 3.285128154946214796e+00 3.264637034876048283e+00
2.930505163271002189e+00 2.966478789676653793e+00 3.002206272516546814e+00 3.037709990533647542e+00 3.072969046820873462e+00 3.108047016274864127e+00 3.142919003485148188e+00 3.177696805355477938e+00 3.212335367812399589e+00 3.246887823479834623e+00 3.281400611160863789e+00 3.315883788855807701e+00 3.350364352123293088e+00 3.384882269563561419e+00 3.419447584753450897e+00 3.454134034499044770e+00 3.488915714774162069e+00 3.704872593548032444e+00 3.679329112518049172e+00 3.654265147963263960e+00 3.629536047574841273e+00
2.825287007814329954e+00 2.853821684868480535e+00 2.882042132711177818e+00 2.909937436345118478e+00 2.937535407792861708e+00 2.964845404489623082e+00 2.991887115403347952e+00 3.018645400426822611e+00 3.045174814279745679e+00 3.071467463386711394e+00 3.097530923683721404e+00 3.123402805383610481e+00 3.149077320345138986e+00 3.174603174603174427e+00 3.199977739285291722e+00 3.225195790418363906e+00 3.250332099149260578e+00 3.419949247953160576e+00 3.396362426527670397e+00 3.373036787182460028e+00 3.349896711518061565e+00
2.829754872484170569e+00 2.859095410105856327e+00 2.888126362404846770e+00 2.916848969727274810e+00 2.945280888633319272e+00 2.973472378565511942e+00 3.001368065443783539e+00 3.029064934698995515e+00 3.056531947705516838e+00 3.083780715156781760e+00 3.110837734461719073e+00 3.137725218943492766e+00 3.164448113369792814e+00 3.191036732378385921e+00 3.217503217503217439e+00 3.243862543050196390e+00 3.270133936336754310e+00 3.445390559629865734e+00 3.421564065365560126e+00 3.398034687692872868e+00 3.374767984701052104e+00
2.977371973005160655e+00 3.013546944753974888e+00 3.049329840464606534e+00 3.084727173018919189e+00 3.119735446434142023e+00 3.154444337772413398e+00 3.188841826513140187e+00 3.222958676064627159e+00 3.256809850810391538e+00 3.290440919083156945e+00 3.323869538120628686e+00 3.357107132824971529e+00 3.390189638732916233e+00 3.423126362264572453e+00 3.455961180387067344e+00 3.488720965119767481e+00 3.521374744700330961e+00 3.735008092517533740e+00 3.586598779149905880e+00 3.678894943254781058e+00 3.651697005608455004e+00
2.845661060945730902e+00 2.876416806492483769e+00 2.906876146312765474e+00 2.937104015440775040e+00 2.967086532959386069e+00 2.996849822976777933e+00 3.026405387001588565e+00 3.055800335427385495e+00 3.085013146362840075e+00 3.114057547783482871e+00 3.143006809848087890e+00 3.171845048474066786e+00 3.200601156391113200e+00 3.229308378337524044e+00 3.257998031035972186e+00 3.286644336132808153e+00 3.315352152561454435e+00 3.499886768369258938e+00 3.476737151717855578e+00 3.453730374177148565e+00 3.430931909725319251e+00
2.793666757460835814e+00 2.822078288581595817e+00 2.850290242969863108e+00 2.878230299541538972e+00 2.905987752324790119e+00 2.933534489984074956e+00 2.960874162848079028e+00 2.988061651355745862e+00 3.015089471027093904e+00 3.041951273471419359e+00 3.068704100207137575e+00 3.095336359884441002e+00 3.121873691828494835e+00 3.148328237705777966e+00 3.174734633594213484e+00 3.201135707277016795e+00 3.227489974180079546e+00 3.399755772646536389e+00 3.377427526034336935e+00 3.355268113312197098e+00 3.333263890335617763e+00
2.896789509382771577e+00 2.932019044161791488e+00 2.967086532959386069e+00 3.001933803869003992e+00 3.036615938702729167e+00 3.071145886409481385e+00 3.105546223232309000e+00 3.139848868607790777e+00 3.174065766642685027e+00 3.208235400785320213e+00 3.242407936310829353e+00 3.276585658314858485e+00 3.310791772330233584e+00 3.345087599481511020e+00 3.379450184145550651e+00 3.413968006242683817e+00 3.448639898652214875e+00 3.661738289346414099e+00 3.637126669930754286e+00 3.612967775106652013e+00 3.589127703924572810e+00
2.851558968152954066e+00 2.884298428744093812e+00 2.916848969727274810e+00 2.949184859022104810e+00 2.981349233862580217e+00 3.013368397983782643e+00 3.045261078022421408e+00 3.077007234385897405e+00 3.108700908431487608e+00 3.140287092024368398e+00 3.171828523901489838e+00 3.203387233805484957e+00 3.234931756705600847e+00 3.266520252425564763e+00 3.298153034300791653e+00 3.329887824403915619e+00 3.361759641046398794e+00 3.560424512153371968e+00 3.536999791941188409e+00 3.513876297498822687e+00 3.490927012245624628e+00
2.760257808079274344e+00 2.786699085266025389e+00 2.812919740367507249e+00 2.838953277926427710e+00 2.864748915238367832e+00 2.890336406959365778e+00 2.915735251239186976e+00 2.940949926826364802e+00 2.966008166868998597e+00 2.990920420153106996e+00 3.015660394560589985e+00 3.040290762352908516e+00 3.064813847386201218e+00 3.089215128728997950e+00 3.113561984100076785e+00 3.137834615196881671e+00 3.162055335968379399e+00 3.323202182236098867e+00 3.301623986298260149e+00 3.280198766086932505e+00 3.258909998613229497e+00
2.819574725607240318e+00 2.849695916594265466e+00 2.879597699131204447e+00 2.909225081777607524e+00 2.938645284523834000e+00 2.967841319417455104e+00 2.996828936822664158e+00 3.025590869751830780e+00 3.054240535325068340e+00 3.082698525785060539e+00 3.111022005295650761e+00 3.139213661857855886e+00 3.167318899743798877e+00 3.195309840859677397e+00 3.223229676135487498e+00 3.251136130723943030e+00 3.278963010506634301e+00 3.461333444096003298e+00 3.437318050128724156e+00 3.413682597185453194e+00 3.390357258896156356e+00
2.824041547850284495e+00 2.854735728062052225e+00 2.885190044720445712e+00 2.915411420083019234e+00 2.945446129894174536e+00 2.975304968759297619e+00 3.004975680661932991e+00 3.034503686232318920e+00 3.063896161773716820e+00 3.093167614535075494e+00 3.122354671736445209e+00 3.151459125575140963e+00 3.180507636675401262e+00 3.209533710569831388e+00 3.238542793553232713e+00 3.267564899400714040e+00 3.296635371523938485e+00 3.482548947225453162e+00 3.459417572457501144e+00 3.436498418509401631e+00 3.413825295748742494e+00
2.861190394774489665e+00 2.893219533365020801e+00 2.925015147399870674e+00 2.956545654565456704e+00 2.987833265006913486e+00 3.018930063740591141e+00 3.049837110972481558e+00 3.080542175422874340e+00 3.111129547434354770e+00 3.787539683086225573e+00 3.171888790820829307e+00 3.202116181128397798e+00 3.232284330985915055e+00 3.262438916037316616e+00 3.292561612934863380e+00 3.322681899160139007e+00 3.352821608935268927e+00 3.545507633269375347e+00 3.521515770866707307e+00 3.497798444508455784e+00 3.474297149686618180e+00
2.802670945410976611e+00 2.831778215130190901e+00 2.860671350725284778e+00 2.889358703312191246e+00 2.917821637731602191e+00 2.946113528142235261e+00 2.974209356012859740e+00 3.002143390746416785e+00 3.029927419465906269e+00 3.057603834092993189e+00 3.085142933269760857e+00 3.112614388578780478e+00 3.140002232890476197e+00 3.167346039440343652e+00 3.194644109701300305e+00 3.221965398893325006e+00 3.249267186549416042e+00 3.425901183306268472e+00 3.403510477950113522e+00 3.381305606627358351e+00 3.359270558393034456e+00
2.907368406123910010e+00 2.941629662833209036e+00 2.975621160917341523e+00 3.009307859192385415e+00 3.042761412124342257e+00 3.075955119018490169e+00 3.108947409328255418e+00 3.141756032171581836e+00 3.174379232505642801e+00 3.206848713426238451e+00 3.239190064645963041e+00 3.271454126556550435e+00 3.303623662204480560e+00 3.335742480680491173e+00 3.367836474356330712e+00 3.399920899799474316e+00 3.432038768309926713e+00 3.637461738020397295e+00 3.611462225494144640e+00 3.585984318214731292e+00 3.560880584822269768e+00
2.744913112942616973e+00 2.770555389795831491e+00 2.795990549551941928e+00 2.821204447869646081e+00 2.846214188030627756e+00 2.870987619741190766e+00 2.895582471132454927e+00 2.919992213354097643e+00 2.944227911280599130e+00 2.968280813170882659e+00 2.992178584351601778e+00 3.015977667737455459e+00 3.039618666021898896e+00 3.063149613973531249e+00 3.086592962568045273e+00 3.109925500006910593e+00 3.133246530799813634e+00 3.289992254809900096e+00 3.268519291218114464e+00 3.247188711077854784e+00 3.226027867389662962e+00
2.919342730836599564e+00 2.953479267262399510e+00 2.987272828322125040e+00 3.020753952725200531e+00 3.053901358986104153e+00 3.086822013842681844e+00 3.119483300129741732e+00 3.151922672830426375e+00 3.184140212922071278e+00 3.216175966775503881e+00 3.248059990255819596e+00 3.279786744078938554e+00 3.311418183825102446e+00 3.342967580178987763e+00 3.374446487476671308e+00 3.405876179023973105e+00 3.437276577022493118e+00 3.640334910811794611e+00 3.614122880177925268e+00 3.588409437516820510e+00 3.563059297529155955e+00
2.788836288337784186e+00 2.817269172890998874e+00 2.845496645870828623e+00 2.873482660985113846e+00 2.901258155365912028e+00 2.928849868550428059e+00 2.956247536460386627e+00 2.983459147424511126e+00 3.010508775983141039e+00 3.037431039719708625e+00 3.064216222239245280e+00 3.090886100847183737e+00 3.117449925960563917e+00 3.143929072960114368e+00 3.170358526196809912e+00 3.196775426526286434e+00 3.223139337714933994e+00 3.395868129431087734e+00 3.373321245598869478e+00 3.350972480138506793e+00 3.328825548736086493e+00
2.896237011083404589e+00 2.928927084003057679e+00 2.961291687231192071e+00 2.993345028262746066e+00 3.025122587816494679e+00 4.469585864934702002e+00 3.087870983136013603e+00 3.118908382066276630e+00 3.149716525512704202e+00 3.180353710643122778e+00 3.210833071580637021e+00 3.241178133771007275e+00 3.271408585011380321e+00 3.301555858198176097e+00 3.331644374726701052e+00 3.361667387023963727e+00 3.391698817145037292e+00 3.585687590073161957e+00 3.560912141340820014e+00 3.536435688876869765e+00 3.512197863178820434e+00
2.871208778895915081e+00 2.903353727622931757e+00 2.935215598574323792e+00 2.966814065524207678e+00 2.998166237859169581e+00 3.029278327274776750e+00 3.060167057301627747e+00 3.090886100847183737e+00 3.933801708788251084e+00 3.151790216843166625e+00 3.182033531562236561e+00 3.212178345728151641e+00 3.242228997944288427e+00 3.272228526870565535e+00 3.302191829827047620e+00 3.332153195743174479e+00 3.362105638731457180e+00 3.554607660179507800e+00 3.530291283641599609e+00 3.506335949059951052e+00 3.482573203688741348e+00
2.909699946064097986e+00 2.943051944866826641e+00 2.976063942859572098e+00 3.008760390719023459e+00 3.041152320260986031e+00 3.073291005734481551e+00 3.105161468396356206e+00 3.136784725949573804e+00 3.168196813895986175e+00 3.199421322056532180e+00 3.230484778917993349e+00 3.261397543543126609e+00 3.292192600271781178e+00 3.322893320984424914e+00 3.353524344490788067e+00 3.384071383187380988e+00 3.414634146341463783e+00 3.445187073658099841e+00 3.586949023935986691e+00 3.561839004876979686e+00 3.537024322243722096e+00
2.903908944747819909e+00 2.938378015335534332e+00 2.972567448970925064e+00 3.006530463844722778e+00 3.040290762352908516e+00 3.073827753870228108e+00 3.107198342827549808e+00 3.140446216445014649e+00 3.173551894472500745e+00 3.206535756359048417e+00 3.239480304648998832e+00 3.272410791993037638e+00 3.305284323311894479e+00 3.338201543918214220e+00 3.371173030615754573e+00 3.404219843127991751e+00 3.437347467706121318e+00 3.470655606844132102e+00 3.619798247471263331e+00 3.595555340436860092e+00 3.571578637757888863e+00
2.935072014088345949e+00 2.970318036195446432e+00 3.005248701802450295e+00 3.039878970400061942e+00 3.074235807860261627e+00 3.108357336759433487e+00 3.142238670483904261e+00 3.175918254625793580e+00 3.209417934500559788e+00 3.242816456588556662e+00 3.276037528055427472e+00 3.309203722854188179e+00 3.342269261567384575e+00 3.375329783496703762e+00 3.408339999304420775e+00 3.441393075917130506e+00 3.474466148276317057e+00 3.684470305254888167e+00 3.658376647132315362e+00 3.632756283969764244e+00 3.607478580595927742e+00
2.868256100291022737e+00 2.900642386167473052e+00 2.932756092451644481e+00 2.964657052707366791e+00 2.996306877569506977e+00 3.027763890747012798e+00 3.059039461609054378e+00 3.090128755364806246e+00 3.121076487654014464e+00 3.151922672830426375e+00 3.182663677320338280e+00 3.213322715397403773e+00 3.243952099941333156e+00 3.274553929116358120e+00 3.305147767648111579e+00 3.335812026992279300e+00 3.366540707660598208e+00 3.561229171945731853e+00 3.537441389451488671e+00 3.513925687499559913e+00 3.490616401790481049e+00
