3.095613172178004024e+00 3.357934870054915422e+00 3.034315348118724387e+00 3.340966513771046031e+00 3.664497929212962024e+00 3.442945474985946941e+00 3.359546941098229045e+00 4.243291151369145808e+00 4.300150505267684053e+00 3.721727162288370305e+00 4.401136043241161033e+00 4.445690757750890398e+00 4.486688340822651000e+00 4.524576677863851870e+00 4.559711494618158945e+00 4.592406763861186292e+00 4.623019919777006770e+00 4.651703686475171295e+00 4.678748847514070164e+00 4.704319672357971882e+00 4.728553610833185594e+00
2.761433396350659653e+00 2.873563218390804419e+00 3.088282774400943342e+00 3.309409063644073168e+00 3.351917091356842349e+00 3.490425762134465426e+00 4.098948619679052108e+00 4.158627789178023448e+00 4.214307920826279918e+00 4.265830013554331224e+00 4.313354968574127923e+00 4.357087529047249497e+00 4.397325876201534811e+00 4.434466893933095122e+00 4.468889652801649959e+00 4.500879717399309143e+00 4.530757666247914095e+00 4.558753487106211644e+00 4.585084580916321428e+00 4.609943717403568897e+00 4.633509815545425070e+00
3.334213195148719500e+00 3.227888960619754499e+00 3.230881609259987020e+00 3.351323423656154432e+00 3.627206841470134613e+00 3.457336467985063777e+00 4.043925396548718965e+00 4.104753304326409946e+00 4.162071046552764386e+00 4.215618521078092762e+00 4.265360457356714541e+00 4.311318236876141796e+00 4.353715170278637636e+00 4.392919163423456119e+00 4.429188351234636833e+00 4.462937024525554186e+00 4.494412627937540705e+00 4.523973579994292393e+00 4.551755529348477936e+00 4.578034998052626925e+00 4.602944510473416351e+00
2.945487443106507452e+00 3.130580793886829749e+00 2.816959470136794152e+00 3.182510031825099617e+00 3.145115635418195055e+00 3.186345815496723244e+00 3.964500333852659875e+00 4.022554044400673767e+00 4.077288810260945695e+00 4.128385801151749135e+00 4.175801231861362872e+00 4.219639016687991351e+00 4.260055792988771906e+00 4.297348813030669845e+00 4.331847463074493199e+00 4.363878171604313572e+00 4.393733437684502086e+00 4.421648390519985483e+00 4.447873013225471794e+00 4.472641197842122551e+00 4.496035314313741260e+00
3.231539828728388741e+00 3.119593885595984162e+00 3.286230693394676106e+00 3.368964815373709509e+00 3.310870000068976360e+00 3.316726179554852827e+00 3.515641156439138104e+00 3.684675227163703326e+00 4.124432016777349830e+00 4.178884098649524148e+00 4.229649147136319343e+00 4.276746913154445551e+00 4.320246871249785237e+00 4.360525477927435389e+00 4.397809341221903701e+00 4.432472978962801236e+00 4.464784016073221729e+00 4.495086053654982372e+00 4.896517955048585335e+00 4.550562959796465634e+00 4.576127639810944281e+00
3.209533710569831388e+00 3.129106952875649217e+00 3.299797097582723104e+00 3.299912938467154611e+00 3.423915701797905164e+00 3.472993998666369819e+00 3.953943376803985998e+00 4.013987726722272775e+00 4.070762267483578611e+00 4.124306600952714064e+00 4.174279594615863509e+00 4.220693854392981059e+00 4.263617364804886734e+00 4.303308082705482818e+00 4.340098375563179012e+00 4.374214008420362454e+00 4.406014209395824999e+00 4.435770049680623828e+00 4.822550517914756085e+00 4.490190660403426293e+00 4.515237188882791131e+00
3.203900400487549760e+00 2.966248331485313638e+00 3.052905464006937741e+00 3.217106794255752078e+00 3.230373761117296905e+00 3.337064356676561427e+00 3.877049905114304806e+00 3.934263291943042251e+00 3.988310125494241021e+00 4.039214612372319380e+00 4.086749925538030404e+00 4.130837389586158537e+00 4.171649470200517129e+00 4.209306016547402329e+00 4.244162565117091113e+00 4.276510918898039471e+00 4.306573334791644392e+00 4.334693372047420112e+00 4.361038619419773887e+00 4.385874742158535788e+00 4.409380448128725760e+00
3.323708427678181199e+00 3.142019271051529117e+00 2.809639874409097349e+00 3.290894506262983299e+00 3.215119448676908132e+00 3.406041901266491312e+00 3.964831251217272090e+00 4.023056274233711704e+00 4.077936978594286721e+00 4.129245380406730170e+00 4.176876809979950700e+00 4.220898290190216784e+00 4.261490559423736002e+00 4.298962107719707326e+00 4.333649758553798748e+00 4.365829200575743307e+00 4.395815732899246875e+00 4.423875314775743917e+00 4.450254498929157698e+00 4.475135458907929298e+00 4.498670847249675475e+00
3.259633256581685234e+00 3.205368651494588050e+00 3.067249444061038055e+00 3.407463039457031773e+00 3.447353979934992818e+00 3.378634617904005655e+00 3.415062516552598737e+00 3.860498142135268651e+00 4.148717700504069406e+00 4.203707532216938603e+00 4.254968705391457107e+00 4.302514580743856953e+00 4.346536224584836461e+00 4.387186629526461878e+00 4.424870537967462880e+00 4.459899234151677661e+00 4.492611382203729242e+00 4.523274302319205020e+00 4.552187088095011269e+00 4.579474385701103323e+00 4.605392372657514777e+00
3.189881142254829438e+00 3.144192676127192776e+00 3.008608723597749002e+00 3.195065707220848594e+00 3.397587019830813571e+00 3.412398846748471826e+00 3.441535200022026064e+00 3.940219269746028541e+00 3.995646123534355887e+00 4.048102626381065328e+00 4.097269170098129187e+00 3.456619426201175127e+00 4.185507166823336789e+00 4.224757076468102390e+00 4.261085808488641824e+00 4.294788758736777012e+00 4.326150550039140619e+00 4.355460918380044788e+00 4.382991254562761618e+00 4.408928079360705965e+00 4.433483887056997474e+00
3.180441666551432345e+00 2.762078782985594394e+00 2.922288508278628960e+00 3.124240635956538004e+00 3.140287092024368398e+00 3.125890010350169224e+00 3.374483282247406013e+00 3.848083173569165627e+00 3.901090252065182007e+00 3.951418351218699776e+00 3.998759005825777368e+00 4.042951217339463277e+00 4.084005925269612369e+00 4.121983223528280504e+00 4.157111084936707890e+00 4.189675540536828002e+00 4.219954941771427492e+00 4.248175682620165539e+00 4.274623902042166357e+00 4.299494462667212247e+00 4.323033534388701860e+00
2.966017909098612293e+00 3.598665725477169008e+00 3.628844521129461320e+00 3.302578075009804603e+00 3.415514801725880734e+00 3.618340205904039042e+00 3.628397343739303338e+00 3.809154436972344904e+00 3.798552406210288002e+00 4.405983876852750392e+00 4.455381072170318646e+00 4.500879717399309143e+00 4.542795195649929063e+00 4.581572505094435144e+00 4.617600639572147614e+00 4.651162790697674687e+00 4.682582857615049221e+00 4.712116969767330410e+00 4.739987634814865736e+00 4.766314413334785449e+00 4.791370058044026159e+00
2.717201978680415131e+00 3.354250814104625000e+00 2.988069067082149921e+00 2.983748976504711159e+00 3.189460911769804063e+00 3.238547159582930934e+00 3.894080996884735413e+00 3.954401658121522445e+00 4.008847110865358054e+00 4.060061382622937032e+00 4.107834127050435491e+00 4.152134196977246283e+00 4.193131513101817198e+00 4.230939962268338128e+00 4.265947418757783716e+00 4.298421370087146975e+00 4.328647400750298857e+00 4.356883194684602501e+00 4.383432018535655672e+00 4.408411800767338740e+00 4.432049857151624472e+00
3.247785286841632146e+00 3.169943423401073268e+00 3.304920199947672277e+00 3.159232169224957865e+00 3.431805129498116447e+00 3.484701477240117029e+00 3.581863130688841323e+00 4.102949255558105968e+00 4.160925498970000191e+00 3.950872938563925629e+00 4.265947418757783716e+00 4.312793937443950121e+00 4.356063225146238338e+00 4.396087482140893954e+00 4.433168283068025239e+00 4.467599593104775835e+00 4.499795778499283472e+00 4.529980232813529462e+00 4.558388816752768413e+00 4.585272378866684484e+00 4.610768553182118090e+00
2.643147292860720032e+00 3.066693616398446842e+00 3.144720015094656151e+00 3.283473184968988878e+00 3.387627554547717246e+00 3.591309032142215862e+00 4.139329842498499445e+00 4.199366652898251395e+00 4.254997906815546571e+00 4.306396707998961126e+00 4.353685083445630433e+00 4.397174815181245755e+00 4.437223526841788335e+00 4.474180536626330529e+00 4.508412287472761903e+00 4.540232652527739887e+00 4.569978650696751465e+00 4.597858907493823644e+00 4.624101923488367127e+00 4.648841549705003295e+00 4.672319256826395595e+00
3.186630315476400632e+00 3.047678448660793293e+00 3.023484741949092225e+00 3.025505716798592815e+00 3.039492681039782429e+00 3.028552915158259307e+00 3.432309944592711215e+00 3.820107657579441263e+00 3.872645293352880547e+00 3.922675126798752743e+00 3.969884594758358975e+00 4.014042344745005764e+00 4.055066427486477387e+00 4.093129093129093121e+00 4.128336211701080671e+00 4.486316733961417391e+00 4.191230022948701617e+00 4.219466713852100703e+00 4.245900270067098248e+00 4.270737184344303827e+00 4.294244349319737530e+00
2.920317062995410939e+00 3.530266846641055167e+00 3.322799352407615814e+00 3.420289441994028845e+00 3.580957730655806692e+00 3.514246756350244194e+00 3.492193919474116282e+00 4.003506519503289063e+00 4.321189860537081984e+00 4.375243069059392198e+00 4.425084698886815104e+00 4.471010654762315184e+00 4.513356062131553159e+00 4.552509053285048957e+00 4.588852512910428949e+00 4.622730032566098046e+00 4.654410053525715796e+00 4.684195661608193895e+00 4.712274088036368269e+00 4.738913346565660767e+00 4.764140521431727393e+00
3.004324830395382673e+00 3.472029331703793797e+00 2.901353965183752326e+00 3.364876186290532534e+00 3.488940060009769084e+00 3.632375643524242026e+00 4.079205730246964201e+00 4.219782613134412941e+00 4.095870679709739726e+00 4.329361316125839743e+00 4.377834476814578046e+00 4.422485575095878474e+00 4.978279697484263799e+00 4.501616489557614287e+00 4.536799631556879042e+00 4.569573461008578974e+00 4.600226578324006610e+00 4.628989912947353069e+00 4.656067266477685429e+00 4.681647940074905812e+00 4.705914919826434506e+00
3.396338885307714772e+00 3.242313602210411538e+00 3.269064908327073748e+00 3.474442004614059609e+00 3.362567079782050605e+00 3.404520920071778090e+00 3.525069464604155378e+00 4.154693072049302494e+00 4.231585665330132251e+00 3.673616502162582176e+00 4.337349397590361200e+00 4.384342417142778281e+00 4.427748144150874587e+00 4.467906682613656422e+00 4.505088702466194306e+00 4.539732981160107705e+00 4.572161677096199028e+00 4.602565071339758340e+00 4.631206156779948735e+00 4.658363818214202645e+00 4.684158718305556413e+00
3.257148401225241852e+00 3.267973856209150263e+00 3.116839939879620935e+00 3.370620826223429400e+00 3.403486837535598220e+00 3.429427285643297907e+00 3.965603606612121634e+00 4.145163630334307570e+00 3.874038408323648319e+00 4.258007801769132961e+00 4.308605584773524733e+00 4.355400696864111687e+00 4.398564968179131007e+00 4.438496100951886625e+00 4.475474400286429955e+00 4.509911397586849446e+00 4.542107400194071332e+00 4.572251972649620022e+00 4.600700405136303850e+00 4.627613240418117613e+00 4.653165541572907848e+00
2.789001322987807008e+00 2.931486961862750373e+00 3.307379590711775563e+00 3.264047557867396421e+00 3.529680460104229311e+00 3.603029316186609154e+00 3.830590398451048539e+00 4.330938713779946880e+00 3.861536339815197838e+00 4.441711083777503788e+00 4.490407798111264448e+00 4.535209719091858105e+00 4.576502732240436799e+00 4.614642881741166214e+00 4.650081376424087587e+00 4.683131086348672589e+00 4.714080754252920613e+00 4.743148213070466745e+00 4.770563548746171278e+00 4.796524575336269969e+00 4.821169064624326595e+00
3.187008092229242973e+00 3.178504831327343183e+00 2.928487757492642896e+00 3.267065202279994196e+00 3.274622373334819425e+00 3.314644380972530335e+00 3.384381081309755235e+00 3.955804119492565274e+00 4.011730854360335385e+00 4.064676582640387004e+00 4.114336720106553713e+00 4.160528182463032465e+00 4.203359931643720238e+00 4.243000759634005803e+00 4.279669499071587779e+00 4.313703662473561629e+00 4.345396983052951967e+00 4.374999999999999112e+00 4.734231236320472824e+00 4.429065743944637035e+00 4.453915677097965542e+00
3.160534542581332040e+00 3.195531812908559033e+00 3.123286530306290665e+00 3.122203026455466990e+00 3.218088455457458252e+00 3.210711480001366080e+00 3.858769052672196942e+00 3.904370803672897683e+00 3.958360821950151376e+00 4.009405113010859445e+00 4.057220803749431504e+00 3.424513928686244491e+00 4.142931123770067003e+00 4.181060481438832355e+00 4.216288698272704139e+00 4.248961745637960696e+00 4.279374107025765817e+00 4.307769270319469435e+00 4.334395145477436984e+00 4.359465148119639366e+00 4.383201380708435124e+00
3.192116859234585657e+00 3.214490363516931737e+00 3.186478248822388615e+00 3.299853568997876074e+00 3.482451924751178929e+00 3.431997422499895034e+00 3.498206311861662865e+00 4.105090311986862694e+00 4.163312886841154636e+00 4.218096324724267987e+00 4.269061013144576755e+00 4.316280599346391966e+00 4.359891763956844635e+00 4.400228261841082400e+00 4.437587044976651462e+00 4.472333457182567251e+00 4.504811958228106761e+00 4.535240883135087664e+00 4.563908340372196726e+00 4.591022153394958671e+00 4.616741545161379356e+00
3.012666894899006742e+00 3.051874773770910210e+00 3.239770596669239389e+00 3.169746833698543043e+00 3.364478120378223469e+00 3.408197758936085453e+00 3.641985913073355619e+00 4.130410838198039336e+00 4.188668621378690560e+00 4.243360184760075704e+00 3.626093929779296676e+00 4.341145097606857739e+00 4.384552672864414191e+00 4.424686987963468709e+00 4.461895413171514946e+00 4.496496191813609045e+00 4.528830120837421980e+00 4.559156760140720799e+00 4.587698018253477450e+00 4.614738234139419859e+00 4.640435508335468029e+00
2.758660742805702615e+00 3.150400100812803306e+00 3.142677561282212206e+00 3.180054696940787018e+00 3.353735222604175004e+00 3.780822294477936829e+00 3.554180343292006938e+00 4.290150359555458870e+00 3.828928925506820402e+00 3.809761301137386980e+00 4.448058491969169026e+00 5.058694718168336379e+00 4.533620920599812365e+00 5.107217519798979311e+00 4.606710671067106411e+00 4.639453090353349296e+00 4.670137219620070113e+00 4.698923393728319908e+00 4.726027397260273766e+00 4.751706137964754717e+00 4.776045019415660953e+00
2.625882686916716668e+00 3.314322014003010519e+00 3.031910861820662273e+00 3.056531947705516838e+00 3.180569611103079009e+00 3.120744439400816361e+00 3.501905448552888878e+00 3.886675643036602956e+00 3.939620137679356038e+00 3.989544641628834487e+00 4.036298853134394626e+00 4.079745423885548838e+00 3.479186279726576458e+00 4.157111084936707890e+00 4.191489215504387467e+00 4.223346934326954738e+00 4.252945687791953588e+00 4.280555919939795118e+00 4.306514457584250444e+00 4.330879168471200025e+00 4.353925789753760434e+00
3.055300947143293477e+00 3.556534958646563993e+00 3.264024889925968953e+00 3.342578763957043453e+00 3.518527461761885800e+00 3.457527729372389391e+00 3.901277154942302872e+00 4.296842513791477636e+00 4.354347089844694985e+00 4.407379606228178481e+00 4.456205780727252375e+00 4.501104501796978852e+00 4.542451271886355890e+00 4.580726763067034746e+00 4.616200797844854264e+00 4.649286539631749093e+00 4.680262370002271410e+00 4.709318991523224973e+00 4.736766230289217283e+00 4.762714747406020521e+00 4.787306797975653616e+00
2.997184041040510838e+00 3.143577670818517245e+00 2.935033377472594296e+00 3.227843660094028344e+00 3.419614630367573405e+00 3.454732638241126086e+00 3.936763151896898183e+00 3.995508497344364418e+00 4.050639863788652484e+00 4.102378684318483515e+00 3.616266375545851286e+00 4.195178982841030191e+00 4.236405305924022535e+00 4.274476548980674195e+00 4.309696132218741482e+00 4.342371900028949128e+00 4.372839202503450373e+00 4.401287376557642794e+00 4.428023855978524104e+00 4.453274869827350102e+00 4.477156327375096723e+00
2.744971555232258886e+00 2.958132111555977772e+00 2.999952273486557797e+00 3.024699420495088109e+00 3.224969678274220097e+00 3.239346341261690743e+00 3.975643949697641677e+00 4.034979094634173258e+00 4.091113961793156228e+00 4.143760877372302254e+00 4.144791378833931894e+00 4.238082996949970038e+00 4.279978532171170968e+00 4.318647646337032242e+00 4.354482054771219524e+00 4.387708930358832582e+00 4.418699383453351004e+00 4.447698487098253217e+00 4.475012220225678128e+00 4.500787637836620725e+00 4.525197120329105260e+00
3.482282148428794244e+00 3.569528822195469964e+00 3.642586648889010625e+00 3.518527461761885800e+00 3.638660423732304583e+00 3.554180343292006938e+00 4.257249537634783643e+00 3.791978930386161739e+00 4.377265576909924683e+00 4.429965650727877069e+00 4.478401889071341735e+00 5.077276142894859845e+00 4.564001607618476619e+00 4.601964420633285258e+00 4.637175142013489015e+00 4.670008927958243738e+00 4.700720777185835253e+00 4.729590787579683209e+00 4.756759695295563084e+00 4.782498787294950482e+00 4.806932970753245549e+00
2.729964510461363680e+00 2.703864446262426835e+00 3.124783001180473807e+00 3.335696118083642414e+00 3.342998464949684223e+00 3.479446907119644550e+00 3.999227735333866107e+00 4.056906711773967444e+00 4.110896663206081492e+00 4.161060793098187105e+00 3.605177589661459958e+00 4.250126818300222986e+00 4.289440366401228388e+00 4.325704986919891581e+00 4.359288398065306325e+00 4.390417912905084208e+00 4.419431688706279893e+00 4.446572718566150328e+00 4.472087295144000940e+00 4.496185159822089439e+00 4.518907519872922052e+00
2.783886862837894327e+00 3.138453561121383295e+00 3.052545406612923173e+00 2.938764352104975330e+00 3.256913861708605307e+00 3.343888191297701873e+00 3.914441493079826362e+00 3.973310315535643511e+00 4.027777777777776791e+00 4.078895518054297398e+00 4.126490694763482736e+00 4.170547592898946831e+00 4.211282093766612000e+00 4.248874390937561252e+00 4.687133817670494196e+00 4.315925766076823322e+00 4.345996509405978259e+00 4.374058362435863323e+00 4.400440044004399809e+00 4.425321005977586708e+00 4.448855275315697355e+00
3.379939712912059413e+00 3.506016324012004581e+00 3.342132007393614046e+00 3.468151960546303147e+00 3.624198494563702244e+00 3.565282377220588383e+00 3.608229538909898171e+00 3.750338572232215117e+00 3.719264412149597021e+00 4.386716474176634684e+00 4.437141648814104222e+00 4.483562569840109369e+00 4.526376429923463007e+00 4.566023334423727320e+00 4.602818023810995918e+00 4.637080276042660820e+00 4.669207264737185170e+00 4.699376140790585410e+00 4.727873210774069967e+00 4.754849602039761258e+00 4.780506460513015199e+00
2.778105748595320446e+00 3.006993006993006645e+00 3.341082789247281859e+00 3.367263186693697730e+00 3.295378056989005877e+00 3.463754285512317121e+00 4.097791359911098219e+00 4.159620315312857919e+00 4.217142002054155903e+00 3.689548830830704951e+00 3.664345914254305558e+00 4.366025392249265558e+00 4.408199250606126718e+00 4.447193056819839896e+00 4.483299708585518850e+00 4.516897302180429286e+00 4.548273723382261657e+00 4.577722207418642775e+00 4.605444047291723741e+00 4.631710872260138778e+00 4.656577415599533865e+00
2.667715031872174070e+00 3.322420106179009736e+00 2.983500548131495567e+00 3.153800329396923452e+00 2.999065407524166726e+00 3.282168745373538865e+00 3.292813434678813600e+00 3.886884832284328350e+00 3.939974148239798524e+00 3.990038662098760014e+00 4.036945007064653979e+00 4.080522306855277392e+00 4.120879120879121338e+00 4.158205872772761325e+00 4.192699204761805909e+00 4.224641927526948670e+00 4.254369446652996878e+00 4.282122827858661829e+00 4.308134167606934462e+00 4.332636443661971981e+00 4.355786049233993928e+00
3.315977366690654460e+00 3.278240677503073019e+00 3.141339327474153453e+00 3.249849871065737972e+00 3.410920402761480563e+00 3.408221464839674031e+00 3.616787458093952967e+00 4.089979550102249561e+00 4.148344810420642403e+00 4.203678563306708860e+00 4.255406768842186160e+00 4.303373984021988008e+00 4.347796081462514728e+00 4.388882412239495601e+00 4.426982458082009408e+00 4.462354887651634350e+00 4.495422842197035251e+00 4.526438515876826330e+00 4.555622794432620637e+00 4.583264926394133632e+00 4.609513221846381903e+00
3.309249351938668315e+00 3.058805536438020667e+00 3.106704959681873657e+00 3.258684046314913374e+00 3.481481997256591576e+00 3.410308876546818357e+00 4.018471346256010435e+00 4.078472577456414783e+00 4.135193251364612799e+00 4.188237232742402227e+00 4.237494182128889619e+00 4.283010265408473849e+00 4.325021968365553526e+00 4.363817717099931492e+00 4.399774511556282519e+00 4.433176786778050271e+00 4.464316854888775943e+00 4.493512059895059529e+00 4.520950495592072294e+00 4.546873515479727956e+00 4.571491899454883878e+00
3.363721236751057386e+00 3.046099953616205003e+00 3.423578872410061980e+00 3.260017617967551740e+00 3.322121174369835117e+00 3.402588745069718534e+00 4.074675214429782422e+00 4.134993763051073579e+00 4.191575620147048653e+00 4.244220672092879454e+00 4.292885580751254260e+00 4.337737628841135340e+00 4.379074972543894440e+00 4.417265988432284907e+00 4.452634246922544392e+00 4.485511796896025416e+00 4.516209718883314572e+00 4.544985022208449799e+00 4.572099275970547438e+00 4.597669599110659533e+00 4.621932795717468956e+00
2.761824503756789895e+00 3.331320660434320402e+00 2.941094087000363899e+00 3.063704157585800836e+00 3.269860926553357139e+00 3.213008493518104469e+00 3.939293415160059819e+00 3.997325926793799944e+00 4.051836031123594140e+00 4.102892191292133894e+00 4.150337470063139023e+00 4.194169416941694095e+00 4.234670146963879667e+00 4.272031971336042844e+00 4.306602299169936643e+00 4.338693571158017903e+00 4.368541043808275681e+00 4.396510269973209262e+00 4.422760631901925699e+00 4.447502102139665681e+00 4.470918395421778158e+00
2.916383129417972953e+00 3.341199072817257587e+00 3.248885355822071386e+00 3.425877709869268095e+00 3.479020144208795795e+00 3.551260000974855391e+00 3.487261035437546841e+00 4.254472342498747395e+00 3.724574605298552221e+00 4.367736079547392514e+00 4.418211314763038189e+00 4.464715013806272559e+00 4.507611717058578549e+00 4.547302278474036008e+00 4.584142970524644589e+00 4.618460053767146967e+00 4.650590214611059814e+00 4.680810055481365417e+00 4.709304338792894562e+00 4.736311031486171608e+00 4.761937625518464223e+00
3.164905328049317124e+00 3.135399371494944187e+00 3.133479087587862200e+00 3.159774694326143329e+00 3.008949876493104192e+00 3.266384043366460155e+00 3.425079804359441482e+00 3.862175508289884096e+00 3.915534367400772098e+00 3.966127876312475653e+00 4.013701948029479105e+00 4.058078671701435880e+00 4.099271858151297465e+00 4.137417424043911218e+00 4.172693891176143310e+00 4.205359420349802591e+00 4.235758131266838866e+00 4.264069710662237611e+00 4.290627746520785379e+00 4.315659679408137883e+00 4.339291249095981406e+00
2.706494875465623728e+00 3.366908897056759997e+00 2.994741790577009954e+00 3.332153195743174479e+00 3.028300847924237260e+00 3.611662892941976732e+00 3.735261574025132258e+00 4.237780496640533023e+00 4.295324331626749981e+00 4.348594181037410245e+00 4.397718683432969122e+00 4.442932613208005144e+00 4.484645264559572908e+00 5.030420447979333964e+00 4.558861113605436444e+00 4.592154954386877819e+00 4.623240408501241738e+00 4.652467518250672285e+00 4.680004680004679507e+00 4.706042831810121285e+00 4.730758155415690780e+00
3.216828207387515626e+00 3.186456175836964277e+00 3.188639938778113248e+00 3.291731450743090814e+00 3.186427236163825061e+00 3.469018198469469016e+00 3.929354345038673202e+00 3.989215362605920134e+00 4.045085563843790588e+00 3.987816532937301872e+00 3.769369418763235391e+00 3.478430253994976962e+00 4.234552560515920661e+00 4.273533729898883138e+00 4.309578208583585202e+00 4.343060409902177454e+00 4.374243905106245833e+00 4.403407136271689559e+00 4.430813538904619264e+00 4.456664084086966682e+00 4.481182480644738675e+00
2.889526189943004031e+00 3.072797362981171343e+00 3.092971924250305982e+00 3.198887343532684113e+00 3.387701232982094801e+00 3.300284649551023630e+00 4.089143324473522689e+00 4.148058017504804518e+00 4.202925511757855226e+00 3.912472403096441731e+00 4.300418944039064328e+00 4.343400067865625935e+00 4.382961238186549480e+00 4.419453755515818649e+00 4.453244359794739538e+00 4.484645264559572908e+00 4.513962506753845361e+00 4.541419812976074333e+00 4.567237230481877575e+00 4.591588484021956518e+00 4.614611098484065366e+00
3.313864380100244311e+00 3.106297500465943884e+00 3.107366577447580713e+00 3.310710147326601405e+00 3.452537960654877391e+00 3.501327002934111920e+00 3.552689112374288527e+00 4.137445954612218202e+00 4.193592740272239716e+00 3.630498984158457176e+00 3.607328426441716918e+00 4.338275294555120176e+00 4.379152497143286915e+00 4.416900164253473982e+00 4.451833251020791415e+00 4.484335869857672741e+00 4.514672686230247756e+00 4.543107898812596801e+00 4.569845940799722506e+00 4.595115460848930411e+00 4.619065018510730702e+00
3.106576764217884090e+00 3.371080259229191967e+00 3.254396897936573385e+00 3.136019624513916693e+00 3.521672371775908861e+00 3.553610747233757472e+00 4.128393023015791030e+00 4.188510914561358156e+00 4.244482173174872308e+00 4.296247020344808654e+00 4.343928842308487859e+00 4.387799175916466510e+00 4.428177044053442479e+00 4.465481825488970102e+00 4.500013846196449840e+00 4.532157719088623971e+00 4.562138398689421059e+00 4.590330161209654314e+00 4.616805170821790760e+00 4.641785771194601118e+00 4.665491145858347011e+00
2.854517099253648382e+00 3.330858320553477636e+00 3.211326207912428732e+00 3.406278675305174808e+00 3.506721215663354485e+00 3.516586566639315237e+00 4.161378248475894992e+00 4.221880234791016484e+00 3.730698815157690973e+00 4.330153231551451043e+00 4.378009881793732738e+00 4.422039444591844948e+00 4.984665231267697116e+00 4.499928410229836473e+00 4.534617683634839302e+00 4.566894784197180535e+00 4.597028647846708616e+00 4.625314970142555993e+00 4.651937844555844137e+00 4.677075452231928665e+00 4.700937422227138285e+00
2.334164879571680284e+00 2.997016922690903140e+00 3.041593795148657353e+00 3.166627963436002613e+00 3.543906218513088291e+00 3.627404010676887225e+00 3.687161720304434454e+00 4.268326265352205162e+00 4.325108650914899044e+00 4.377475154408595692e+00 4.425604890293403315e+00 5.036358367943924108e+00 4.510661563696007903e+00 4.548336411500399912e+00 4.583264926394133632e+00 4.615819170117048564e+00 4.646236889754363553e+00 4.674792556080324069e+00 4.701745778649985219e+00 4.727160620696742477e+00 4.751280780036357676e+00
2.424847555539706878e+00 2.642356982428325729e+00 3.391794683361834206e+00 2.926870060906772153e+00 3.220305489888972250e+00 3.069817415632346780e+00 4.074163588026102012e+00 4.133569406074968811e+00 4.189042563419357990e+00 4.240469371298278389e+00 4.287901990811637809e+00 4.331593820259482364e+00 4.868415639270970985e+00 4.408928079360705965e+00 4.443320322379979537e+00 4.475258704378179964e+00 4.505066467057567081e+00 4.532998166196196443e+00 4.559270516717323751e+00 4.584097349558259538e+00 4.607566036049045799e+00
