2.792876017788471721e+00 2.846727998611351840e+00 2.889501243895047367e+00 2.922350995737643675e+00 2.946313950796557446e+00 2.962432225751113979e+00 2.971684095829736361e+00 2.974967771182478238e+00 2.973156642881413347e+00 2.967051923408658975e+00 2.957288307445325337e+00 2.944496245767286524e+00 2.929094979391724252e+00 2.911551232903301756e+00 2.892212189616252704e+00 2.871329425524017598e+00 2.849121636646653410e+00 2.825816661015032594e+00 2.801552059841152076e+00 2.776447396733509265e+00 2.750604780410051298e+00
2.763194252555954300e+00 2.812464844189447533e+00 2.851216400196733503e+00 2.880609283992945802e+00 2.901694727897031534e+00 2.915555555555555234e+00 2.923142238709363294e+00 2.925341115669380265e+00 2.922979490427242144e+00 2.916788199508312474e+00 2.907327173581613966e+00 2.895174020638454415e+00 2.880750962592394160e+00 2.864428686205330532e+00 2.846530357204845707e+00 2.827294703063373937e+00 2.806919055471737590e+00 2.785573514767020864e+00 2.763370461695433988e+00 2.740457586148743019e+00 2.716918039639137472e+00
2.731972484133544654e+00 2.775753790638769924e+00 2.809442536364721299e+00 2.834310363897798890e+00 2.851602600661571341e+00 2.862348941279958758e+00 2.867553976458081078e+00 2.868095584531870745e+00 2.864768931930295359e+00 2.858178573420333546e+00 2.848963255322697563e+00 2.837503280863168609e+00 2.824220515137821685e+00 2.809403072082259367e+00 2.793315595779300331e+00 2.776139084568136628e+00 2.757996421676437659e+00 2.739069401170951767e+00 2.719456666503963671e+00 2.699189532827116267e+00 2.678395218359693963e+00
2.718679418899701439e+00 2.761687603563284910e+00 2.794916047709216755e+00 2.819522372910028718e+00 2.836565403587909096e+00 2.847035879769673983e+00 2.851887236378673585e+00 2.851948237139495745e+00 2.847927776551586465e+00 2.840525781322122523e+00 2.830295482848409261e+00 2.817695125387432942e+00 2.803142322543570764e+00 2.786951493109262046e+00 2.769433970303146531e+00 2.750740584003385170e+00 2.731130688104875137e+00 2.710686359687228819e+00 2.689580000849340458e+00 2.667846135484459591e+00 2.645613155659523485e+00
2.725675142559982778e+00 2.769277633929189797e+00 2.802828053505987072e+00 2.827547206245430989e+00 2.844484899340790740e+00 2.854695974878675102e+00 2.859115347870656354e+00 2.858636918249956249e+00 2.854000473346419486e+00 2.845996862461995569e+00 2.835089907788700181e+00 2.821809767694511084e+00 2.806546783765838438e+00 2.789653176368847909e+00 2.771382280208066540e+00 2.751963420055462350e+00 2.731570653125546588e+00 2.710328436209987313e+00 2.688362221436151334e+00 2.665768723517692784e+00 2.642577486630643957e+00
2.719854941069809406e+00 2.763767014440682512e+00 2.797809315306114986e+00 2.823030419874133834e+00 2.840404757677968739e+00 2.850870941072497722e+00 2.855312273664270872e+00 2.854616471833290259e+00 2.849478059018944798e+00 2.840613849724598960e+00 2.828620116318377953e+00 2.814008132483502678e+00 2.797202797202797075e+00 2.778588199335917164e+00 2.758464596167855998e+00 2.737053386577209313e+00 2.714629766263416677e+00 2.691275310381948227e+00 2.667134585014914183e+00 2.642356982428325729e+00 2.616949344348096673e+00
2.698849874745684829e+00 2.740014753925597457e+00 2.771753064519481669e+00 2.795111350248415061e+00 2.811022017329950273e+00 2.820397111913357513e+00 2.824080451852871931e+00 2.822874925985596306e+00 2.817516500081003628e+00 2.808594298553574120e+00 2.796733415370846743e+00 2.782395285623577408e+00 2.765983929633368810e+00 2.747872160532100150e+00 2.728341168569509367e+00 2.707618822810647252e+00 2.685910983255465290e+00 2.663377162241722385e+00 2.640135619598143357e+00 2.616320181021071889e+00 2.591980272928517071e+00
2.716388178835853484e+00 2.758835347047338793e+00 2.791536633549975388e+00 2.815672030521884306e+00 2.832332806012835213e+00 2.842524161455372234e+00 2.847198001267003065e+00 2.847137203541838524e+00 2.843150495063579530e+00 2.835873803615739153e+00 2.825832242056653953e+00 2.813513304401038084e+00 2.799316966660134742e+00 2.783538155349264187e+00 2.766447951764496871e+00 2.748259435690728836e+00 2.729162147220803192e+00 2.709274053490795087e+00 2.688723634588306322e+00 2.667602667602667399e+00 2.645944741532976874e+00
2.729868966289617838e+00 2.773771219349828066e+00 2.807549500607132487e+00 2.832391505588792047e+00 2.849449343914288502e+00 2.859753503198041003e+00 2.864308618774495052e+00 2.864008494230070312e+00 2.859613882379198557e+00 2.851805906090031151e+00 2.841184704724681875e+00 2.828234262643974706e+00 2.813335208890138883e+00 2.796811634736400265e+00 2.778954973982034282e+00 2.759948197895362387e+00 2.739951228868125810e+00 2.719134339180633742e+00 2.697579986796055707e+00 2.675374209392621161e+00 2.652593957670184466e+00
2.696442769730701183e+00 2.736976553234193865e+00 2.768051153585317614e+00 2.790684694489792950e+00 2.805914868542888296e+00 2.814621961087850899e+00 2.817675277012700708e+00 2.815909890883491862e+00 2.810054374552147127e+00 2.800708579270555276e+00 2.788502788502788210e+00 2.773886631253380308e+00 2.757274963943327162e+00 2.739014095387921621e+00 2.719361856417693790e+00 2.698576146007172216e+00 2.676824873880366606e+00 2.654298566678773508e+00 2.631054981938163007e+00 2.607222004953721584e+00 2.582860972272638111e+00
2.674982577416107343e+00 2.713175598116081666e+00 2.742365325251558961e+00 2.763537881195506252e+00 2.777540381164002703e+00 2.785276599391524055e+00 2.787495296101687892e+00 2.785037919362440384e+00 2.778510006198214199e+00 2.768568933817004307e+00 2.755750907675454719e+00 2.740534615060291390e+00 2.723311546840958108e+00 2.704445692650148558e+00 2.684203462622466674e+00 2.662835920255071542e+00 2.640502529323474956e+00 2.617412157525766947e+00 2.593670043111001799e+00 2.569354735106663679e+00 2.544565232757036277e+00
2.802180096114777363e+00 2.856693948093870450e+00 2.899931644468380476e+00 2.933083788426889438e+00 2.957236977841354086e+00 2.973514481723505298e+00 2.982890989538574900e+00 2.986442938104233669e+00 2.984950297106680583e+00 2.979221661020002188e+00 2.969961943045799746e+00 2.957767308220480285e+00 2.943051944866826641e+00 2.926278679272888983e+00 2.907721384906156725e+00 2.887689988871828817e+00 2.866371174093597762e+00 2.843924060291189271e+00 2.820556213685338598e+00 2.796303287054513920e+00 2.771330585097169674e+00
2.709443452525687857e+00 2.752565532233248291e+00 2.786152109617225037e+00 2.811180063110992222e+00 2.828483518909447270e+00 2.839020607134943308e+00 2.843554727765179369e+00 2.842928216062544422e+00 2.837805241426281100e+00 2.828893350720677713e+00 2.816785292258649598e+00 2.801944549517365157e+00 2.784839050584102083e+00 2.765859366689124688e+00 2.745299554416764209e+00 2.723425650479741389e+00 2.700455524208162039e+00 2.676565262409049240e+00 2.651909025563007116e+00 2.626572394014254019e+00 2.600670551271868636e+00
2.723370098829667629e+00 2.765276423944527995e+00 2.797241919467405413e+00 2.820675551794654456e+00 2.836781291081436507e+00 2.846691432882132666e+00 2.851400315740424851e+00 2.851777144049523205e+00 2.848587170241295929e+00 2.842423165748800606e+00 2.833864682961388493e+00 2.823303547480907394e+00 2.811081282415280658e+00 2.797476676038213483e+00 2.782724844167408396e+00 2.766958261498840166e+00 2.750313817858704546e+00 2.732948851811104252e+00 2.714894327959234577e+00 2.696240164044927390e+00 2.677093240339567970e+00
2.783015257881151339e+00 2.835741408049355261e+00 2.877677643954069886e+00 2.909897114352028247e+00 2.933350095333878471e+00 2.949127549766527245e+00 2.958111761589950373e+00 2.961208172934556959e+00 2.959292522624823452e+00 2.953073600208774963e+00 2.943237561317448847e+00 2.930300704667549994e+00 2.914850809404303966e+00 2.897198903304219808e+00 2.877758436745465609e+00 2.856784514834375788e+00 2.834527377991312047e+00 2.811140549999648464e+00 2.786815575512251897e+00 2.761668047500690282e+00 2.735824570510616560e+00
2.647271916624867050e+00 2.679622878338070002e+00 2.703414620620814723e+00 2.719803029001688799e+00 2.729907183155772632e+00 2.734673557109099207e+00 2.734942040266761687e+00 2.731494127287626306e+00 2.724966985976900347e+00 2.715954086081449947e+00 2.704895861509331478e+00 2.692161667759637833e+00 2.678074323610043717e+00 2.662873240226204086e+00 2.646774069972348098e+00 2.629951594674703408e+00 2.612514651264598253e+00 2.594561238657560054e+00 2.576171113462931039e+00 2.557399408956580800e+00 2.538332247110074658e+00
2.780558336113891471e+00 2.830885652933419205e+00 2.870284158131654717e+00 2.900091836241481147e+00 2.921556215610848550e+00 2.935810598276259231e+00 2.943918355330945147e+00 2.946851429573759340e+00 2.945425473722596887e+00 2.940414598458382489e+00 2.932407995699135128e+00 2.921881413355781110e+00 2.909272266323095213e+00 2.894928226962372619e+00 2.879071955732512844e+00 2.861949336516379283e+00 2.843726808020696328e+00 2.824519655126150219e+00 2.804492660437500895e+00 2.783673753436097353e+00 2.762196158422573600e+00
2.781950703833528049e+00 2.833918549033703105e+00 2.874993864342362038e+00 2.906333038086802212e+00 2.928992844888907321e+00 2.944083443736462247e+00 2.952566673075338599e+00 2.955367084083629692e+00 2.953337271116361240e+00 2.947182283224217159e+00 2.937638138936295107e+00 2.925198495612201910e+00 2.910340717745455663e+00 2.893477677878304455e+00 2.874913226704437719e+00 2.854894751867866898e+00 2.833663927458203169e+00 2.811377645330653596e+00 2.788175348347657678e+00 2.764193068254305885e+00 2.739514333279479352e+00
2.752079937337256421e+00 2.798611888503302669e+00 2.834682688385406379e+00 2.861529871580122730e+00 2.880386674347697351e+00 2.892362784932167141e+00 2.898450709085262034e+00 2.899596178190792628e+00 2.896591677126580944e+00 2.890112291436103931e+00 2.880811686258528237e+00 2.869139258222532796e+00 2.855471361711610978e+00 2.840180940307709179e+00 2.823502837620351702e+00 2.805619656171311149e+00 2.786737914266007810e+00 2.766958261498840166e+00 2.746401509816625008e+00 2.725138353177930739e+00 2.703298735852143420e+00
2.738379441089734634e+00 2.782473201304979771e+00 2.816385732189880198e+00 2.841480064591692667e+00 2.858955853537783032e+00 2.869962690485023060e+00 2.875477785180769352e+00 2.876446115745384891e+00 2.873643780313437368e+00 2.867694373723526091e+00 2.859175162833512029e+00 2.848527797462725886e+00 2.836094980820907718e+00 2.822188042389264240e+00 2.807027152852898055e+00 2.790782046899092705e+00 2.773636584266546468e+00 2.755638460234016929e+00 2.736957345572445188e+00 2.717618529977422703e+00 2.697733194187094785e+00
2.818886539816772618e+00 2.876163618634733687e+00 2.921892816419612071e+00 2.957277653984759613e+00 2.983314746808918283e+00 3.001158586803277739e+00 3.011795029837783133e+00 3.016219032342093875e+00 3.015288885233993188e+00 3.009897663479441654e+00 3.000676896881389499e+00 2.988290072622397986e+00 2.973206568712186026e+00 2.955893841184046078e+00 2.936672749774504876e+00 2.915836463229219078e+00 2.893620625163207283e+00 2.870223877462442008e+00 2.845779570079057130e+00 2.820456772974383242e+00 2.794310783245312457e+00
2.684639622454890517e+00 2.721790078358903742e+00 2.749673916875241986e+00 2.769546071398897968e+00 2.782534246575342429e+00 2.789672631916644274e+00 2.791892344631190515e+00 2.790022878187600863e+00 2.784720240042884321e+00 2.776640126614789317e+00 2.766271349940418567e+00 2.754003897974747428e+00 2.740214010714236537e+00 2.725138353177930739e+00 2.708991768832702540e+00 2.691980731085293232e+00 2.674181803221360454e+00 2.655764056330153000e+00 2.636754938570736062e+00 2.617264039499465955e+00 2.597329664312689967e+00
2.682573859023684282e+00 2.720765721142442306e+00 2.749751464771453158e+00 2.770639532870174726e+00 2.784441398217957442e+00 2.792106714318621119e+00 2.794506001201637169e+00 2.792438077685627462e+00 2.786582604758089499e+00 2.777579944448401061e+00 2.765957446808510856e+00 2.752157621006725119e+00 2.736592451214976407e+00 2.719551483201539721e+00 2.701280975873295631e+00 2.681986928842651885e+00 2.661865968043598762e+00 2.641053085167011538e+00 2.619598847376507056e+00 2.597657895475862677e+00 2.575238731590522967e+00
2.730480564579366387e+00 2.774021290613405633e+00 2.807431270573207627e+00 2.832000221034163712e+00 2.848921683142930483e+00 2.859234980299173223e+00 2.864008494230070312e+00 2.864068514107283470e+00 2.860192400259509604e+00 2.853087397199694841e+00 2.843312667304677799e+00 2.831317199544157504e+00 2.817476808644018504e+00 2.802101576182136622e+00 2.785418335016189850e+00 2.767665155095697216e+00 2.748937429954958933e+00 2.729429549224211993e+00 2.709217591852896234e+00 2.688343202382720953e+00 2.666909963715987875e+00
2.732508442750444022e+00 2.775734528749670194e+00 2.808850688519524574e+00 2.833252712321193911e+00 2.850139656843185154e+00 2.860651391253383746e+00 2.865810185508785857e+00 2.866491414508641533e+00 2.863488427316282614e+00 2.857428600002857255e+00 2.848844480884948904e+00 2.838187817078794861e+00 2.825796698056558309e+00 2.811950790861160066e+00 2.796909415096318074e+00 2.780809632724567493e+00 2.763801289773934577e+00 2.746034093069432025e+00 2.727539759137258102e+00 2.708427375950553717e+00 2.688780708705988953e+00
2.806446407397792608e+00 2.862029248542808268e+00 2.906292815920948680e+00 2.940435184407292457e+00 2.965435436263827107e+00 2.982467352634157187e+00 2.992449284943804688e+00 2.996369515075919310e+00 2.995138124625607468e+00 2.989474269664483153e+00 2.980139498910829410e+00 2.967686722707634228e+00 2.952610599872053321e+00 2.935359197109369767e+00 2.916241381465203286e+00 2.895562021526031593e+00 2.873543558131101960e+00 2.850369505217566157e+00 2.826215979425147129e+00 2.801198913134821833e+00 2.775387860453498057e+00
2.673157280132813618e+00 2.709537572254335114e+00 2.736957345572445188e+00 2.756534400135706164e+00 2.769354325039117271e+00 2.776351041825728672e+00 2.778450621945485199e+00 2.776393535986331429e+00 2.770909710972802031e+00 2.762526330329085678e+00 2.751826524855873313e+00 2.739167995280202383e+00 2.724912874496249415e+00 2.709350825282520692e+00 2.692724683073390413e+00 2.675208560667394320e+00 2.656952475510589107e+00 2.638064493734596727e+00 2.618671837953755244e+00 2.598825611777596301e+00 2.578594874868456177e+00
2.799865606450890443e+00 2.853596244667341963e+00 2.896072374227713908e+00 2.928604798728148939e+00 2.952320031491413310e+00 2.968342284380997231e+00 2.977751939083702393e+00 2.981514609421585860e+00 2.980499020693178736e+00 2.975469674428259825e+00 2.967072396566476034e+00 2.955873038215215409e+00 2.942350938399780791e+00 2.926829268292682862e+00 2.909655205858105553e+00 2.891029347473522026e+00 2.871208778895915081e+00 2.850290242969863108e+00 2.828454249752510030e+00 2.805816457516431495e+00 2.782453846046828883e+00
2.724338823923885933e+00 2.769737844313035602e+00 2.805422882431740206e+00 2.832293674313859366e+00 2.851236723929003958e+00 2.863028525540309399e+00 2.868617326448651639e+00 2.868737755387629207e+00 2.864148544523538398e+00 2.855511136493432023e+00 2.843433445885907407e+00 2.828444493501475865e+00 2.811022017329950273e+00 2.791561110762165843e+00 2.770397942801937408e+00 2.747814078672030647e+00 2.724034364741216407e+00 2.699247052138087355e+00 2.673613491465002934e+00 2.647271916624867050e+00 2.620266700659315884e+00
2.730308524863309216e+00 2.775984954161548224e+00 2.811693834658343771e+00 2.838450621343763913e+00 2.857202589601176346e+00 2.868858194438613562e+00 2.874328739081055684e+00 2.874449648055189321e+00 2.869942601147976724e+00 2.861549843312697128e+00 2.849835065795566891e+00 2.835349197457866843e+00 2.818548870114221838e+00 2.799826410762532358e+00 2.779476346656289731e+00 2.757762394020605079e+00 2.734942040266761687e+00 2.711157455683002926e+00 2.686537618596496202e+00 2.661213513362092886e+00 2.635271326111265466e+00
2.824479766133075387e+00 2.883506343713956088e+00 2.931077799179298005e+00 2.968157878388359538e+00 2.995722387103066264e+00 3.014751247966795500e+00 3.026197239282791607e+00 3.030991892096688289e+00 3.030068141299828710e+00 3.024200476998893272e+00 3.014159540165427753e+00 3.000551264069445168e+00 2.983997446253348063e+00 2.964929124075224465e+00 2.943753285438934331e+00 2.920784161004749357e+00 2.896277929655767025e+00 2.870505208916769302e+00 2.843628192146037126e+00 2.815771134122218022e+00 2.787048585224461750e+00
2.738321759828117763e+00 2.784855953325813704e+00 2.821351991874506027e+00 2.848884071263793061e+00 2.868456770257601374e+00 2.881014116969172978e+00 2.887466283549189328e+00 2.888642819315391019e+00 2.885332657743247431e+00 2.878182673340306419e+00 2.867794665901921114e+00 2.854715851331968146e+00 2.839376472926545159e+00 2.822128308063525992e+00 2.803299483492070365e+00 2.783150805026369579e+00 2.761883179423262114e+00 2.739706781125527790e+00 2.716709855387444250e+00 2.693049098537248831e+00 2.668764221704075901e+00
2.707543633107010184e+00 2.749518834204013995e+00 2.781892660671687612e+00 2.805777095038684443e+00 2.822148219224473120e+00 2.831961098524617526e+00 2.836094490367654597e+00 2.835388413634759797e+00 2.830533866302149093e+00 2.822194841578501645e+00 2.810962754743499659e+00 2.797300604916256095e+00 2.781621328616464162e+00 2.764271437279389954e+00 2.745531471534470302e+00 2.725595437772559304e+00 2.704727030625832196e+00 2.683028433040789196e+00 2.660635891978182510e+00 2.637643335091762520e+00 2.614138959148779584e+00
2.781679856465319123e+00 2.832019782694287002e+00 2.871389752640277848e+00 2.901153553913103256e+00 2.922552362396492853e+00 2.936734351401241838e+00 2.944785276073619507e+00 2.947699390808792064e+00 2.946293282451315942e+00 2.941279456563605343e+00 2.933288635601742911e+00 2.922837100545595757e+00 2.910300384575407850e+00 2.896032435563278273e+00 2.880305733915950572e+00 2.863268455860272788e+00 2.845167379115083328e+00 2.826076205144871345e+00 2.806124194950345263e+00 2.785418335016189850e+00 2.764036343534280959e+00
2.750488388002227946e+00 2.796909415096318074e+00 2.832919911281239767e+00 2.859833292644648139e+00 2.878829369676798589e+00 2.890989062424713651e+00 2.897331006270652320e+00 2.898796645880173273e+00 2.896114262303187914e+00 2.890030803499052059e+00 2.881095097219391388e+00 2.869822071031595812e+00 2.856565572114346363e+00 2.841677005288291369e+00 2.825417455429039215e+00 2.807983095941761764e+00 2.789516995132292454e+00 2.770220836322566882e+00 2.750119877020279713e+00 2.729353143305035978e+00 2.707994833979085580e+00
2.684544793042789923e+00 2.723721463641902485e+00 2.753751103265666522e+00 2.775618963028755548e+00 2.790275888528477743e+00 2.798631469211555256e+00 2.801512816921137183e+00 2.799669638982600350e+00 2.793861885437693093e+00 2.784642695534129242e+00 2.772603830458830299e+00 2.758202203803560515e+00 2.741825493352830545e+00 2.723844112306187615e+00 2.704501955562952364e+00 2.684051788072920885e+00 2.662686650830687896e+00 2.640539225905079501e+00 2.617745484389039312e+00 2.594397503768887780e+00 2.570583950987532784e+00
2.731436735722990061e+00 2.775792315218975403e+00 2.809975412715138621e+00 2.835172738085359079e+00 2.852436337186499138e+00 2.862868594331519745e+00 2.867413592939168865e+00 2.866992524841441181e+00 2.862269011400208285e+00 2.854119678110990765e+00 2.843036640501483525e+00 2.829534683021377006e+00 2.814027929227197689e+00 2.796831190261433786e+00 2.778279411560420353e+00 2.758503617883591552e+00 2.737764299553533398e+00 2.716142242279887764e+00 2.693774545248323271e+00 2.670714908211745175e+00 2.647087507140169826e+00
2.731092436974789539e+00 2.775445632489366599e+00 2.809758290543055814e+00 2.835192343597651377e+00 2.852822868228111375e+00 2.863768439874831984e+00 2.868938492757679981e+00 2.869199493341357599e+00 2.865329512893982855e+00 2.857999261102630140e+00 2.847826396502869617e+00 2.835270768358377769e+00 2.820695442461338853e+00 2.804518078624663957e+00 2.786912658157293166e+00 2.768175914030392981e+00 2.748433745128577410e+00 2.727845002448065603e+00 2.706566546837481102e+00 2.684620656036510677e+00 2.662089740446250019e+00
2.753265090010589056e+00 2.801081217349896679e+00 2.838489923360771883e+00 2.866651750755117689e+00 2.886653101743960725e+00 2.899511225250600344e+00 2.906193736798083016e+00 2.907615825940188525e+00 2.904546678190396136e+00 2.897710808461315235e+00 2.887730666291027148e+00 2.875114829281291584e+00 2.860312122839941296e+00 2.843647914773790752e+00 2.825437413029504352e+00 2.805951354384812024e+00 2.785360147067015735e+00 2.763840462624372663e+00 2.741459299873470812e+00 2.718414119024716413e+00 2.694729676065127144e+00
2.713590915732564834e+00 2.756203224051053002e+00 2.789120997790158096e+00 2.813473725672244630e+00 2.830279852549323127e+00 2.840495770432517553e+00 2.845051388740709175e+00 2.844727652886331448e+00 2.840303912518638896e+00 2.832411072654797746e+00 2.821612172847832056e+00 2.808416825225199975e+00 2.793218066534454369e+00 2.776331771646711744e+00 2.758093944922985319e+00 2.738675576491208297e+00 2.718300434928069720e+00 2.697101325838230590e+00 2.675208560667394320e+00 2.652705061082023974e+00 2.629689909808743398e+00
2.786231728749624992e+00 2.838372020574735366e+00 2.879456133943871343e+00 2.910670803132165751e+00 2.933145239575112750e+00 2.947947666909989106e+00 2.956139144782071071e+00 2.958663247766913695e+00 2.956393200295639456e+00 2.950080424811580837e+00 2.940371991247265004e+00 2.927869835272465693e+00 2.912984977320331126e+00 2.896134719710668826e+00 2.877617052337537285e+00 2.857720375546277225e+00 2.836577669042300354e+00 2.814404120287631983e+00 2.791307867301223489e+00 2.767409846302314236e+00 2.742808917645403355e+00
2.675830211531419867e+00 2.713779738502967387e+00 2.742673896073756445e+00 2.763518788473362964e+00 2.777257042082386995e+00 2.784759511024791578e+00 2.786868845664632222e+00 2.784381760157638386e+00 2.777936064733033117e+00 2.768195562369575313e+00 2.755674968137507896e+00 2.740842774013999339e+00 2.724091445654376109e+00 2.705777876450019548e+00 2.686138816826538989e+00 2.665432150723173521e+00 2.643827705922869864e+00 2.621491983194110365e+00 2.598515334751982042e+00 2.574987821003549282e+00 2.551002331332685724e+00
2.790018886281691923e+00 2.843470420972327606e+00 2.885941943294760392e+00 2.918440271628489402e+00 2.942082994760290671e+00 2.957847237508254512e+00 2.966765328862486673e+00 2.969729966696598833e+00 2.967610649482787633e+00 2.961187780624190857e+00 2.951096121416525886e+00 2.937966926886593999e+00 2.922288012357103337e+00 2.904443799012489169e+00 2.884784520668425500e+00 2.863608425993183104e+00 2.841145328048340968e+00 2.817576039333361315e+00 2.793023028474869385e+00 2.767625873753681187e+00 2.741517113393365346e+00
2.707355677116596748e+00 2.748898678414096963e+00 2.780790300603431575e+00 2.804124867680357180e+00 2.819959674576653530e+00 2.829283777162848956e+00 2.832998210374300996e+00 2.831902416786964860e+00 2.826786908529312470e+00 2.818276177317688092e+00 2.806938752596418674e+00 2.793257077415119305e+00 2.777623465363035393e+00 2.760397497239602593e+00 2.741810554599729777e+00 2.722114035638754537e+00 2.701492218991490279e+00 2.680057550709510128e+00 2.657918849540809703e+00 2.635196250899171311e+00 2.611942932576575949e+00
2.770198207681759506e+00 2.821491299226206007e+00 2.862229048134314890e+00 2.893458716544383691e+00 2.916156931918404638e+00 2.931282366242793813e+00 2.939735423811856929e+00 2.942412778478352031e+00 2.940064681422991377e+00 2.933452533944236329e+00 2.923223619646846405e+00 2.909968416196458296e+00 2.894110837386264734e+00 2.876123266434237991e+00 2.856306864889718522e+00 2.834969346893936315e+00 2.812346199817196801e+00 2.788641861697306545e+00 2.763997165131112599e+00 2.738571729513376685e+00 2.712439665604874151e+00
2.758074439721929227e+00 2.806938752596418674e+00 2.845364831290684737e+00 2.874409343933594041e+00 2.895193977996525891e+00 2.908688465276644486e+00 2.915866581324229490e+00 2.917588790766187490e+00 2.914664315978047426e+00 2.907801418439716290e+00 2.897650833074614241e+00 2.884703332887728511e+00 2.869460541418213495e+00 2.852292965271593594e+00 2.833503343533945618e+00 2.813335208890138883e+00 2.792028757896205970e+00 2.769709322557506681e+00 2.746556241020873479e+00 2.722665140112536353e+00 2.698135446399409609e+00
2.780500351038169171e+00 2.833096090327395178e+00 2.874913226704437719e+00 2.907016985284956778e+00 2.930382484685262856e+00 2.946003956062454687e+00 2.954839064346773903e+00 2.957745510073530593e+00 2.955549904116462123e+00 2.949024013481252648e+00 2.938809782038274143e+00 2.925504127050464476e+00 2.909574578631252351e+00 2.891457506153162438e+00 2.871500358937545183e+00 2.850012859814123001e+00 2.827194786652813541e+00 2.803260191602833906e+00 2.778375900367439755e+00 2.752643243319546240e+00 2.726224179511376633e+00
2.780423041365743586e+00 2.831785060607106885e+00 2.872315085959282754e+00 2.903199048856692333e+00 2.925565261002214701e+00 2.940517531085470981e+00 2.949024013481252648e+00 2.952059919951119049e+00 2.950419233988829326e+00 2.944867866583461780e+00 2.936036350926249927e+00 2.924444877695537404e+00 2.910542400365896842e+00 2.894723836285716168e+00 2.877273748035032330e+00 2.858437619827796539e+00 2.838450621343763913e+00 2.817437118325315293e+00 2.795521574437750623e+00 2.772886713713311302e+00 2.749538218581237814e+00
2.799689234494970869e+00 2.854288568574282703e+00 2.897710808461315235e+00 2.931118710307767383e+00 2.955549904116462123e+00 2.972104674696066429e+00 2.981747445991324685e+00 2.985447678293712492e+00 2.984038861901456841e+00 2.978354978354978311e+00 2.969018635770459547e+00 2.956642943126861045e+00 2.941712076428481648e+00 2.924628154420366055e+00 2.905749925626638586e+00 2.885332657743247431e+00 2.863588425515271041e+00 2.840731938834191173e+00 2.816901408450704469e+00 2.792223657114934365e+00 2.766801223068027671e+00
2.755911075935949750e+00 2.804262478968031047e+00 2.842189178884614087e+00 2.870887104115171784e+00 2.891407013727298914e+00 2.904765198146483041e+00 2.911952499662639582e+00 2.913794328761281527e+00 2.911125469507735541e+00 2.904649564656790695e+00 2.894974462189566111e+00 2.882654854812626954e+00 2.868075521325190724e+00 2.851598634014702593e+00 2.833583633220934317e+00 2.814245711793096127e+00 2.793803344182602899e+00 2.772387025228721935e+00 2.750139269873281833e+00 2.727215512961266075e+00 2.703658257596239789e+00
