2.818926270983382221e+00 0.000000000000000000e+00 0.000000000000000000e+00 3.189836902252301876e+00 3.294246283459378422e+00 3.377353808827989745e+00 3.535283515874116045e+00 3.760786143592386388e+00 3.858349468249291370e+00 3.789496892612547629e+00 4.048833043967581702e+00 4.019292604501607080e+00 4.224376731301938470e+00 4.306367271608734448e+00 4.384552672864414191e+00 4.458895840193172866e+00 4.529607159524529081e+00 4.596660217620987865e+00 5.005382500359975673e+00 5.115054157363950083e+00 4.777103136964393038e+00
2.800198814115801405e+00 2.890153037127892510e+00 2.930382484685262856e+00 0.000000000000000000e+00 0.000000000000000000e+00 3.340362011733021053e+00 3.494323437318004100e+00 3.701349945178117995e+00 3.793993074238097396e+00 3.884842178286507242e+00 3.974756807642689793e+00 4.061123348017620316e+00 4.143875352229405173e+00 4.223031444276753810e+00 4.298570378690183880e+00 4.370538408707776767e+00 4.438957399880703036e+00 4.503951193547065301e+00 4.565525512429132071e+00 4.623846626317278385e+00 4.678974203714279412e+00
2.779534289029872873e+00 2.833017785823855217e+00 0.000000000000000000e+00 0.000000000000000000e+00 3.212598855767981210e+00 3.311052707820292706e+00 3.417541557305336930e+00 3.477027280756044281e+00 3.744331498148635085e+00 3.836615009386004083e+00 3.925917252684431702e+00 4.012104314712181541e+00 4.095117786692949124e+00 4.174908117800849361e+00 4.251467441988040719e+00 4.324814135963917394e+00 4.394970505627622259e+00 4.461956670968450389e+00 4.525817732976753938e+00 4.586709661278441708e+00 4.644650114408659825e+00
2.756105834464043447e+00 2.838529226466169231e+00 2.870324346651171421e+00 0.000000000000000000e+00 0.000000000000000000e+00 3.267746645345199319e+00 3.366294971596885954e+00 3.480800993734557647e+00 3.686623122778461603e+00 3.770818058028699848e+00 3.709899832704516953e+00 3.936600020718947768e+00 3.924592737437860190e+00 4.091340919650225061e+00 4.164035227738025924e+00 4.260085064279186540e+00 4.299971564704168081e+00 4.363328947278714232e+00 4.423664563724589271e+00 4.481058908689806941e+00 4.535583715880040501e+00
2.751303341775366285e+00 2.784421518580658894e+00 0.000000000000000000e+00 3.073497571936917527e+00 3.157627386239608480e+00 3.241938265218140547e+00 3.326910547692649267e+00 3.430219534050178876e+00 3.633873289633677839e+00 3.803622431690398820e+00 3.892132332499304681e+00 3.758273421351169041e+00 4.060536403741199507e+00 4.140300999882692068e+00 4.217075699965433522e+00 4.290822407628128943e+00 4.361574528404753792e+00 4.429361899310381823e+00 4.494198398431116459e+00 4.556211408209340341e+00 4.615405811278122883e+00
2.735671046078520519e+00 0.000000000000000000e+00 0.000000000000000000e+00 3.050936776269259187e+00 3.132548571905912294e+00 3.214334564355080914e+00 3.296834337581806995e+00 3.395726928114540133e+00 3.498607554193430502e+00 3.760419495685962676e+00 3.846550125356321015e+00 3.718777761708984997e+00 4.010621231399015052e+00 4.088420760862033099e+00 3.959900794064317608e+00 4.235319834959149432e+00 4.304454769062584951e+00 4.370689066448131932e+00 4.434136025649771717e+00 4.494810536925549549e+00 4.552728878097235032e+00
2.717864733962855883e+00 2.785018031206483613e+00 2.802101576182136622e+00 0.000000000000000000e+00 3.098213363626975081e+00 3.175275190516511081e+00 3.265930095198387395e+00 3.351604231400342027e+00 3.443526170798897557e+00 3.499881004045862554e+00 3.777068994460297979e+00 3.856271261138425555e+00 3.932824596023017261e+00 3.842485539217368462e+00 4.077542416807767189e+00 4.145679165889351481e+00 4.211020447610763107e+00 4.049138700157848270e+00 4.333351675562647110e+00 4.390458071125421746e+00 4.444869936267403787e+00
2.753751103265666522e+00 2.834408334543141450e+00 2.869761809769788563e+00 0.000000000000000000e+00 0.000000000000000000e+00 3.274006478353244542e+00 3.374981058779772169e+00 3.499758516662350161e+00 3.686084682579424676e+00 3.770686404580685824e+00 3.854997039912987589e+00 3.937143843895700268e+00 3.940982065074602136e+00 4.092211158095757639e+00 4.165075839089236176e+00 4.234846538880750799e+00 4.301493034356440148e+00 4.365084778130925436e+00 4.425652443300583272e+00 4.483315170159053231e+00 4.538109808505518039e+00
2.745512143611403832e+00 2.803790725060281375e+00 0.000000000000000000e+00 0.000000000000000000e+00 3.175435932128508387e+00 3.262099264986569658e+00 3.539995002359996423e+00 3.469595930857892085e+00 3.730415319572245814e+00 3.822842526690390930e+00 3.912470484871780396e+00 3.999282887206431436e+00 3.885650846516791823e+00 4.163890739506995509e+00 4.241665469422380319e+00 4.316406521951016373e+00 4.388069934864587296e+00 4.456762440634530975e+00 4.522494190334386488e+00 4.585339419329288901e+00 4.645325900811891451e+00
2.727997649725101503e+00 2.763671537637751641e+00 0.000000000000000000e+00 3.052079576038400077e+00 3.101627649600665393e+00 3.180859523562562075e+00 3.271841280891054637e+00 3.359500874155839423e+00 3.424226753693273118e+00 3.699288914464219591e+00 3.782278306914692134e+00 3.862788243328067583e+00 3.760367123249514165e+00 4.016036448992874597e+00 4.088647419994178911e+00 4.158580537843082681e+00 4.225793699477909726e+00 4.290360528683135222e+00 4.352211337855948159e+00 4.411480878987564580e+00 4.468121670390101663e+00
2.449461838825411242e+00 2.774829521411278144e+00 2.794291262949793353e+00 0.000000000000000000e+00 0.000000000000000000e+00 3.146633102580238983e+00 3.227549237666902826e+00 3.292169539726679695e+00 3.371473123037697306e+00 3.625082784342430919e+00 3.535136483994842926e+00 3.778020317353707025e+00 3.852000632828675108e+00 3.923566177482860518e+00 3.992648020541485820e+00 4.059251308936545399e+00 3.998841714813639925e+00 4.184846738563705593e+00 4.472795084054141057e+00 4.300517427334907161e+00 4.354648068402535266e+00
2.829166637914972693e+00 2.922450683644713276e+00 2.968055440514646648e+00 0.000000000000000000e+00 0.000000000000000000e+00 3.483689366386577557e+00 3.690319525968012382e+00 3.793966902812363706e+00 3.896899181651171329e+00 3.996609772399964289e+00 4.000193112770961790e+00 4.184559660844869633e+00 4.272709104316124495e+00 4.356883194684602501e+00 4.437203175373523045e+00 4.513669474400549220e+00 4.586327185801842177e+00 4.655365993920638878e+00 4.720812535145754829e+00 5.204481332347221212e+00 4.841360217656645482e+00
2.545410836379577102e+00 2.796342384161516481e+00 2.880609283992945802e+00 2.891048762355791890e+00 0.000000000000000000e+00 0.000000000000000000e+00 0.000000000000000000e+00 3.426135935369372110e+00 3.630980644080105346e+00 3.559766424556911613e+00 3.794673658065406130e+00 3.874708531969804692e+00 3.951993676810116707e+00 3.971987038779136725e+00 4.098075988053065721e+00 4.166811347616236283e+00 4.232701434955175479e+00 4.295737673619397512e+00 4.356002986973476432e+00 4.413488724915522354e+00 4.468305962095016071e+00
2.778009278550990224e+00 2.813117567215927650e+00 0.000000000000000000e+00 3.106730307566299754e+00 3.200423012432947800e+00 3.297250654188560670e+00 3.399457503240107314e+00 3.646596624489992333e+00 3.557452863749555050e+00 3.834061805076297791e+00 3.923809261566632234e+00 4.010522523502341841e+00 4.094208429905764390e+00 4.056655665566556657e+00 4.252138071038137568e+00 4.326388221236385334e+00 4.397507163126902263e+00 4.465543181802567929e+00 4.530539957989538458e+00 4.592595639090528259e+00 4.651744056876248479e+00
2.820934152344548362e+00 2.916160388821384952e+00 2.968813648257719873e+00 0.000000000000000000e+00 0.000000000000000000e+00 0.000000000000000000e+00 3.631231329989859091e+00 3.732065352611063425e+00 3.826832356911259225e+00 3.822842526690390930e+00 3.950897962861558810e+00 4.098472635864367497e+00 4.245072931744794609e+00 4.262135054685942670e+00 4.338305168780729026e+00 4.410720808264588122e+00 4.479483963447410844e+00 4.544672060595627450e+00 4.606393949810930977e+00 4.664691032817472660e+00 4.719723656759806651e+00
2.056898055876699161e+00 2.768146933239215901e+00 2.804026582171998516e+00 0.000000000000000000e+00 0.000000000000000000e+00 0.000000000000000000e+00 3.223925643927701756e+00 3.310045636373879940e+00 3.365256530700955206e+00 3.601706654845680422e+00 3.529973629020535686e+00 3.752553821350641527e+00 3.707590066456802891e+00 3.896465349290286539e+00 3.964858830157968139e+00 3.976306696648932881e+00 4.016815219574356277e+00 4.155568120661348175e+00 4.214307920826279918e+00 4.270648931993360264e+00 4.324656120085935029e+00
2.831257078142694894e+00 2.886388916266561022e+00 0.000000000000000000e+00 0.000000000000000000e+00 3.310687312480601108e+00 3.427484226577691473e+00 3.494401968047188500e+00 3.768791613740734459e+00 3.870664510153582150e+00 3.969340268272653294e+00 3.930140037095005479e+00 4.155786586506160951e+00 4.243378276640886959e+00 4.327220276117865083e+00 4.407317503152926363e+00 4.483655351760006624e+00 4.556397317846115236e+00 4.625538495526344995e+00 4.691208124068658059e+00 4.753506572239522221e+00 4.812518046942675376e+00
2.818211281299758841e+00 2.866210869230876757e+00 0.000000000000000000e+00 3.310710147326601405e+00 3.278871510094737651e+00 3.386410128821805365e+00 3.509109924588539986e+00 3.742800307741358523e+00 3.839218993164819071e+00 3.935268288641573076e+00 4.027991124765318176e+00 4.117005290351798408e+00 4.202288524996728114e+00 4.283809273756140179e+00 4.361612273438472798e+00 4.435679238973924576e+00 4.506159573509327387e+00 4.573075670544542781e+00 4.970686567570695935e+00 5.079312782708371721e+00 4.753408331553674593e+00
2.751885747348663536e+00 2.883770001758396262e+00 2.909937436345118478e+00 0.000000000000000000e+00 0.000000000000000000e+00 3.369642955383176819e+00 3.584056462674119814e+00 3.697992617969453111e+00 3.796559626694645750e+00 3.892159383926771188e+00 3.984583782744004044e+00 3.964417613142392494e+00 4.159704938263045548e+00 4.242238789362413165e+00 4.321402603816553167e+00 4.397205026554996010e+00 4.469750106586348970e+00 4.539014896221614137e+00 4.605064195969537977e+00 4.668021308144323811e+00 5.118132020140540028e+00
2.762430939226519389e+00 0.000000000000000000e+00 3.022310143971865148e+00 3.110634915148791535e+00 3.198635248960442823e+00 3.286874182652297360e+00 3.375748348294557832e+00 3.492912879766952194e+00 3.775141393027174441e+00 3.869434233437440085e+00 3.737748491057090394e+00 3.827817795872916484e+00 4.133711797613471184e+00 4.215298076856631049e+00 4.293571228983649846e+00 4.368570862997522397e+00 4.440315330701023022e+00 4.508879023307436285e+00 4.574284329321161913e+00 4.636606004404775661e+00 4.695953993262325987e+00
2.857959416976278977e+00 2.953274970994620663e+00 3.007434658236523894e+00 0.000000000000000000e+00 0.000000000000000000e+00 0.000000000000000000e+00 3.719751189975959438e+00 3.824756606397774927e+00 3.928596043834860385e+00 4.029372737819831407e+00 4.126150164358314498e+00 4.218825644927034269e+00 4.307338885014562635e+00 4.391743522178304104e+00 4.472056526794498943e+00 4.548399101346601192e+00 4.916252995841669637e+00 4.689331770222742612e+00 4.754207473614147972e+00 5.255398727783996193e+00 4.873227449311569259e+00
2.727806843297988504e+00 2.758963181636340689e+00 0.000000000000000000e+00 3.025240128435194187e+00 3.104197564929465525e+00 3.183368973225098930e+00 3.263231710280568354e+00 3.344070757807381167e+00 3.626195075348149111e+00 3.712030480672927624e+00 3.795878366253951253e+00 3.877176584622841204e+00 3.754380110128483494e+00 4.031982505296247687e+00 4.105343104049920200e+00 4.175994194683480210e+00 4.243950631026757847e+00 4.309165526675786673e+00 4.371734007308993419e+00 4.431657030653430418e+00 4.488981277495009969e+00
2.694914902879412821e+00 2.758430453072201693e+00 0.000000000000000000e+00 0.000000000000000000e+00 3.070674361962719257e+00 3.145665273253456906e+00 3.221356190956392584e+00 3.306157190188451001e+00 3.387088969841083319e+00 3.473186996387885639e+00 3.750937734433607673e+00 3.829400220190512627e+00 3.692813645294797276e+00 3.978597887227329100e+00 4.049222068946584763e+00 4.117203046730254279e+00 4.182436509242497991e+00 4.245063402075972547e+00 4.304984215057878316e+00 4.362347488242109605e+00 4.417113554327045222e+00
2.767361735689280788e+00 2.793647246162226594e+00 0.000000000000000000e+00 3.093602570502499205e+00 3.180111856977926088e+00 3.266860824778096806e+00 3.358028837072638328e+00 3.469427405700962641e+00 3.531807038683674627e+00 3.835505624245975298e+00 3.925511693892730136e+00 3.799766384733382907e+00 4.096567909292265774e+00 4.177452712604949880e+00 4.255231532638311442e+00 4.329867148679390709e+00 4.401408450704225039e+00 4.469903793916804702e+00 4.535396709775841195e+00 4.597922013752589798e+00 4.657566147713340321e+00
2.243024194754314138e+00 2.863073509412353612e+00 2.896332002399817807e+00 0.000000000000000000e+00 0.000000000000000000e+00 3.313772868484638590e+00 3.461357405920305386e+00 3.666348455291301267e+00 3.762844984469712717e+00 3.856696188757729793e+00 3.947532445946507096e+00 3.917956613785708253e+00 4.119888763003398680e+00 4.201333406799271586e+00 4.279492258950695849e+00 4.354437379043406331e+00 4.426217036786012748e+00 4.494841148227602723e+00 4.560341611044317567e+00 4.622889512940639989e+00 5.054631565827920170e+00
2.743484224965706098e+00 2.936898635041396144e+00 2.995388494921771283e+00 3.042460005801900458e+00 0.000000000000000000e+00 0.000000000000000000e+00 3.643727533266531537e+00 3.795092600259446058e+00 3.895890860376738818e+00 3.887812730199437627e+00 4.018735622626867787e+00 4.160641693722205048e+00 4.268326265352205162e+00 4.462569341462073957e+00 4.430629967417829107e+00 4.505878438331854419e+00 4.577284372331341444e+00 4.644935653979616497e+00 4.708978220975728490e+00 5.196296954696495440e+00 4.826587602564987201e+00
2.656042496679946741e+00 2.250258779759672034e+00 2.848428848331585161e+00 2.905327817822110692e+00 2.904825468403106292e+00 0.000000000000000000e+00 0.000000000000000000e+00 0.000000000000000000e+00 3.498854296730286251e+00 3.504167210614191230e+00 3.735783269225446901e+00 3.812481370829665206e+00 3.887080316797046020e+00 3.959048161473599059e+00 4.015341373246750223e+00 4.094890409627851113e+00 4.158782308540058814e+00 4.219963888177875155e+00 4.278517700641777388e+00 4.334424966287805603e+00 4.387767183680292504e+00
2.844338379143368289e+00 2.897750793431765004e+00 0.000000000000000000e+00 0.000000000000000000e+00 3.330442324371205576e+00 3.449489130659749048e+00 3.696032692455211155e+00 3.798736056911972803e+00 3.731033910952656907e+00 4.000027586397147061e+00 3.961441964875214161e+00 4.187345977745285275e+00 4.275012214320611292e+00 4.358685199150401424e+00 4.438403284418430239e+00 4.514202375164941827e+00 4.586182584827263931e+00 4.654410053525715796e+00 4.719076171441261458e+00 4.780180954096406865e+00 4.837830471518124398e+00
2.457481948349511836e+00 2.805895185785334700e+00 2.831843737481178458e+00 0.000000000000000000e+00 0.000000000000000000e+00 3.219508853649347024e+00 3.307744256239921299e+00 3.399378399378399696e+00 3.505636513610118410e+00 3.549463826185487392e+00 3.830697117226296466e+00 3.912335734296512602e+00 3.991054532943402844e+00 3.905982320290549925e+00 4.139672551901144359e+00 4.054704144045083503e+00 4.276392931536328490e+00 4.340307679588841339e+00 4.401347912798294182e+00 4.459568862604113448e+00 4.515017643299712446e+00
2.760886032040436255e+00 2.853523753845296884e+00 2.887791684568627115e+00 0.000000000000000000e+00 0.000000000000000000e+00 0.000000000000000000e+00 3.411377291366430864e+00 3.457193035830348649e+00 3.690667395687386776e+00 3.778744220238953400e+00 3.865054386836728639e+00 3.948506035087241184e+00 4.028952889037080709e+00 4.106410791647560288e+00 4.264069710662237611e+00 4.252167233622298426e+00 4.320483894196149421e+00 4.623365674229495959e+00 4.448151237142062620e+00 4.507642502970945486e+00 4.901351668530561589e+00
2.832179220301060063e+00 2.914622382911985277e+00 0.000000000000000000e+00 0.000000000000000000e+00 3.342734774887705207e+00 3.463299416087718186e+00 3.530046928859171818e+00 3.817906676477529793e+00 3.746643631746560121e+00 4.020490638495504143e+00 4.116719463012322500e+00 4.208812286972000827e+00 4.296812735198519029e+00 4.380681195925966165e+00 4.460486947928961499e+00 4.536300715498339464e+00 4.608168149992433626e+00 4.676271361276347349e+00 4.740606385390687905e+00 4.801360842844601073e+00 5.333187468376933360e+00
2.235452790962809466e+00 2.835113923175327066e+00 2.872315085959282754e+00 0.000000000000000000e+00 0.000000000000000000e+00 3.267087912469849087e+00 3.360952589991220485e+00 3.461956559369093078e+00 3.719089454627108715e+00 3.803017521538908596e+00 3.885435168738898604e+00 3.967711041182104381e+00 3.904261920199674663e+00 4.122436359888693502e+00 4.194803944491053649e+00 4.263805790523346850e+00 4.291726658544689599e+00 4.391954488371614396e+00 4.451262104008874232e+00 4.507440744490519791e+00 4.560584299337693714e+00
2.400112946491599786e+00 2.801944549517365157e+00 2.878283700490009700e+00 2.890611020110393614e+00 0.000000000000000000e+00 0.000000000000000000e+00 3.326449431038545068e+00 3.429167123888950286e+00 3.646897728602000122e+00 3.729281767955801019e+00 3.811292513235578383e+00 3.891807744697412197e+00 3.861403206343733796e+00 4.044235569749117687e+00 4.116073266104136152e+00 4.151071322323769408e+00 4.250884458217918827e+00 4.313916145687110237e+00 4.374094425763416005e+00 4.431445537534343337e+00 4.486069030249907996e+00
2.827534531265463169e+00 2.876688300298193113e+00 0.000000000000000000e+00 0.000000000000000000e+00 3.304576486883643582e+00 3.418149003951380660e+00 3.671097381052981667e+00 3.592375873050962731e+00 3.877820941618020267e+00 3.977206492446735631e+00 4.072954203426804476e+00 4.165046926195367760e+00 4.253392423473237649e+00 4.337976574926495132e+00 4.418851927033707661e+00 4.495974059592093397e+00 4.569466272492504366e+00 4.639407263788387858e+00 4.705914447839370851e+00 4.769042103828859958e+00 5.256762107620255975e+00
2.773982815176459837e+00 2.881682340207200266e+00 2.914167116822562686e+00 0.000000000000000000e+00 0.000000000000000000e+00 3.364124416534671536e+00 3.494203732631752324e+00 3.530584554038711964e+00 3.788463427296580033e+00 3.736351936675754271e+00 3.974045372635271356e+00 4.061906204389611474e+00 4.086553196706237401e+00 4.227421411542939822e+00 4.304987536366729373e+00 4.379182461374242052e+00 4.449982200071199934e+00 4.517433819594542932e+00 4.581678838197317916e+00 4.642779112956084475e+00 4.700752801716797435e+00
2.529121022053935075e+00 2.781486426346239771e+00 2.860731230812168402e+00 2.873724346753392389e+00 0.000000000000000000e+00 0.000000000000000000e+00 0.000000000000000000e+00 3.375585560760539838e+00 3.579960482743902439e+00 3.509617038846643222e+00 3.599238622599064907e+00 3.693920364652666599e+00 3.887512061700369781e+00 3.959625711169617368e+00 4.029036377418274917e+00 4.095743203843055902e+00 4.159791455788349523e+00 4.221161165317279362e+00 4.279876297768941740e+00 4.336006056643380013e+00 4.389540352417381719e+00
2.757119022707349210e+00 2.833507259998479633e+00 0.000000000000000000e+00 0.000000000000000000e+00 3.202785030461270388e+00 3.283083910152937435e+00 3.374103753690425922e+00 3.466516913136019173e+00 3.729085459381113132e+00 3.656307129798903155e+00 3.911570565431494728e+00 3.998621165115476828e+00 4.082743603701687540e+00 4.163919636351018028e+00 4.242129822856868238e+00 4.317286277197189825e+00 4.389454335957860387e+00 4.458681739297448487e+00 4.524979946111602480e+00 4.588431590656283809e+00 4.649097242460829449e+00
2.759791954144994897e+00 2.832000221034163712e+00 0.000000000000000000e+00 0.000000000000000000e+00 3.184645761236491790e+00 3.288774999828709245e+00 3.389291223119116125e+00 3.513049947304250686e+00 3.724600295209060441e+00 3.815073006624353891e+00 3.903120442079746510e+00 3.988118158314539308e+00 4.070032146355596403e+00 4.148803761582076532e+00 4.182608576404602374e+00 4.296723401896102246e+00 4.365948331730211684e+00 4.432071577955983166e+00 4.495116668709901120e+00 4.555211230666233568e+00 4.612323853975203392e+00
2.775484148516156768e+00 2.862628731017629047e+00 2.895034326835589145e+00 0.000000000000000000e+00 0.000000000000000000e+00 3.333796360605639109e+00 3.444071719349484084e+00 3.678824956058480034e+00 3.598341994727044746e+00 3.863336236689050018e+00 3.953089998682303374e+00 4.039518817995713995e+00 4.122549659546106859e+00 4.202172729965623965e+00 4.278340555908250131e+00 4.351099170528554438e+00 4.420500069070313565e+00 4.486560711323806849e+00 4.549402373960875323e+00 4.951652614059942614e+00 5.056767409480399600e+00
2.094869664192392733e+00 2.821451495721974290e+00 2.886348276638882382e+00 2.907677687474291783e+00 0.000000000000000000e+00 0.000000000000000000e+00 3.352811571989654293e+00 3.465267622618494414e+00 3.666438689389185157e+00 3.595779108523379008e+00 3.832414010210645205e+00 3.913598725677327028e+00 3.991823643984390380e+00 4.028458670745195924e+00 4.139158509075105741e+00 4.208289640708647639e+00 4.274374109505393093e+00 4.570162379254232299e+00 4.397628029381651871e+00 4.454870077890618951e+00 4.509336375996666035e+00
2.818568730798500344e+00 0.000000000000000000e+00 0.000000000000000000e+00 3.194976940601210735e+00 3.301767499367746606e+00 3.384866194166977760e+00 3.657467790130357610e+00 3.760445682451253546e+00 3.862468531227368107e+00 3.802097375170230276e+00 4.056209437905620163e+00 4.147771264240681433e+00 4.235611073692689743e+00 4.319802523313220455e+00 4.400288768950463059e+00 4.477169877601062886e+00 4.550486630398608234e+00 4.620243562690498962e+00 5.023396641893751458e+00 4.749678192093505835e+00 5.232502099885710578e+00
2.540148457565408524e+00 2.748588705414719335e+00 2.809541201921725406e+00 2.807726864330637895e+00 0.000000000000000000e+00 3.142611719846640117e+00 3.219597550306211975e+00 3.300237336216945039e+00 3.384234990227158235e+00 3.485753724527854480e+00 3.714020427112349143e+00 3.790990080242623073e+00 3.865534617243044924e+00 3.769765087786658864e+00 4.007185297775320620e+00 4.074219855952158298e+00 3.957756160559918523e+00 4.200639048038783407e+00 4.260055792988771906e+00 4.316977558679561788e+00 4.371435401796387232e+00
2.326844023888931634e+00 2.910320551020690427e+00 2.982900350317366556e+00 3.018242821144546006e+00 0.000000000000000000e+00 0.000000000000000000e+00 0.000000000000000000e+00 3.752892854908991715e+00 3.852106620808254611e+00 3.949419712454529385e+00 4.043117449135526620e+00 4.133170761950029970e+00 4.219466713852100703e+00 4.302044495431639248e+00 4.380801139008296374e+00 4.455930843953302301e+00 4.527370009603512102e+00 4.595300261096605610e+00 4.659736450788385831e+00 4.720779761739468228e+00 4.778581034494528090e+00
2.723331063890780168e+00 2.788682240384408928e+00 0.000000000000000000e+00 0.000000000000000000e+00 3.123763510277181688e+00 3.204882568922392760e+00 3.298222468614255831e+00 3.388470900641734840e+00 3.454112120479430725e+00 3.740311554099451374e+00 3.825049204042033857e+00 3.907094865658729432e+00 3.797057625527273217e+00 4.062829244107175164e+00 4.136419101983412894e+00 4.207070637405685432e+00 4.274918638645265112e+00 4.339859195679428794e+00 4.402013921369025695e+00 4.461405411341578642e+00 4.518093225640526178e+00
2.785961539800942521e+00 2.878344320184214045e+00 2.918419497889484404e+00 0.000000000000000000e+00 0.000000000000000000e+00 3.351042662961902341e+00 3.421285984597230545e+00 3.518114842305676060e+00 3.788941902890822444e+00 3.877713533912681587e+00 3.965974672465195194e+00 4.051446503739003724e+00 4.071548844784277144e+00 4.211514695424637189e+00 4.286059935709101154e+00 4.357027262542013446e+00 4.424417338270528965e+00 4.488330341113106137e+00 4.548869330282373724e+00 4.970110308837131896e+00 4.660091532544130999e+00
2.772559973937936295e+00 2.836114108630087394e+00 0.000000000000000000e+00 0.000000000000000000e+00 3.208906809160731566e+00 3.294361734937056863e+00 3.406302354519607167e+00 3.476012040905708922e+00 3.775194177811645790e+00 3.866041656598849574e+00 3.760026737967914201e+00 4.041755515602570625e+00 4.124448355032513724e+00 4.063388866314505243e+00 4.177881882375502620e+00 4.303219901367467237e+00 4.420535768935194731e+00 4.486038069209214996e+00 4.548242379971194183e+00 4.607280879096697035e+00 4.663187563004464131e+00
2.804065895548545573e+00 2.887262945149045912e+00 2.923874830310835282e+00 0.000000000000000000e+00 0.000000000000000000e+00 3.372077819297919721e+00 3.490498862097370925e+00 3.723367579121561022e+00 3.817191241281188585e+00 3.909974550867397092e+00 4.001048550654654257e+00 4.088505755091575544e+00 4.172229639519358990e+00 4.252254723774904654e+00 4.328587918430165438e+00 4.401226841982202487e+00 4.470272686633884440e+00 4.535833081342606654e+00 4.597890460406672375e+00 4.656658326383096735e+00 5.138746145940389809e+00
2.809245226038894039e+00 2.878566614243989630e+00 0.000000000000000000e+00 0.000000000000000000e+00 3.265204040516318962e+00 3.386195609233026538e+00 3.506046211063982287e+00 3.747709732940981198e+00 3.843197540353574304e+00 3.938150312979314727e+00 3.874842584520004074e+00 4.119125097829221538e+00 4.203910325768592138e+00 4.284875082069179442e+00 4.362035062453264445e+00 4.435450336817009287e+00 4.505160141115477579e+00 4.866113346172562082e+00 4.633888718525332351e+00 4.693079408263900021e+00 4.748926329699372673e+00
2.850290242969863108e+00 2.938953732471240254e+00 2.996014603829324496e+00 0.000000000000000000e+00 0.000000000000000000e+00 0.000000000000000000e+00 3.678231117835256914e+00 3.779886878294514752e+00 3.879137169061109169e+00 3.899938715248759458e+00 4.037703799618506117e+00 4.161522562388158875e+00 4.340098375563179012e+00 4.330224278124118698e+00 4.408654740337123457e+00 4.483222402317481148e+00 4.848921461326387572e+00 4.621072088724583971e+00 4.684550627592003913e+00 4.744518018854301467e+00 4.801097393689986781e+00
2.614693162224043910e+00 2.866170795816788797e+00 2.969818357621381910e+00 2.999358276833793635e+00 3.042519205902487034e+00 0.000000000000000000e+00 0.000000000000000000e+00 0.000000000000000000e+00 3.774025100697851798e+00 3.863774355577633823e+00 3.952596578576927033e+00 3.997711654707994722e+00 4.141815772034459719e+00 4.198644044464328928e+00 4.273592643906339639e+00 4.345067314058706387e+00 4.413062665489849934e+00 4.477694194152820550e+00 4.538983680290495037e+00 4.597070225393665943e+00 5.043758008669811055e+00
