2.904001991315650955e+00 2.993553417524122295e+00 0.000000000000000000e+00 0.000000000000000000e+00 3.595779108523379008e+00 3.431920983451276719e+00 3.528264163213349125e+00 3.624749516130135074e+00 3.722597545843099542e+00 3.824065664670412978e+00 3.934684241589612164e+00 4.040210364851539282e+00 4.148430856028706870e+00 4.264124037076907570e+00 4.397053973837528495e+00 4.623846626317278385e+00 4.702514823144550604e+00 4.776375630793085136e+00 4.845531381737884224e+00 4.910164732568914836e+00 4.970415812731073579e+00
2.846056129780159427e+00 2.970146573279732749e+00 3.053543530748473067e+00 0.000000000000000000e+00 0.000000000000000000e+00 3.590967660167719178e+00 2.685206688341848835e+00 3.554428050709839582e+00 3.644690785809086453e+00 3.736507057846664814e+00 3.831705998672587654e+00 3.933313091722101085e+00 4.031872292153567017e+00 4.133711797613471184e+00 4.242681374628765489e+00 4.366812227074235331e+00 4.578182877596036704e+00 4.651258233753086557e+00 4.719659090131807844e+00 4.783544606553455480e+00 4.843044433227377432e+00
2.841440679728052476e+00 2.934497816593886199e+00 0.000000000000000000e+00 0.000000000000000000e+00 3.485122014121714074e+00 3.320217297625691177e+00 3.404077946437875646e+00 3.486871927194113763e+00 3.569124329073262381e+00 3.651634106262552137e+00 3.735369801610358476e+00 3.821912763103948674e+00 3.914458774568378985e+00 4.025066448295245181e+00 4.196044711951848249e+00 4.451926153674925501e+00 4.526935264825712402e+00 4.597732700172929121e+00 4.664435054601327124e+00 4.727113471578229920e+00 4.786016508288825300e+00
2.800865467429435540e+00 2.914763973517286999e+00 2.986390591447545706e+00 0.000000000000000000e+00 0.000000000000000000e+00 3.525123555580622625e+00 3.359362680908536181e+00 3.438292956313048876e+00 3.516441085821846890e+00 3.594412071694695676e+00 3.672801862734227818e+00 3.752397364983183436e+00 3.834434592077784476e+00 3.920921210120104305e+00 4.015758389819359842e+00 4.109407757726034838e+00 4.210875102683225180e+00 4.333202649443905763e+00 4.556366331853080709e+00 4.621260516765660853e+00 4.681870305407220378e+00
2.811772893103424042e+00 2.920435928484934607e+00 0.000000000000000000e+00 0.000000000000000000e+00 3.455717449257373008e+00 3.293287867664715929e+00 3.373771736227280105e+00 3.452609482246681960e+00 3.530144666712812906e+00 3.606727934801456037e+00 3.682857341393926287e+00 3.759110622272033631e+00 3.836536155927790848e+00 3.916879689948050025e+00 4.004169859646942164e+00 4.442014624478917817e+00 4.518350665087526252e+00 4.590707585630399379e+00 4.659097916424005170e+00 4.723632751446611877e+00 4.784427372392486610e+00
2.821252495045174946e+00 2.896891359676651678e+00 0.000000000000000000e+00 3.298546534069774161e+00 3.186698995497055265e+00 3.266656472845049120e+00 3.344528212489025876e+00 3.420593368237347054e+00 3.495161599824556653e+00 3.568454859046032990e+00 3.640785035686562310e+00 3.712513921927206972e+00 3.784099900237366310e+00 3.856266432953549650e+00 3.930167135528710887e+00 4.007988335371878819e+00 4.095143841927447959e+00 4.248680123142073661e+00 4.618460053767146967e+00 4.685163877386505860e+00 4.747978668501634303e+00
2.751905165114309604e+00 2.881682340207200266e+00 2.954937207584338754e+00 0.000000000000000000e+00 0.000000000000000000e+00 3.462603878116343292e+00 3.297088258931331506e+00 3.369550268188695075e+00 3.440658955003062403e+00 3.510607541611024285e+00 3.579801496497409641e+00 3.648585120789217484e+00 3.717395344994939954e+00 3.786809509711445365e+00 3.857519752567661442e+00 3.930679656627054985e+00 4.008182220256522932e+00 4.095316762339743732e+00 4.184014321675252113e+00 4.281945384477256589e+00 4.420011602530456329e+00
2.814681378068002449e+00 2.913045589163470339e+00 0.000000000000000000e+00 0.000000000000000000e+00 3.379965870588526045e+00 3.227564838191415930e+00 3.357559054567329504e+00 3.436331647239938558e+00 3.514370259993111922e+00 3.592257628264727831e+00 3.670563466120005724e+00 3.750208344908050329e+00 3.832335329341317376e+00 3.919195808523219249e+00 4.016481423773415216e+00 4.114520829761700860e+00 4.221657796571459897e+00 4.365511076618183495e+00 4.556769182638029214e+00 4.621040216844036763e+00 4.681044483490838459e+00
2.812445069432237599e+00 2.927359660983870793e+00 0.000000000000000000e+00 0.000000000000000000e+00 3.444380149348322817e+00 3.305694058014930103e+00 3.387318725521329288e+00 3.467358289066726051e+00 3.546173261853605929e+00 3.624105085371607249e+00 3.701737721405821802e+00 3.779782971734095831e+00 3.859513701273639352e+00 3.943517756207580494e+00 4.039242265535678555e+00 4.467753132582292785e+00 4.543733434305186947e+00 4.615755571630325349e+00 4.683873011936987574e+00 4.748207379677672257e+00 4.808914353235368644e+00
2.791456710948236442e+00 2.875538286740261906e+00 0.000000000000000000e+00 0.000000000000000000e+00 2.455588920382790974e+00 3.219394753786288366e+00 3.292815357130345788e+00 3.364391010896506717e+00 3.434330691001353131e+00 3.502847815273816945e+00 3.570202540336422370e+00 3.636638099616437358e+00 3.702408622498303270e+00 3.767897513187640879e+00 3.833687659010907911e+00 3.900556342509904795e+00 3.969910813900163316e+00 4.044179171082723734e+00 4.129984374892448074e+00 4.306991219295320583e+00 4.644872197707618611e+00
2.750818192077643332e+00 2.848567379040102043e+00 2.907258455276673814e+00 0.000000000000000000e+00 0.000000000000000000e+00 2.354065262997556474e+00 3.236156822782544129e+00 3.303100785862728372e+00 3.368345798504179367e+00 3.432133002018094459e+00 3.494646202018508063e+00 3.556063786022577666e+00 3.616586220806498719e+00 3.676521594361741752e+00 3.736119279067354082e+00 3.795852168811898242e+00 3.856165043863877706e+00 3.917727717923604303e+00 3.981420039814200784e+00 4.048724302816655296e+00 4.123427943096694470e+00
2.900612581752383790e+00 3.017289772089367439e+00 0.000000000000000000e+00 0.000000000000000000e+00 3.553486946161188875e+00 3.034519509740067456e+00 3.559687585066063420e+00 3.660170439634812034e+00 3.763385678606863571e+00 3.874145612530093707e+00 4.003009158608884732e+00 4.122181458427799150e+00 4.254764306644980287e+00 4.511987530507187927e+00 4.599626537785588276e+00 4.682389395765191864e+00 4.760295000310454050e+00 4.833486393735801023e+00 4.902094283613387837e+00 4.966358026791120039e+00 5.026440453894458038e+00
2.374285095774470555e+00 2.886002886002886125e+00 2.969018635770459547e+00 0.000000000000000000e+00 0.000000000000000000e+00 3.378817413905132572e+00 2.736764323540278543e+00 3.387369949189450669e+00 3.459704817984929015e+00 3.530877873165328751e+00 3.601207789689465422e+00 3.671046525319830778e+00 3.740829771463010101e+00 3.811134054908047020e+00 3.882714294628680118e+00 3.956739646531258092e+00 4.035291703713835609e+00 4.121671750061824291e+00 4.206171349767281242e+00 4.298987657745112045e+00 4.415011037527594162e+00
2.841992167192319840e+00 2.921809526524329570e+00 0.000000000000000000e+00 0.000000000000000000e+00 3.226870006243292011e+00 3.311349650928557597e+00 3.394245022928471300e+00 3.475963710938858142e+00 3.557063507264618174e+00 3.638246365251948777e+00 3.720571314395165974e+00 3.805622634459567166e+00 3.896682253395680195e+00 4.005718508491431962e+00 4.367616850811762319e+00 4.445325910778889167e+00 4.519000342348510557e+00 4.588663945429142466e+00 4.654505629898353369e+00 4.716626450020848793e+00 4.775190837090953266e+00
2.888686915657387111e+00 2.989579181140026076e+00 0.000000000000000000e+00 0.000000000000000000e+00 3.510970060374916546e+00 3.518309004111592309e+00 3.501496718205036274e+00 3.595144440214862236e+00 3.689608286586907315e+00 3.786418461199537067e+00 3.887539048941340170e+00 3.985350401627121730e+00 4.084769348998539051e+00 4.187748433026918349e+00 4.296812735198519029e+00 4.417205013527690127e+00 4.576158895164980756e+00 4.711164073217032566e+00 4.780800305971220077e+00 4.845799730019728635e+00 4.906296644369506410e+00
2.734136748901086822e+00 2.828776243799115520e+00 0.000000000000000000e+00 0.000000000000000000e+00 3.231892009710707558e+00 3.138863312965598062e+00 3.205373878990167569e+00 3.270202195905985487e+00 3.333634286428635907e+00 3.395868129431087734e+00 3.457193035830348649e+00 3.517799375073287660e+00 3.578112958273697242e+00 3.638560503082478359e+00 3.699694432645007414e+00 3.762047100829702284e+00 3.826234302190518743e+00 3.893160551160300908e+00 3.965107057890562725e+00 4.050251045732920829e+00 4.440928709216314552e+00
2.894601215732510724e+00 2.997058700531106901e+00 0.000000000000000000e+00 0.000000000000000000e+00 3.571453100639427891e+00 3.429543459174714481e+00 3.525894166760690673e+00 3.622767384156886372e+00 3.721750877023701776e+00 3.826166806959449662e+00 3.949118722979714224e+00 4.100667922351420636e+00 4.352645932656405314e+00 4.457428132543339139e+00 4.542388745887762092e+00 4.622666243497219440e+00 4.698403924549159782e+00 4.769673173699053415e+00 4.836659112265767391e+00 4.899525229104559898e+00 4.958575236048841539e+00
2.892375416219876705e+00 2.990111274855299595e+00 0.000000000000000000e+00 0.000000000000000000e+00 3.551136363636363313e+00 3.412826656265671055e+00 3.507024570214138937e+00 3.601083094992417077e+00 3.696123861217393447e+00 3.793914561044084532e+00 3.898065584953466445e+00 4.009235065599380476e+00 4.116525103942259456e+00 4.231262789165192828e+00 4.364573518816160735e+00 4.590141472270750533e+00 4.668053353103911896e+00 4.741225297529065408e+00 4.809806508355320531e+00 4.873929966431665761e+00 4.933770977092226673e+00
2.833879373505301391e+00 2.959538875657087953e+00 0.000000000000000000e+00 0.000000000000000000e+00 3.442668580888061935e+00 3.296658012939382321e+00 3.449251167571520060e+00 3.536092409881645082e+00 3.622683572523338391e+00 3.709977740133559188e+00 3.799549580667891835e+00 3.894595553206434690e+00 4.007444337277382473e+00 4.375942043078718591e+00 4.460180877489124285e+00 4.540201419844808406e+00 4.615978174001707401e+00 4.687553855168372863e+00 4.755111745126010980e+00 4.818746299891233598e+00 4.878719164433449329e+00
2.857222500975636681e+00 2.938316344734467123e+00 0.000000000000000000e+00 0.000000000000000000e+00 3.253721010730356689e+00 3.341175815455722287e+00 3.427169226762079024e+00 3.512251559852898719e+00 3.597097419082601721e+00 3.682601445247359440e+00 3.770265175317330630e+00 3.862766443094426183e+00 3.968226818371521691e+00 4.332785430837053475e+00 4.415498399381830197e+00 4.494014789394126019e+00 4.568389472248738592e+00 4.638661882478135823e+00 4.704983873497302405e+00 4.767515511452252497e+00 4.826421208673767893e+00
2.922959148166190957e+00 3.036115979630421791e+00 0.000000000000000000e+00 0.000000000000000000e+00 3.594263003283221014e+00 2.519562603931957412e+00 3.597744490953747931e+00 3.703856125766492369e+00 3.815258258299920602e+00 3.937715019964906027e+00 4.052486689677337495e+00 4.172309544329078079e+00 4.304131282836080707e+00 4.490159642445133770e+00 4.641978730037759071e+00 4.725541896380508256e+00 4.803996925441967214e+00 4.877579621334945159e+00 4.946379868233935717e+00 5.010604635838864063e+00 5.070507461868413834e+00
2.783712498173188887e+00 2.874510106356873873e+00 0.000000000000000000e+00 0.000000000000000000e+00 3.384571992666760121e+00 3.219169454280795595e+00 3.292746150289341145e+00 3.364668236845177240e+00 3.435198417060569831e+00 3.504566450084459550e+00 3.573146430289286801e+00 3.641260288277889945e+00 3.709504575055642572e+00 3.778692297651026877e+00 3.850146786846248226e+00 3.925809095479809496e+00 4.010011200376110807e+00 4.434036774792501134e+00 4.500325408144896677e+00 4.562895364513118501e+00 4.621837145774122746e+00
2.340541729022008077e+00 2.863442430489934853e+00 2.938151902453356890e+00 0.000000000000000000e+00 0.000000000000000000e+00 3.428899323317215142e+00 3.269860926553357139e+00 3.339920398563834159e+00 3.408553382119702491e+00 3.475963710938858142e+00 3.542527697704302980e+00 3.608530009784667758e+00 3.674406028799023449e+00 3.740674291176857569e+00 3.807941288468861263e+00 3.877069212608782678e+00 3.949364983682886354e+00 4.027777777777776791e+00 4.123855455371495893e+00 4.499652299595030769e+00 4.562138398689421059e+00
2.828994363228730879e+00 2.930995980348369390e+00 0.000000000000000000e+00 0.000000000000000000e+00 3.480318797201823244e+00 3.314644380972530335e+00 3.397445675537003940e+00 3.478817480362075276e+00 3.559254746813782511e+00 3.639290338384015389e+00 3.719648699845014228e+00 3.801571777131126595e+00 3.887242209897196155e+00 3.981957612747756503e+00 4.384621808969683343e+00 4.467968105581523020e+00 4.543107898812596801e+00 4.614261511549427652e+00 4.681486785126641514e+00 4.744942166719387622e+00 4.804755334994405658e+00
2.809896455315621822e+00 2.939611971219798559e+00 3.009834459104749005e+00 0.000000000000000000e+00 0.000000000000000000e+00 3.193867773874161209e+00 3.414039365964117501e+00 3.497630526770589388e+00 3.580724683587885870e+00 3.664193911907247081e+00 3.749270975088176971e+00 3.838075100662242445e+00 3.935675866021307368e+00 4.317608880346522682e+00 4.399932953402615254e+00 4.478126076472614514e+00 4.552257850920452320e+00 4.622411104825245864e+00 4.688652770786934987e+00 4.751117201109970267e+00 4.810103966961456479e+00
2.895439329952966823e+00 3.020744789215238590e+00 3.113325031133249876e+00 0.000000000000000000e+00 0.000000000000000000e+00 3.658730213517972008e+00 3.832218506131549685e+00 3.666982626804951462e+00 3.771437191856437998e+00 3.883680366292379560e+00 3.996857642956570977e+00 4.108463434675432069e+00 4.226659830102132531e+00 4.359469390297066482e+00 4.591588484021956518e+00 4.674953250467495991e+00 4.753310094928424157e+00 4.826754007929666912e+00 4.895505098909888275e+00 4.959668253301278362e+00 5.019501441410886500e+00
2.905247430239475293e+00 2.828794297150697190e+00 2.932489893383045665e+00 2.997873601282811329e+00 0.000000000000000000e+00 0.000000000000000000e+00 0.000000000000000000e+00 3.573756017574471144e+00 3.397751936371894210e+00 3.465627902463368049e+00 3.533054845480806616e+00 3.600509610591037468e+00 3.668403967413498279e+00 3.737386321166064729e+00 3.808125848173483874e+00 3.881961139525854865e+00 3.961342758597137692e+00 4.054453370350263874e+00 4.157773650802449872e+00 4.302866264140467578e+00 4.508905087547907087e+00
2.908748407113967094e+00 3.018433503207963220e+00 0.000000000000000000e+00 0.000000000000000000e+00 3.568732413698441519e+00 2.570547240945961320e+00 3.564475884949686257e+00 3.666475272045547129e+00 3.772161448509995907e+00 3.887812730199437627e+00 4.012174875484228131e+00 4.133028407681921479e+00 4.270148904224692288e+00 4.498180281613347375e+00 4.584644861092103341e+00 4.666227492314448888e+00 4.742952591095622061e+00 4.814934551282491704e+00 4.882342424117394941e+00 4.945360633555644370e+00 5.004250185088706004e+00
2.356587375832839726e+00 2.887100295047566600e+00 2.988601612454822920e+00 0.000000000000000000e+00 0.000000000000000000e+00 0.000000000000000000e+00 3.604627787521055726e+00 3.420282976064999314e+00 3.495330238800961720e+00 3.569271319532151487e+00 3.642486512490979766e+00 3.715413357261529548e+00 3.788609373708428762e+00 3.862734954302465162e+00 3.938993967119766015e+00 4.019264751741103758e+00 4.106972955583087170e+00 4.191402814423923040e+00 4.281265321060372386e+00 4.384252313720654826e+00 4.538484283779044226e+00
2.827034935084210332e+00 2.916403380250393695e+00 0.000000000000000000e+00 0.000000000000000000e+00 3.462196278831439766e+00 3.286208194981685704e+00 3.366263173080886517e+00 3.444688634594319065e+00 3.521807585006767383e+00 3.598018322216378628e+00 3.673718357501317033e+00 3.749505273609731848e+00 3.826086956521738802e+00 3.904724716907457704e+00 3.987405299124144875e+00 4.079713451990762074e+00 4.183296986654596594e+00 4.286682246221496406e+00 4.422210552499930891e+00 4.694452381924317130e+00 4.757767572711100179e+00
2.897590860170543348e+00 3.036199781945651655e+00 3.130173481170267280e+00 0.000000000000000000e+00 0.000000000000000000e+00 3.712966660361629145e+00 3.023348495884123022e+00 3.700083775481708859e+00 3.809233582203261026e+00 3.924014266594726408e+00 4.033029830749460309e+00 4.144648222982074692e+00 4.261724898784033932e+00 4.389333918577856153e+00 4.547928969618455497e+00 4.735563394781271640e+00 4.816094010155078209e+00 4.891525260249811602e+00 4.962026712243800652e+00 5.027720404391781805e+00 5.088885873252816161e+00
2.538661702172671397e+00 2.905689617002434666e+00 3.019514490158488940e+00 3.096550442806712766e+00 0.000000000000000000e+00 0.000000000000000000e+00 0.000000000000000000e+00 3.720186836049988344e+00 2.862175253192425828e+00 3.642561614273343018e+00 3.725860990235431380e+00 3.811160463714287072e+00 3.898475490900137341e+00 3.984425788322137230e+00 4.072363834648223602e+00 4.163765682379763078e+00 4.260524181910639641e+00 4.366418774214563925e+00 4.493760586262919965e+00 4.653167917775784979e+00 4.715401595035843663e+00
2.195965091238807343e+00 2.878849583620048058e+00 2.974769801243868805e+00 0.000000000000000000e+00 0.000000000000000000e+00 0.000000000000000000e+00 3.573205165033034536e+00 3.398859647905886128e+00 3.472776901866270194e+00 3.545877396074505583e+00 3.618599601954043621e+00 3.691450461431307506e+00 3.765060240963855165e+00 3.840353033180649689e+00 3.918603052385534635e+00 4.002484300600372080e+00 4.095117786692949124e+00 4.187662186096961392e+00 4.294074869273122985e+00 4.499713654585617562e+00 4.640274815081585125e+00
2.891967384250768269e+00 2.999086324863820430e+00 0.000000000000000000e+00 0.000000000000000000e+00 3.570594778691788651e+00 3.433223797145519285e+00 3.529851469387189855e+00 3.626982008800564206e+00 3.726373755287655687e+00 3.831522482826568154e+00 3.960808838857618586e+00 4.140129586056043642e+00 4.380471311335153217e+00 4.470088232664653383e+00 4.555034332721463741e+00 4.635404950339816033e+00 4.711280444089391395e+00 4.782727521180650143e+00 4.850024933226769086e+00 4.913300714475811404e+00 4.972819793185192516e+00
2.834898289380885839e+00 2.959205242020714000e+00 0.000000000000000000e+00 0.000000000000000000e+00 0.000000000000000000e+00 3.606127643048841591e+00 3.447450996946543889e+00 3.534915959105873640e+00 3.622470251317417400e+00 3.711212673104017146e+00 3.802859750532400440e+00 3.900930063852065199e+00 4.022107723140294411e+00 4.163367823309400251e+00 4.432412528043533584e+00 4.512228138254670284e+00 4.587689926939325424e+00 4.658810633050150862e+00 4.725703718923361052e+00 4.788485743993870614e+00 4.847409025739058741e+00
2.669832994920291025e+00 2.863588425515271041e+00 2.936980783754300717e+00 0.000000000000000000e+00 0.000000000000000000e+00 3.405568451925883533e+00 2.785709311233372620e+00 3.334560636901081843e+00 3.402872302008389305e+00 3.470005274408016760e+00 3.536264041048398088e+00 3.601931189260703547e+00 3.667439366155762048e+00 3.733148980297269048e+00 3.799602078036917963e+00 3.867483442336512756e+00 3.937796630075093951e+00 4.012452438602559290e+00 4.096198172679051730e+00 4.180974509763604630e+00 4.277632123637367556e+00
2.829439977916565319e+00 2.923488138990978591e+00 0.000000000000000000e+00 0.000000000000000000e+00 3.221356190956392584e+00 3.304760921202106516e+00 3.386176108799910711e+00 3.465892155299695965e+00 3.544226385723021622e+00 3.621548211860570188e+00 3.698199524712875608e+00 3.774776258716300958e+00 3.852188042808314616e+00 4.314329738058551911e+00 4.019348311180717559e+00 4.479237013658226907e+00 4.555808656036446358e+00 4.628414319070447647e+00 4.697168764508465877e+00 4.762163927288559861e+00 4.823494552896508303e+00
2.817834071840679577e+00 2.930392458170434367e+00 0.000000000000000000e+00 0.000000000000000000e+00 0.000000000000000000e+00 3.191607460035523314e+00 3.390252677607726639e+00 3.471474890822114467e+00 3.551853580059475934e+00 3.632027630821523356e+00 3.712706563084487765e+00 3.795014041551953987e+00 3.880718954248365993e+00 3.973609750416201791e+00 4.096255050890761140e+00 4.219263358118623408e+00 4.506380625294450937e+00 4.578659285312910221e+00 4.646743465083536861e+00 4.710674527027495451e+00 4.770699725344001330e+00
2.835447239934161701e+00 2.956559690828329146e+00 3.032893104303950871e+00 0.000000000000000000e+00 0.000000000000000000e+00 3.606802985323086297e+00 3.438668884257212177e+00 3.525045099841718432e+00 3.611165997806046413e+00 3.697889412175126012e+00 3.786496664440665239e+00 3.879056558029993607e+00 3.980782429649965426e+00 4.089129154104723440e+00 4.197546155804655399e+00 4.324636009802508063e+00 4.568675499439298626e+00 4.641721455145036757e+00 4.710379902379083106e+00 4.774656951277739481e+00 4.834821767748976207e+00
2.463556953917407810e+00 2.900692713045520232e+00 2.984784540204353132e+00 0.000000000000000000e+00 0.000000000000000000e+00 0.000000000000000000e+00 3.597520478193491300e+00 3.418709915626239493e+00 3.494743905166629361e+00 3.570228494623655546e+00 3.645693610406047114e+00 3.721779431901969470e+00 3.799339605697627853e+00 3.879594028196334587e+00 3.964917317801794461e+00 4.057213588227204681e+00 4.149038919345403365e+00 4.250622167680188745e+00 4.380110128483229559e+00 4.598079786978512828e+00 4.659896111727861445e+00
2.899691389987779644e+00 0.000000000000000000e+00 0.000000000000000000e+00 3.469644083909872556e+00 3.328825548736086493e+00 3.424821738028535290e+00 3.519765901060070590e+00 3.614499704584158479e+00 3.710218215797284280e+00 3.809075295030194930e+00 3.916412566089461755e+00 4.064536573940120689e+00 4.199279926753543890e+00 4.476399046871341270e+00 4.563463253749299398e+00 4.645919447955454196e+00 4.723730240773322819e+00 4.797017625613333003e+00 4.865977088199309186e+00 4.930726761345879616e+00 4.991507504592879840e+00
2.419377792958187889e+00 2.828574257145685333e+00 2.924977884313557208e+00 2.977262026753814794e+00 0.000000000000000000e+00 0.000000000000000000e+00 3.490377508281091945e+00 3.311007028992005274e+00 3.376952300548754504e+00 3.441464136502233373e+00 3.504745150051196578e+00 3.567067733128455043e+00 3.628624262935695732e+00 3.689728630901824680e+00 3.750781412794331526e+00 3.812296388715602724e+00 3.874896208137281306e+00 3.939347865149902539e+00 4.006963826788624949e+00 4.080559935817633210e+00 4.171938583592654126e+00
2.855292388904751455e+00 2.997685507933409710e+00 3.086592962568045273e+00 0.000000000000000000e+00 0.000000000000000000e+00 3.651403332607733088e+00 3.553363153714309330e+00 3.613896823245696055e+00 3.709769994260355919e+00 3.808442277863949066e+00 3.914216847613357864e+00 4.029449126497383737e+00 4.138758786240006593e+00 4.256516933385509738e+00 4.397779121543619496e+00 4.629181809388256852e+00 4.708097928436910884e+00 4.782237403928266239e+00 4.851847802317951874e+00 4.916897506925207217e+00 4.977772861458901410e+00
2.783596267197405716e+00 2.896591677126580944e+00 2.964045439505900159e+00 0.000000000000000000e+00 0.000000000000000000e+00 3.493864773457807882e+00 3.326426378561182506e+00 3.401218885788457769e+00 3.474659309654688499e+00 3.547011816417796393e+00 3.618686075569089500e+00 3.690113975784496958e+00 3.761886516423421423e+00 3.834880981729531069e+00 3.910376905451201868e+00 3.990779922248597789e+00 4.083073239261171494e+00 4.224903381307918870e+00 4.555871552033575078e+00 4.621263329240870910e+00 4.682711841063250446e+00
2.850052482673766541e+00 2.971932516397464585e+00 3.059507419305491638e+00 0.000000000000000000e+00 0.000000000000000000e+00 3.524073829346725084e+00 3.726708074534160975e+00 3.555444012213996086e+00 3.645317486519203509e+00 3.736300232480902928e+00 3.829950210647261155e+00 3.922702122388306289e+00 4.015063410311789482e+00 4.109448306564844167e+00 4.207157685649454137e+00 4.310020455493908109e+00 4.421599513624053124e+00 4.553639807091258263e+00 4.713758710206311875e+00 4.779984157766791419e+00 4.841643668859239469e+00
2.824360105913503727e+00 2.959893443836021820e+00 3.046015603907207048e+00 0.000000000000000000e+00 0.000000000000000000e+00 3.531073446327683385e+00 3.704376756084263977e+00 3.532418598530236320e+00 3.619378013302921193e+00 3.707097342780602212e+00 3.796716875371041855e+00 3.890509934695011829e+00 3.992593051511333258e+00 4.090844009299852146e+00 4.193736894572204221e+00 4.307709410260685878e+00 4.456022485775005038e+00 4.643983991914002907e+00 4.713340118721522920e+00 4.778287461773699896e+00 4.838932669708281509e+00
2.849082039664781352e+00 2.984287379934484452e+00 3.074536548553220339e+00 0.000000000000000000e+00 0.000000000000000000e+00 0.000000000000000000e+00 3.759886793226735247e+00 3.583297617458388373e+00 3.675858625090162146e+00 3.770144567907158351e+00 3.868311620131798634e+00 3.967738184007278512e+00 4.065292735528591272e+00 4.165914487661949828e+00 4.271973100350025199e+00 4.388100021254858873e+00 4.531130929087800574e+00 4.709663120567374683e+00 4.779918877948185596e+00 4.845556420021019939e+00 4.906737905231809194e+00
2.865750092612655120e+00 2.993478493282491382e+00 3.080736295974737970e+00 0.000000000000000000e+00 0.000000000000000000e+00 3.616309556098001643e+00 3.758273421351169041e+00 3.607053176287787544e+00 3.703957747444955206e+00 3.804411734189210303e+00 3.913265270469521884e+00 4.019431874094760992e+00 4.128222593762255421e+00 4.245470357030360908e+00 4.383982025673694771e+00 4.575294794562331013e+00 4.652276536790613370e+00 4.724441796931166060e+00 4.791960459480550050e+00 4.854974962200551580e+00 4.913703089490816467e+00
2.912459780317318891e+00 3.009813391569722274e+00 0.000000000000000000e+00 0.000000000000000000e+00 3.600559471548656187e+00 3.450679924789262110e+00 3.549505157222198726e+00 3.649006850493992538e+00 3.750807465496043935e+00 3.858343668182444564e+00 3.969829297340214502e+00 4.078077912024108187e+00 4.191316416905434217e+00 4.314861616223879537e+00 4.469043280965312448e+00 4.645062571725230960e+00 4.723245211724600878e+00 4.796557442201481614e+00 4.865146365530094386e+00 4.929143561306223553e+00 4.988826395675438619e+00
2.582338202553024598e+00 2.953378805991140332e+00 3.047935716264893014e+00 0.000000000000000000e+00 0.000000000000000000e+00 0.000000000000000000e+00 3.682601445247359440e+00 2.775958773453293116e+00 3.621144699549446067e+00 3.710029680237441951e+00 3.801361578601790026e+00 3.897622450305313624e+00 3.995783759205803420e+00 4.093551292197690650e+00 4.196708679619131743e+00 4.310315337196652052e+00 4.453671538298148214e+00 4.621857306952496636e+00 4.690593291072007176e+00 4.754849602039761258e+00 4.814735842957072798e+00
