2.864889037956285911e+00 2.947389104484943623e+00 3.022400910937576679e+00 3.090517029451222086e+00 3.152275943231012345e+00 3.208101152824174740e+00 3.258412944912022713e+00 3.303600925008259193e+00 3.344015605406158276e+00 3.380019857616663792e+00 3.411947386378670011e+00 3.440189842312931123e+00 3.465075503995231898e+00 3.486917223319955017e+00 3.506040908485320795e+00 3.522731982262008010e+00 3.537318712415988831e+00 3.550024014868335964e+00 3.561082843113756002e+00 3.570753428973513444e+00 3.579198540248437865e+00
2.835153132844211665e+00 2.912560765032627508e+00 2.982714131128436641e+00 3.046268667049758072e+00 3.103726541000227268e+00 3.155613837016051360e+00 3.202339099864248251e+00 3.244355167153319286e+00 3.281985391673533758e+00 3.315649867374005133e+00 3.345693813254523974e+00 3.372449155167073886e+00 3.396268263605866533e+00 3.417420475230676047e+00 3.436260798449559228e+00 3.453014340579965147e+00 3.467983575629785431e+00 3.481360794307278628e+00 3.493389958216316149e+00 3.504247147542821850e+00 3.514123261387516628e+00
2.806367648193751840e+00 2.878465567233232658e+00 2.943464457666673972e+00 3.002059552483680616e+00 3.054823424101846374e+00 3.102292939181269471e+00 3.144939791874872714e+00 3.183204000933739675e+00 3.217458208015667065e+00 3.248128795367886124e+00 3.275603721643377320e+00 3.300171196380811800e+00 3.322190153858931350e+00 3.341943479380904414e+00 3.359731221502279652e+00 3.375788563109663354e+00 3.390323049353416884e+00 3.403581401164163633e+00 3.415752894676305385e+00 3.426957821003138616e+00 3.437366275929316206e+00
2.788024363043664522e+00 2.857800051579805878e+00 2.920743537854922245e+00 2.977468182636513028e+00 3.028571821892444671e+00 3.074472099165700190e+00 3.115653040877367275e+00 3.152496777447738374e+00 3.185434776453266448e+00 3.214759941295687984e+00 3.240865242065051444e+00 3.264047557867396421e+00 3.284623072031084945e+00 3.302896227129163531e+00 3.319115279229400528e+00 3.333518528807155601e+00 3.346323575546740425e+00 3.357728256996409311e+00 3.367929067289847644e+00 3.377047334946811308e+00 3.385264226925545294e+00
2.796068727369318996e+00 2.866993026039463821e+00 2.930873260666285063e+00 2.988393912016122922e+00 3.040059695717661103e+00 3.086354804542552621e+00 3.127693291445410750e+00 3.164513421664533865e+00 3.197175365068773534e+00 3.226050010639101018e+00 3.251526803890522288e+00 3.273915254355352467e+00 3.293513836188855404e+00 3.310651846216699390e+00 3.325573661456601382e+00 3.338549817423056787e+00 3.349826576686602664e+00 3.359546941098229045e+00 3.367948358125175456e+00 3.375171395422423615e+00 3.381353245746891112e+00
2.785457128332973653e+00 2.855292388904751455e+00 2.918315633630384376e+00 2.975057944442522029e+00 3.026038001407459710e+00 3.071681885454190297e+00 3.112356053532523870e+00 3.148416346577671110e+00 3.180279440553509751e+00 3.208257776537871475e+00 3.232640035215142316e+00 3.253780751764822288e+00 3.272000724017181561e+00 3.287558645251874356e+00 3.300715842748395801e+00 3.311748250762758250e+00 3.320857057859015082e+00 3.328294665021009902e+00 3.334213195148719500e+00 3.338782040134942175e+00 3.342152903495334559e+00
2.762831626133624319e+00 2.829114416459787229e+00 2.888829389963783800e+00 2.942557082104348076e+00 2.990792631256631751e+00 3.033938742018672752e+00 3.072432598509870161e+00 3.106619169911357226e+00 3.136850323444121624e+00 3.163490567984099666e+00 3.186833420676174811e+00 3.207161731588450859e+00 3.224788330382995394e+00 3.239993933628379175e+00 3.252998415931205756e+00 3.264047557867396421e+00 3.273345219523066341e+00 3.281114741280611646e+00 3.287491096378280631e+00 3.292632734257099347e+00 3.296658012939382321e+00
2.786590071165223392e+00 2.855968626139774980e+00 2.918551564552106736e+00 2.974925626859328265e+00 3.025654737612406109e+00 3.071274509119590768e+00 3.112183853990165172e+00 3.148834931075501942e+00 3.181585536235492562e+00 3.210810659891390806e+00 3.236870015564524028e+00 3.260108069114290519e+00 3.280771190640727308e+00 3.299195821018626518e+00 3.315649867374005133e+00 3.330326788316102959e+00 3.343456576857708029e+00 3.355245138318268872e+00 3.365916319198774875e+00 3.375551164213532296e+00 3.384309495103327681e+00
2.801650171951279411e+00 2.873301423335412164e+00 2.937864172746412983e+00 2.995972855092456921e+00 3.048189098567350985e+00 3.094974449266491234e+00 3.136806591476250183e+00 3.174099349309633222e+00 3.207206453457159157e+00 3.236535667311678743e+00 3.262438916037316616e+00 3.285265931792287208e+00 3.305320158936670971e+00 3.322903109683493561e+00 3.338340844600233392e+00 3.351825376738331475e+00 3.363605785401950765e+00 3.373890306391412963e+00 3.382879866341725439e+00 3.390698414675496153e+00 3.397516346213849570e+00
2.761101042138649486e+00 2.826955016078306571e+00 2.886206046953644577e+00 2.939406239939532206e+00 2.987086062812168041e+00 3.029656202876795934e+00 3.067527433455569774e+00 3.101052979767351836e+00 3.130587228595479665e+00 3.156543514705985043e+00 3.179133580128295389e+00 3.198731633369724658e+00 3.215613902636803356e+00 3.230062951865189103e+00 3.242313602210411538e+00 3.252607389075481858e+00 3.261171246183735661e+00 3.268155647651099560e+00 3.273778427889806331e+00 3.278139690599410905e+00 3.281458363878823281e+00
2.735805379014268457e+00 2.797946307410360767e+00 2.853841549148719903e+00 2.903991217197294361e+00 2.948837666486459952e+00 2.988813298795935047e+00 3.024314078533699490e+00 3.055648330407964242e+00 3.083197275574770746e+00 3.107262708704478182e+00 3.128106383422426529e+00 3.146061131463408156e+00 3.161403388199718112e+00 3.174406006528234236e+00 3.185231849487177413e+00 3.194133903648256112e+00 3.201358489515550687e+00 3.207027573465332182e+00 3.211326207912428732e+00 3.214378052785677120e+00 3.216333379946860305e+00
2.877051653602980430e+00 2.961187295096414651e+00 3.037709015091890397e+00 3.107198342827549808e+00 3.170183732822428269e+00 3.227135402361988259e+00 3.278505559508363199e+00 3.324698352889024378e+00 3.366031929217156993e+00 3.402919566093031367e+00 3.435764938705953675e+00 3.464859396005709691e+00 3.490640292940008660e+00 3.513357786303525465e+00 3.533446495998891823e+00 3.551136363636363313e+00 3.566732872688616940e+00 3.580555477547810561e+00 3.592772998929076866e+00 3.603678524155041085e+00 3.613444794207369526e+00
2.771983562137475765e+00 2.839984206917093079e+00 2.901414093964367780e+00 2.956809461790277815e+00 3.006572507341630285e+00 3.051148341284810606e+00 3.090929526806788452e+00 3.126243392258284182e+00 3.157429431452206448e+00 3.184803533008718990e+00 3.208705357142857206e+00 3.229419322921319502e+00 3.247234556223042468e+00 3.262416270433485366e+00 3.275192853111084990e+00 3.285886070639559176e+00 3.294621530351700578e+00 3.301669406593708445e+00 3.307180804278225139e+00 3.311328265357165623e+00 3.314223660736321797e+00
2.800140007000349929e+00 2.870846899835451271e+00 2.934477313695624812e+00 2.991772625280478604e+00 3.043360977195542549e+00 3.089735757371477209e+00 3.131458633431452032e+00 3.168917057040506524e+00 3.202606643320128121e+00 3.232884627289673407e+00 3.260130682685237868e+00 3.284691937828469133e+00 3.306878306878306528e+00 3.327025846832047051e+00 3.345344047726908521e+00 3.362105638731457180e+00 3.377546353305421523e+00 3.391848488204673551e+00 3.405189787210385344e+00 3.417775165078540400e+00 3.429715333627309182e+00
2.853413038670880475e+00 2.934190303199664118e+00 3.007602940456456153e+00 3.074278767214214003e+00 3.134708890034411777e+00 3.189317911209389234e+00 3.238565108939817527e+00 3.282787715389289485e+00 3.322376559573039234e+00 3.357659231849795756e+00 3.388968906210285681e+00 3.416681774443220299e+00 3.441107896289221646e+00 3.462555920278111987e+00 3.481360794307278628e+00 3.497798444508455784e+00 3.512148521736686568e+00 3.524655309444003404e+00 3.535553106087390152e+00 3.545064019685531420e+00 3.553344585591187599e+00
2.715119643890623102e+00 2.772829048157108289e+00 2.824380048579336666e+00 2.870404727066516060e+00 2.911490683229813303e+00 2.948092513950794746e+00 2.980667253557737872e+00 3.009665927082093351e+00 3.035445727610137645e+00 3.058343231459682787e+00 3.078666937216184785e+00 3.096742227177009976e+00 3.112818444864202672e+00 3.127128184458867644e+00 3.139892685445550669e+00 3.151326708544297084e+00 3.161555485298766843e+00 3.170751881772312597e+00 3.179021285313627487e+00 3.186500322113619443e+00 3.193224809968414846e+00
2.858915982734936634e+00 2.939406239939532206e+00 3.012343603323385466e+00 3.078408462824719471e+00 3.138206619523828955e+00 3.192259126314146656e+00 3.241066379797811869e+00 3.285059270856631741e+00 3.324629269204928850e+00 3.360238096870864055e+00 3.392271160156736798e+00 3.421025623481920075e+00 3.446965966487049116e+00 3.470366540113966725e+00 3.491500592185884155e+00 3.510742873191966762e+00 3.528288572495952735e+00 3.544472707560151203e+00 3.559449654322677237e+00 3.573505609002430639e+00 3.586775833408057501e+00
2.854676098702166875e+00 2.935318167522801058e+00 3.008507780141049803e+00 3.074901812794386569e+00 3.134992789516584111e+00 3.189295307483503983e+00 3.238208099654131811e+00 3.282122905027932802e+00 3.321413932978106942e+00 3.356479053472906759e+00 3.387701232982094801e+00 3.415348156409005576e+00 3.439851735370099473e+00 3.461453256535223399e+00 3.480536838001893507e+00 3.497366688610928254e+00 3.512197863178820434e+00 3.525288762623643990e+00 3.536901674133459128e+00 3.547233853130607351e+00 3.556430984721024924e+00
2.827430210746992856e+00 2.902958252695604369e+00 2.971152185178787430e+00 3.032725869151663645e+00 3.088217747425899606e+00 3.138162849730815385e+00 3.183023872679044963e+00 3.223229676135487498e+00 3.259181182736048399e+00 3.291300680887828456e+00 3.319935861664629506e+00 3.345483945161942252e+00 3.368230029489197808e+00 3.388517765514570179e+00 3.406610214268829928e+00 3.422828899628965083e+00 3.437390389337074748e+00 3.450488934281987330e+00 3.462388078305369099e+00 3.473186996387885639e+00 3.483130719847014944e+00
2.815394577550043298e+00 2.888625859542328644e+00 2.954676634692026127e+00 3.014244055630327157e+00 3.067891034088452873e+00 3.116235587410407959e+00 3.159709581475858897e+00 3.198776120440874671e+00 3.233885616777673722e+00 3.265430897924018971e+00 3.293785039353868793e+00 3.319279363263345495e+00 3.342315807064819566e+00 3.363097893602564170e+00 3.381996505270277620e+00 3.399213324916233958e+00 3.415014914554932890e+00 3.429566982872741754e+00 3.443114824366009685e+00 3.455807138315225124e+00 3.467848094098996192e+00
2.893498584252478079e+00 2.980543290658422606e+00 3.059866646741952856e+00 3.132090705346826542e+00 3.197686543300846118e+00 3.257121412741009525e+00 3.310815094499115929e+00 3.359109356147855774e+00 3.402423358677915566e+00 3.441085180622561079e+00 3.475456327415789470e+00 3.505893406816858793e+00 3.532761164564327760e+00 3.556455308351514688e+00 3.577265426080368904e+00 3.595505617977528434e+00 3.611512390265584571e+00 3.625542976365564218e+00 3.637915474433149665e+00 3.648815538340631104e+00 3.658528167215445936e+00
2.755969500604193101e+00 2.819959674576653530e+00 2.877334325194921938e+00 2.928780627187655750e+00 2.974810961140666787e+00 3.015956514115377907e+00 3.052719760326001897e+00 3.085489085082361083e+00 3.114713481754149527e+00 3.140681597699625183e+00 3.163816938800775524e+00 3.184397865745785872e+00 3.202718132954576635e+00 3.219056816352808159e+00 3.233640873220636980e+00 3.246730330813587528e+00 3.258458125346644252e+00 3.269019433277226216e+00 3.278574169020961548e+00 3.287243440922071436e+00 3.295141725418585743e+00
2.748433745128577410e+00 2.812010095116241004e+00 2.869079025632771618e+00 2.920290319593723094e+00 2.966151384089012133e+00 3.007119179825726629e+00 3.043571492802644940e+00 3.075998126437504698e+00 3.104668731846311314e+00 3.129999304444599062e+00 3.152275943231012345e+00 3.171801307333756093e+00 3.188911093158722565e+00 3.203766515068149801e+00 3.216715733236365615e+00 3.227911129425500292e+00 3.237583522766411370e+00 3.245882668397804149e+00 3.252977858986870086e+00 3.259000388306428686e+00 3.264070226123673812e+00
2.804439427613912184e+00 2.876244326432684684e+00 2.940929333669439316e+00 2.999190915938955815e+00 3.051571559353066565e+00 3.098576032170105243e+00 3.140703517587939420e+00 3.178375988060361035e+00 3.211998910713412592e+00 3.241960627422848074e+00 3.268632946429192110e+00 3.292316556236881908e+00 3.313405899272460875e+00 3.332176327664005289e+00 3.348868361566153862e+00 3.363767419509851031e+00 3.377118614255662177e+00 3.389103685823171563e+00 3.399873718976152315e+00 3.409620697093472153e+00 3.418517200722772209e+00
2.809462268921727901e+00 2.881702594235189263e+00 2.946789402784014023e+00 3.005437745502327118e+00 3.058277976131206888e+00 3.105804403340465036e+00 3.148526489602865297e+00 3.186923697964617830e+00 3.221401309569662974e+00 3.252400412913443617e+00 3.280221659233824028e+00 3.305284323311894479e+00 3.327879308910396627e+00 3.348307709478500538e+00 3.366864555848724461e+00 3.383784622108802598e+00 3.399307651217160497e+00 3.413635033648688033e+00 3.426957821003138616e+00 3.439465408805030489e+00 3.451298723709731675e+00
2.880062939912052311e+00 2.964929124075224465e+00 3.042182627754384860e+00 3.112442160449851336e+00 3.176203332251582800e+00 3.233907868029036070e+00 3.286000936859841737e+00 3.332847293103089470e+00 3.374818345237029060e+00 3.412303792531929059e+00 3.445584378142337645e+00 3.475142307077474957e+00 3.501208260105447945e+00 3.524192545296239487e+00 3.544398807414047781e+00 3.562180602556548781e+00 3.577767332879681739e+00 3.591457855623394479e+00 3.603528686167300599e+00 3.614173118892395120e+00 3.623634300091616467e+00
2.740908748295496800e+00 2.802985179215864431e+00 2.858676781269391842e+00 2.908627543317773956e+00 2.953378805991140332e+00 2.993435822874125574e+00 3.029218186324456941e+00 3.061130055313907583e+00 3.089627278600117766e+00 3.114962897330822322e+00 3.137506449318812063e+00 3.157584518012265029e+00 3.175435932128508387e+00 3.191341751075343680e+00 3.205530236512383002e+00 3.218201025626674650e+00 3.229530275128493777e+00 3.239725932972138178e+00 3.248908790417130987e+00 3.257148401225241852e+00 3.264637034876048283e+00
2.876769037545344077e+00 2.960561096817396542e+00 3.036702693003161091e+00 3.105847275136657260e+00 3.168545981801524025e+00 3.225308858380894872e+00 3.276608501056183620e+00 3.322846336031672454e+00 3.364391010896506717e+00 3.401691126445718361e+00 3.435127614990896916e+00 3.465027477667897760e+00 3.491763545988578965e+00 3.515679932498945615e+00 3.537146978860345126e+00 3.556406661423246351e+00 3.573806103500227760e+00 3.589548890346183629e+00 3.603978237516026972e+00 3.617228929641484569e+00 3.629536047574841273e+00
2.786757329171775321e+00 2.857222500975636681e+00 2.921048239025204385e+00 2.978726352030036217e+00 3.030616110479732228e+00 3.077202822634225399e+00 3.118827320927330948e+00 3.155790876257933419e+00 3.188481786683482699e+00 3.217165677038528848e+00 3.242184266438563611e+00 3.263820892620293179e+00 3.282375042775631968e+00 3.298130372345176475e+00 3.311328265357165623e+00 3.322236141776427232e+00 3.331112591605596140e+00 3.338108683255211595e+00 3.343479865982182275e+00 3.347350362978304794e+00 3.349896711518061565e+00
2.795580187723209598e+00 2.867219084210224533e+00 2.931957640192950354e+00 2.990430622009569106e+00 3.043045258382206519e+00 3.090256561527710222e+00 3.132439543916802016e+00 3.169965268206626607e+00 3.203164169127067584e+00 3.232395480148277489e+00 3.257983793263598216e+00 3.280221659233824028e+00 3.299422601044816439e+00 3.315883788855807701e+00 3.329864724245577445e+00 3.341641024212973932e+00 3.351440421164346262e+00 3.359454808476795673e+00 3.365893198148071530e+00 3.370952223775045109e+00 3.374767984701052104e+00
2.895453448691875487e+00 2.983355650683743310e+00 3.063681833079213490e+00 3.136915923682320528e+00 3.203543397566699813e+00 3.263956887990721700e+00 3.318515240972601532e+00 3.367523046485849658e+00 3.411377291366430864e+00 3.450315457413249298e+00 3.484709096484625235e+00 3.514938488576449860e+00 3.541248602595526318e+00 3.564060561613696887e+00 3.583700486961653997e+00 3.600484680630084533e+00 3.614700709732581618e+00 3.626659367729573979e+00 3.636668811368785725e+00 3.644927942578365609e+00 3.651697005608455004e+00
2.805895185785334700e+00 2.878970873241018857e+00 2.945136317738135112e+00 3.004975680661932991e+00 3.058996927098541097e+00 3.107670421192930466e+00 3.151414985328412133e+00 3.190606853423521017e+00 3.225602872188991554e+00 3.256775509048171369e+00 3.284416491963661588e+00 3.308884354491810509e+00 3.330511649852208489e+00 3.349522693016245167e+00 3.366240047264758228e+00 3.380900728302365543e+00 3.393727836879432580e+00 3.405000486428641171e+00 3.414800721986438248e+00 3.423414787782517177e+00 3.430931909725319251e+00
2.773828924101105819e+00 2.841617920212913262e+00 2.902717496475271108e+00 2.957746478873239493e+00 3.007203300930134660e+00 3.051529232262986113e+00 3.091146674909724279e+00 3.126421100500227368e+00 3.157761778451432910e+00 3.185502424521289733e+00 3.209936847981577746e+00 3.231417629789545387e+00 3.250240235147814793e+00 3.266633768652826397e+00 3.280908602263128859e+00 3.293287867664715929e+00 3.303964757709250577e+00 3.313125616805300933e+00 3.320971937787125405e+00 3.327648600307807847e+00 3.333263890335617763e+00
2.860591514508780353e+00 2.941279456563605343e+00 3.014370837714686058e+00 3.080585311209129262e+00 3.140506249607436740e+00 3.194666296270574080e+00 3.243526748743995824e+00 3.287563915138882020e+00 3.327187279053969604e+00 3.362797847809377849e+00 3.394832925722440997e+00 3.423625756621292204e+00 3.449513900133052591e+00 3.472897507848748067e+00 3.494036159848729284e+00 3.513259039615508783e+00 3.530804538814619420e+00 3.546937810357058574e+00 3.561887800534282889e+00 3.575910980851347176e+00 3.589127703924572810e+00
2.825734863365380711e+00 2.900991289950541230e+00 2.968998135745356315e+00 3.030449126335291510e+00 3.085878598730580791e+00 3.135844796588200367e+00 3.180793538840254620e+00 3.221175729141136479e+00 3.257421255381826253e+00 3.289888143803110676e+00 3.318998086279826065e+00 3.345064287954283788e+00 3.368415263733166576e+00 3.389408444469038439e+00 3.408268877636191352e+00 3.425314443865946856e+00 3.440769608875780872e+00 3.454851994140570870e+00 3.467791155745436615e+00 3.479761705918378301e+00 3.490927012245624628e+00
2.747639847823023285e+00 2.811476446856066236e+00 2.868938492757679981e+00 2.920539943726180976e+00 2.966806267550728293e+00 3.008149987757529065e+00 3.044961626563138068e+00 3.077654827021809147e+00 3.106511939360887098e+00 3.131916315196057621e+00 3.154154020845452600e+00 3.173551894472500745e+00 3.190345736380344466e+00 3.204837911839089504e+00 3.217233179465659454e+00 3.227778121158428437e+00 3.236647109054348270e+00 3.244051397057786446e+00 3.250148376338919842e+00 3.255050522539493230e+00 3.258909998613229497e+00
2.802121205752754918e+00 2.874006364872632169e+00 2.938830345522481569e+00 2.997142259705861900e+00 3.049541182667516726e+00 3.096486519962016182e+00 3.138359823414953897e+00 3.175589382485934031e+00 3.208593450284239701e+00 3.237739644399743710e+00 3.263322339871550071e+00 3.285725271421879867e+00 3.305320158936670971e+00 3.322328121431092463e+00 3.337041156840934164e+00 3.349756444791826659e+00 3.360652926854360789e+00 3.370005546467462310e+00 3.377974200722042131e+00 3.384702526093293251e+00 3.390357258896156356e+00
2.802317516586216417e+00 2.874187691466466354e+00 2.939035996193247957e+00 2.997497438185328544e+00 3.050133096716947545e+00 3.097402999662727474e+00 3.139783145644074125e+00 3.177673390439347934e+00 3.211483146694964930e+00 3.241558154932686175e+00 3.268246550956830809e+00 3.291932707408905756e+00 3.312892084302530016e+00 3.331436265459946089e+00 3.347840642785403276e+00 3.362359415635657101e+00 3.375218861848073182e+00 3.386597368130045638e+00 3.396715583992457432e+00 3.405757815866660820e+00 3.413825295748742494e+00
2.824579490728317488e+00 2.900232018561484715e+00 2.968711165115572648e+00 3.030616110479732228e+00 3.086528006734242879e+00 3.136872189885330009e+00 3.182091741088413972e+00 3.222597413515293496e+00 3.258797018547408886e+00 3.291052451148440028e+00 3.319677920610255573e+00 3.345040976751965545e+00 3.367489296194737136e+00 3.387318725521329288e+00 3.404811206692885062e+00 3.420229976263603255e+00 3.433830094086944840e+00 3.445850914205344395e+00 3.456476053533900750e+00 3.465916180283096004e+00 3.474297149686618180e+00
2.781176994103904843e+00 2.850032671106229820e+00 2.912136676281340097e+00 2.968075927523727398e+00 3.018433503207963220e+00 3.063618830115372837e+00 3.104069089680005167e+00 3.140177524702729261e+00 3.172348158313965882e+00 3.200890682624730310e+00 3.226182876519565923e+00 3.248495805203242881e+00 3.268178373003455928e+00 3.285472618731387406e+00 3.300647752121353307e+00 3.313966606498194967e+00 3.325619743095874270e+00 3.335812026992279300e+00 3.344714654031077927e+00 3.352493766456902780e+00 3.359270558393034456e+00
2.860451811852037896e+00 2.941835705480219332e+00 3.015681544028950611e+00 3.082570864100659502e+00 3.143094621117405119e+00 3.197731001306898690e+00 3.246844913746858463e+00 3.290849381937350770e+00 3.330165051305355117e+00 3.365176603094588881e+00 3.396197644840898811e+00 3.423649199208452121e+00 3.447863380172674574e+00 3.469162613528346206e+00 3.487871099226513394e+00 3.504271707211090714e+00 3.518673115267591633e+00 3.531342394804079632e+00 3.542429272968485865e+00 3.552227998387835317e+00 3.560880584822269768e+00
2.738244855259185151e+00 2.800590924685107730e+00 2.856605377385439848e+00 2.906815790930734611e+00 2.951759811087371954e+00 2.991793936630954498e+00 3.027358875793801474e+00 3.058821855637835263e+00 3.086506355397176993e+00 3.110742430526752145e+00 3.131850923896022376e+00 3.150135455824599973e+00 3.165863730213351879e+00 3.179245882876581497e+00 3.190589149222466503e+00 3.200089045956060918e+00 3.207944544402136167e+00 3.214288209851094535e+00 3.219349691362344501e+00 3.223218143289190873e+00 3.226027867389662962e+00
2.861569815324055188e+00 2.943546974103794955e+00 3.018052163171340840e+00 3.085705469412943991e+00 3.146985188189713512e+00 3.202294513634116324e+00 3.252101493845751534e+00 3.296771224681827039e+00 3.336646808983921630e+00 3.372054613521250577e+00 3.403415918262451711e+00 3.431049626701800470e+00 3.455257865894532099e+00 3.476447071093342167e+00 3.494874184529356498e+00 3.510816826642886745e+00 3.524630950406369312e+00 3.536533780831986995e+00 3.546765141557655987e+00 3.555531244230808241e+00 3.563059297529155955e+00
2.774945021401763245e+00 2.842681827636413860e+00 2.903720910938731414e+00 2.958559040863335543e+00 3.007771241510040383e+00 3.051846714062770527e+00 3.091168391398121162e+00 3.126132334865611817e+00 3.157119304030588935e+00 3.184465469779421909e+00 3.208571069849196711e+00 3.229685621027314379e+00 3.248128795367886124e+00 3.264183572128039224e+00 3.278116826503923331e+00 3.290172665519676354e+00 3.300534273985601619e+00 3.309439648495261288e+00 3.317030481392869934e+00 3.323432274681677345e+00 3.328825548736086493e+00
2.838489923360771883e+00 2.917011036025086490e+00 2.988331607513916577e+00 3.053074932173164946e+00 3.111710403485115517e+00 3.164665818169309475e+00 3.212380234084750708e+00 3.255162262762358871e+00 3.293400848050718199e+00 3.327417923691215140e+00 3.357582540570788865e+00 3.384190191488761545e+00 3.407581521172207584e+00 3.428062116485550703e+00 3.445899379738111890e+00 3.461405330564208516e+00 3.474828343479831716e+00 3.486409973921653194e+00 3.496359672576200062e+00 3.504910379441597446e+00 3.512197863178820434e+00
2.828274257754774368e+00 2.904765198146483041e+00 2.974029117819966928e+00 3.036744609778317283e+00 3.093406825180331499e+00 3.144478296112026783e+00 3.190380647859963226e+00 3.231484282610488812e+00 3.268201098671858595e+00 3.300852032430870775e+00 3.329818524890393316e+00 3.355423202751446343e+00 3.378021746014990168e+00 3.397869743703539225e+00 3.415300546448087449e+00 3.430578807256360108e+00 3.443937615530050067e+00 3.455616067232465838e+00 3.465820082347884856e+00 3.474780046423061375e+00 3.482573203688741348e+00
2.849874188480947090e+00 2.930157600619518465e+00 3.003170789624393766e+00 3.069431945810574103e+00 3.129476890551761148e+00 3.183699458771091617e+00 3.232551101818481598e+00 3.276357248417589130e+00 3.315486141973348566e+00 3.350270813557429062e+00 3.381043615462639540e+00 3.408197758936085453e+00 3.431968096424574899e+00 3.452746695228163354e+00 3.470800158268487312e+00 3.486434284200176759e+00 3.499910786587793421e+00 3.511507209124300033e+00 3.521394195913801539e+00 3.529851469387189855e+00 3.537024322243722096e+00
2.854757095855606330e+00 2.935154060645873475e+00 3.008128943796958055e+00 3.074300247341428705e+00 3.134250391781298717e+00 3.188459194807771180e+00 3.237382817074094810e+00 3.281458363878823281e+00 3.321014958699292752e+00 3.356502524369606721e+00 3.388275156178307768e+00 3.416657950702506330e+00 3.442026440382696784e+00 3.464691330649351642e+00 3.484976267311619136e+00 3.503180338228627289e+00 3.519547289603532469e+00 3.534352520478454274e+00 3.547826086956521241e+00 3.560156373022230536e+00 3.571578637757888863e+00
2.873052139055723764e+00 2.956747015093489583e+00 3.032893104303950871e+00 3.102057698273187558e+00 3.164840003577645167e+00 3.221649484536082131e+00 3.272912125791243465e+00 3.319021524207671714e+00 3.360353317148774277e+00 3.397233681145352957e+00 3.430084585885887716e+00 3.459226101936474063e+00 3.485000557600089088e+00 3.507787287778868723e+00 3.527849257076451028e+00 3.545532281723823509e+00 3.561107230417333902e+00 3.574858232337746689e+00 3.587047997461473514e+00 3.597844061135673233e+00 3.607478580595927742e+00
2.827054915541734381e+00 2.903168702425207748e+00 2.972137934847971508e+00 3.034566470799194171e+00 3.090994668034197090e+00 3.141887646097775377e+00 3.187691261475688265e+00 3.228842494315176559e+00 3.265657786856769995e+00 3.298561002762544714e+00 3.327879308910396627e+00 3.353969562726218712e+00 3.377142374693946181e+00 3.397704815726519278e+00 3.415967206714815241e+00 3.432180120812740043e+00 3.446578040374199681e+00 3.459441507762986312e+00 3.470944721734361416e+00 3.481288076588337610e+00 3.490616401790481049e+00
