2.888544455403691202e+00 0.000000000000000000e+00 3.374934083318684941e+00 3.220003220003219813e+00 3.313315386208324664e+00 3.403865123581143237e+00 3.492034668920193319e+00 3.578162200844996477e+00 3.662598648293781345e+00 3.745708042867547771e+00 3.827986684074891510e+00 3.910095727522186149e+00 3.993252779785879003e+00 4.079854508239231237e+00 4.177366889231296732e+00 4.303194775088666546e+00 4.791267394383801559e+00 4.868415639270970985e+00 4.939864016521100964e+00 5.005794378424340607e+00 5.066411063946322457e+00
2.866602645874241961e+00 2.966315077848524773e+00 0.000000000000000000e+00 0.000000000000000000e+00 3.545630878968846655e+00 3.363698145847205279e+00 3.449489616332277908e+00 3.533495458419072310e+00 3.616083225546236957e+00 3.697683017867483546e+00 3.778899996564635710e+00 3.860391691885594501e+00 3.943299503974430742e+00 4.029696816539514614e+00 4.122184338494214728e+00 4.210351944009221192e+00 4.302132628603035691e+00 4.402437849959414784e+00 4.524111457655001445e+00 4.872357946747186475e+00 4.936172546653686766e+00
2.848495638241054007e+00 0.000000000000000000e+00 0.000000000000000000e+00 3.398364623717810673e+00 3.230836224697635650e+00 3.313818623660665263e+00 3.394480159609842840e+00 3.473042246085881413e+00 3.549801628732512260e+00 3.625032241873304972e+00 3.698934158971970199e+00 3.771799285415479819e+00 3.844110822220357715e+00 3.916303009958598480e+00 3.989434875914818157e+00 4.065544851917696434e+00 4.150238638721726048e+00 4.335170619929399116e+00 4.748468790860917998e+00 4.814868313351629681e+00 4.876775558425145540e+00
2.821153005233238531e+00 2.912096293317432139e+00 0.000000000000000000e+00 0.000000000000000000e+00 2.725766884029102499e+00 3.272707016126786161e+00 3.349779821763798626e+00 3.424774821055515339e+00 3.497942386831274675e+00 3.569528822195469964e+00 3.639809905776996590e+00 3.708994999725259145e+00 3.777498471830163407e+00 3.845678418876787408e+00 3.914167889844132109e+00 3.983844822375469885e+00 4.056097896328887842e+00 4.133597883597884604e+00 4.221535277055274982e+00 4.307051059395623049e+00 4.405832220401756594e+00
2.826065978301327331e+00 0.000000000000000000e+00 0.000000000000000000e+00 3.110140440119429250e+00 3.190367863285801242e+00 3.267587616538164319e+00 3.342083092540887979e+00 3.414110728668775074e+00 3.483835005574135391e+00 3.551433107712876680e+00 3.617064195933584969e+00 3.680862294080062380e+00 3.742904077686053821e+00 3.803306802387093732e+00 3.862148872045628956e+00 3.919465302417691088e+00 3.975366675268336980e+00 4.655461609557387526e+00 4.724344753923260143e+00 4.788682291452886375e+00 4.747194683141954918e+00
2.808219658941722319e+00 0.000000000000000000e+00 3.253596638893210713e+00 3.086744536812935813e+00 3.164600503584253932e+00 3.239502632957459216e+00 3.311760890863679752e+00 3.381572500224288014e+00 3.449101122013711773e+00 3.514592588427149611e+00 3.578118751447032952e+00 3.639825288386157709e+00 3.699821175309859989e+00 3.758216828611645965e+00 3.815073006624353891e+00 3.870503994913051304e+00 3.924511673700952219e+00 3.977179219924296572e+00 4.658459557035301124e+00 4.724053648817959861e+00 4.785212326706952624e+00
2.785913279519964814e+00 2.868015333389294597e+00 0.000000000000000000e+00 3.250795407386913638e+00 3.130042846808747115e+00 3.201893293425677189e+00 3.271112595871437989e+00 3.337969401947148196e+00 3.402588745069718534e+00 3.465195575638289061e+00 3.525898066978236489e+00 3.584808845340099914e+00 3.642060994213933700e+00 3.697769012695673485e+00 3.751980211778438434e+00 3.804753867013475066e+00 3.856165043863877706e+00 3.906250000000000000e+00 3.955021854905249601e+00 4.002511921274730433e+00 4.048721907702865330e+00
2.829174446896395079e+00 2.907540220973056311e+00 0.000000000000000000e+00 3.242992819087328726e+00 3.195753815799528663e+00 3.275809194569126337e+00 3.353618064822642797e+00 3.429472890016803888e+00 3.503608716978487525e+00 3.576337269641804983e+00 3.647901768199932171e+00 3.718649716969437247e+00 3.788995074306403144e+00 3.859513701273639352e+00 3.930871825993406343e+00 4.004280437709274665e+00 4.081858560141689019e+00 4.168751042187760270e+00 4.252945687791953588e+00 4.344228382292097734e+00 4.457611543156537515e+00
2.833096090327395178e+00 2.898170702254362574e+00 0.000000000000000000e+00 2.928196440149755997e+00 3.206401650599806086e+00 3.285794183445190253e+00 3.362569002718076572e+00 3.436993043526080260e+00 3.509230652785710003e+00 3.579499992981372447e+00 3.647945224699395084e+00 3.714710252600297302e+00 3.779897942755545248e+00 3.843627265992983322e+00 3.905950296782473519e+00 3.966955952869779978e+00 4.026687216656600121e+00 4.085193596632138657e+00 4.742235448553619115e+00 4.806569894392792364e+00 4.775418872455382768e+00
2.792399089677896740e+00 0.000000000000000000e+00 0.000000000000000000e+00 3.055873875750946489e+00 3.131131799774558466e+00 3.203654952432688052e+00 3.273664414571288983e+00 3.341431664241807820e+00 3.407083953329902659e+00 3.470824251343209266e+00 3.532834580216126508e+00 3.593145384190159941e+00 3.651967497489272407e+00 3.709354572304418340e+00 3.765343775886738076e+00 3.820100550503775505e+00 3.873636445385184590e+00 3.925971333521597106e+00 3.977141900236535577e+00 4.027190479166232961e+00 4.076105730037444808e+00
2.751089854827104109e+00 2.844403990698798790e+00 0.000000000000000000e+00 0.000000000000000000e+00 3.339130434782608514e+00 3.159446745769851184e+00 3.226485235322998690e+00 3.291436094711073235e+00 3.354487139991647826e+00 3.415776705797060497e+00 3.475432169990337883e+00 3.533666837576043385e+00 3.590537876654464000e+00 3.646205842343668735e+00 3.700759340990706914e+00 3.754301804150588673e+00 3.806913354652047943e+00 3.858715874481485564e+00 3.909768136786031523e+00 3.960179710224091654e+00 4.010094375496940700e+00
2.914703290144832870e+00 3.003044947900661565e+00 0.000000000000000000e+00 3.458843224472007982e+00 3.352423522838385406e+00 3.449274962402903100e+00 3.544528134692069177e+00 3.638785332262294059e+00 3.732890916632102929e+00 3.828110862090565725e+00 3.926972097829831032e+00 4.037390340372533970e+00 4.163717366865137492e+00 4.282418599510974921e+00 4.426737494466578049e+00 4.745529573590096639e+00 4.826620882720007444e+00 4.902394683625320049e+00 4.973056931283252879e+00 5.038743854775230346e+00 5.099751132144750621e+00
2.689941741524913610e+00 2.888361312865888042e+00 2.961391716367542948e+00 0.000000000000000000e+00 0.000000000000000000e+00 3.482417207237964885e+00 3.306087421392496228e+00 3.378164389924624533e+00 3.448513690599351200e+00 3.517336953845504599e+00 3.584896555052291323e+00 3.651369952669978325e+00 3.717139454681874344e+00 3.782486400242078606e+00 3.847871645995807999e+00 3.914055579589229339e+00 3.981865049703456005e+00 4.052838016994442683e+00 4.130126519542382191e+00 4.223060680535843936e+00 4.315505192527215428e+00
2.842800088750832010e+00 0.000000000000000000e+00 3.201403874884393819e+00 3.138316049348276238e+00 3.222845772817398036e+00 3.304647160068846734e+00 3.384001270727007959e+00 3.461189680116849576e+00 3.536411166738319345e+00 3.609907808508274751e+00 3.681885125184093610e+00 3.752475591536082788e+00 3.821951652311597947e+00 3.890519418469729374e+00 3.958503958503957865e+00 4.026379729260672669e+00 4.095231484694940249e+00 4.680971163840874638e+00 4.750691948609905069e+00 4.816027740319784201e+00 4.877043549938177236e+00
2.893314326845723095e+00 2.985838594096569931e+00 0.000000000000000000e+00 0.000000000000000000e+00 3.579499992981372447e+00 3.406041901266491312e+00 3.498044593072472619e+00 3.589072330363551888e+00 3.679840031105062526e+00 3.771213073538654648e+00 3.864654285970614112e+00 3.959543193753646939e+00 4.051390863083589089e+00 4.144390567367068456e+00 4.239820954446250845e+00 4.339500475278623703e+00 4.446605989022441641e+00 4.568981389925054870e+00 4.771850233059931945e+00 4.902299247393495207e+00 4.965952612567260616e+00
2.742538887794998548e+00 2.837979082017595633e+00 0.000000000000000000e+00 0.000000000000000000e+00 3.299808198648453761e+00 3.149994521748657572e+00 3.217165677038528848e+00 3.282420890164609695e+00 3.345950354461615373e+00 3.407960718036457948e+00 3.468560963427492982e+00 3.527946873270614514e+00 3.586256362156718946e+00 3.643713562864371092e+00 3.700480377174888869e+00 3.756881924616456203e+00 3.813195041459829682e+00 3.869995784468877709e+00 3.927892169023401880e+00 3.987659244023757932e+00 4.050420754914627608e+00
2.900091836241481147e+00 0.000000000000000000e+00 0.000000000000000000e+00 2.751769246509133460e+00 3.323639385126713641e+00 3.416205362745234453e+00 3.506655632390277333e+00 3.595356458850453851e+00 3.682806159319583994e+00 3.769550258385535813e+00 3.856401626700322272e+00 3.944745875318347750e+00 4.037928681825143862e+00 4.150845819894119160e+00 4.318210310771844362e+00 4.719368562165711545e+00 4.799879317320021599e+00 4.875134752844401120e+00 4.945224767334042149e+00 5.010398292346445182e+00 5.070924415815802000e+00
2.887079965073374055e+00 0.000000000000000000e+00 3.290510029054503516e+00 3.206826357324112475e+00 3.298651676127383414e+00 3.387701232982094801e+00 3.474297149686618180e+00 3.558816282953269017e+00 3.641535491229395571e+00 3.722798982903221088e+00 3.802991225462063252e+00 3.882675095023364165e+00 3.962641852330101688e+00 4.044517586678195720e+00 4.131946835617381630e+00 4.243523493378050127e+00 4.370181703961160125e+00 4.837369016310791636e+00 4.908979341378604921e+00 4.975158285001600511e+00 5.036137690726699923e+00
2.852570792458080984e+00 2.959903631044570105e+00 0.000000000000000000e+00 0.000000000000000000e+00 2.870676044208410715e+00 3.359650596337980133e+00 3.445590677609862151e+00 3.529802607901221023e+00 3.612691663713985424e+00 3.694657115293827676e+00 3.776253544528895389e+00 3.858349468249291370e+00 3.942563081009295978e+00 4.032588785302238854e+00 4.513098241943093392e+00 4.596817904262691101e+00 4.675949802303592584e+00 4.750495703899536792e+00 4.820571444312069964e+00 4.886273700147964583e+00 4.947841504143816849e+00
2.828975567938276647e+00 0.000000000000000000e+00 3.061849357011634964e+00 3.149385869755397582e+00 3.233462901172990289e+00 3.314482215731361148e+00 3.392657723243946322e+00 3.468272245498182027e+00 3.541519103370692534e+00 3.612541075286745507e+00 3.681527069643378169e+00 3.748568255180313002e+00 3.813803193886820431e+00 3.877310808003877618e+00 3.939157296770581684e+00 3.999448351951455205e+00 4.685462842242502646e+00 4.759347017589186990e+00 4.828125531263811610e+00 4.786881210123569375e+00 4.830784519405950661e+00
2.932346575438106395e+00 3.029176477067756945e+00 0.000000000000000000e+00 0.000000000000000000e+00 3.149760618193016892e+00 3.488039512511597273e+00 3.589078159078987529e+00 3.690268136275336008e+00 3.793338896897048507e+00 3.901998233832378649e+00 4.018707777585309948e+00 4.128080580132924560e+00 4.241884787627602904e+00 4.365450576863111998e+00 4.515394020228964855e+00 4.780832957696457441e+00 4.862614031723420105e+00 4.938982981087811197e+00 5.010087879649565146e+00 5.076142131979694661e+00 5.137373363746583266e+00
2.794584096021909492e+00 0.000000000000000000e+00 0.000000000000000000e+00 3.059656344962345287e+00 3.134905430352850964e+00 3.207340626547019014e+00 3.277202524143220330e+00 3.344714654031077927e+00 3.410047810262155643e+00 3.473404144465825460e+00 3.534866957311282754e+00 3.594610848812049841e+00 3.652737094247640925e+00 3.709328611521314656e+00 3.764493299201927101e+00 3.818251240931652468e+00 3.870744772766545605e+00 3.921973371865000946e+00 3.971987038779136725e+00 4.645036051026067092e+00 4.707055044855465553e+00
2.772809826838026570e+00 2.848860811782887748e+00 0.000000000000000000e+00 3.286667319338191007e+00 3.105547197416184790e+00 3.174340289279010463e+00 3.240440699935190683e+00 3.304032985262636224e+00 3.365315275097353620e+00 3.424422984727073516e+00 3.481554723077137314e+00 3.536729981068092332e+00 3.590168461750897322e+00 3.641890140983170543e+00 3.692055244085873600e+00 3.740674291176857569e+00 3.787904875377929859e+00 3.833767827020395202e+00 3.878358069408758269e+00 3.921757497781110935e+00 3.963995981328211737e+00
2.837998726361547153e+00 0.000000000000000000e+00 3.265249409476171039e+00 3.130202182604612471e+00 3.212716771079961564e+00 3.292226230812493881e+00 3.369063744061164822e+00 3.443431310432219394e+00 3.515506900940046364e+00 3.585514521333811100e+00 3.653584025406461322e+00 3.719853685755027062e+00 3.784427780503188288e+00 3.847418382265499481e+00 3.908840261054688625e+00 3.968861841830410686e+00 4.027442157597977079e+00 4.699865224453121826e+00 4.768552433343930197e+00 4.832785617630001695e+00 4.892667115161152047e+00
2.830162630808735535e+00 2.945301542776998183e+00 0.000000000000000000e+00 0.000000000000000000e+00 3.498182317031346411e+00 3.332777870354940664e+00 3.416181545647854367e+00 3.497775414836163943e+00 3.577892831586479971e+00 3.656887367869069649e+00 3.735163102122125878e+00 3.813274354689980772e+00 3.892159383926771188e+00 3.973582527198487035e+00 4.062018065653226984e+00 4.255728072704308751e+00 4.624183117651458730e+00 4.698608122463431513e+00 4.768652242629025650e+00 4.834503373938622062e+00 4.896227184941380983e+00
2.899473144513984302e+00 3.019366073560183494e+00 0.000000000000000000e+00 0.000000000000000000e+00 3.589324925398344579e+00 3.455735484183099171e+00 3.552175184922061302e+00 3.647919633524381311e+00 3.743916136278547135e+00 3.841642027563780815e+00 3.944309123117803129e+00 4.055150040551500190e+00 4.159166530300550058e+00 4.267474274701448245e+00 4.385514098742590683e+00 4.529824778141536612e+00 4.817707449804237818e+00 4.894425180783521512e+00 4.965859714463066510e+00 5.032157554785030129e+00 5.093507155000929210e+00
2.513966480446927054e+00 2.845917843210750142e+00 2.940661648870995570e+00 2.985252850916472411e+00 0.000000000000000000e+00 0.000000000000000000e+00 3.528312982116295959e+00 3.332361394593243542e+00 3.399284069151150334e+00 3.464667322643679270e+00 3.528679166954956870e+00 3.591557078130179548e+00 3.653534622410643529e+00 3.714863581954018557e+00 3.775864673010119077e+00 3.836956745164406879e+00 3.898608812223848030e+00 3.961478041117409976e+00 4.026479219272504295e+00 4.095255646333722410e+00 4.171968543357182924e+00
2.913166820417137703e+00 0.000000000000000000e+00 0.000000000000000000e+00 3.248633455274791526e+00 3.345553898267282111e+00 3.439854150184032289e+00 3.531953793733897840e+00 3.622279807183259592e+00 3.711340206185566704e+00 3.799680826810547529e+00 3.888240848747431588e+00 3.978613208995854134e+00 4.074670055318826201e+00 4.201941159046916674e+00 4.322825893040936229e+00 4.773334788063935186e+00 4.855198823810988884e+00 4.931202871055893056e+00 5.001610107363328339e+00 5.066549816508735482e+00 5.126417454426149156e+00
2.784914120210817856e+00 2.894096731737905159e+00 0.000000000000000000e+00 0.000000000000000000e+00 3.420545611928629270e+00 3.237828863522068890e+00 3.310116543686642210e+00 3.379972256061064773e+00 3.447586344800005698e+00 3.513170946765126867e+00 3.576808523809851259e+00 3.638660423732304583e+00 3.698858148789993638e+00 3.757472245943637379e+00 3.814570271319979611e+00 3.870209751546355381e+00 3.924484653199487472e+00 3.977336161661269909e+00 4.028812958885268358e+00 4.078895518054297398e+00 4.127541017438860038e+00
2.826495569468194802e+00 2.918794954654435170e+00 0.000000000000000000e+00 0.000000000000000000e+00 3.460471039317872144e+00 3.289128380979040145e+00 3.369689300892623418e+00 3.448632617167293635e+00 3.526336896546955479e+00 3.603179112647851845e+00 3.679584554076007485e+00 3.756155922205837161e+00 3.833673343647739706e+00 3.913383772501955793e+00 3.997601439136517776e+00 4.093015511835058184e+00 4.188783673357274751e+00 4.288728253726698192e+00 4.411480878987564580e+00 4.698533781075963311e+00 4.762487923691335112e+00
2.921210772312485826e+00 3.005563787849134361e+00 0.000000000000000000e+00 3.503180338228627289e+00 3.359109356147855774e+00 3.454499309100138138e+00 3.547628653709705926e+00 3.638984723262209453e+00 3.729024238657550949e+00 3.818357273276358210e+00 3.907964019306713332e+00 3.999586249698306784e+00 4.097800846878841163e+00 4.227362818611484663e+00 4.343898890582011951e+00 4.488940882008868982e+00 4.892603898922938122e+00 4.968791902911166680e+00 5.039052658100277249e+00 5.103637873075928866e+00 5.065994851853879766e+00
2.811101037999058416e+00 2.924539741641878798e+00 0.000000000000000000e+00 0.000000000000000000e+00 3.464595300622934193e+00 3.283865738799921719e+00 3.359885763884027821e+00 3.433429240456783216e+00 3.504689274248944386e+00 3.573858598909973150e+00 3.641110195108546499e+00 3.706601869774720726e+00 3.770454716838851361e+00 3.832886163280950331e+00 3.894001188695098925e+00 3.954104638095369939e+00 4.013424212019513604e+00 4.072560605223921826e+00 4.132743728561392160e+00 4.196593191887503238e+00 4.269266787858755130e+00
2.755657930995498717e+00 2.894535530423635539e+00 2.964760716231030546e+00 0.000000000000000000e+00 0.000000000000000000e+00 3.344687066982477752e+00 3.314642432947545903e+00 3.386784628144871689e+00 3.457034005926344022e+00 3.525678693148430742e+00 3.592872294118053755e+00 3.658805986635002672e+00 3.723778393810253107e+00 3.788064789937777288e+00 3.852053144325925604e+00 3.916330398416683511e+00 3.981711586780716683e+00 4.049430985128813276e+00 4.121665991365458304e+00 4.204576785221946444e+00 4.302602733177163685e+00
2.899331082900159728e+00 0.000000000000000000e+00 0.000000000000000000e+00 3.227933298535754059e+00 3.322351117140563304e+00 3.414086940769075262e+00 3.503510517538572788e+00 3.590961825313517597e+00 3.676827660843866141e+00 3.761506791229533686e+00 3.845508446134914049e+00 3.929679420889347963e+00 4.015591572796443742e+00 4.107788366743345243e+00 4.653104236377694214e+00 4.738392654804661319e+00 4.818248773067366209e+00 4.892800108728890152e+00 4.962239397461780221e+00 4.999897262385018415e+00 5.086711474942858580e+00
2.858636918249956249e+00 2.958742740759089163e+00 0.000000000000000000e+00 0.000000000000000000e+00 2.498001598721023342e+00 3.356220895271923688e+00 3.441653645743707024e+00 3.525264394829612069e+00 3.607528634758538466e+00 3.688804131460627023e+00 3.769601930036187820e+00 3.850729231848281309e+00 3.933475950590021419e+00 4.020351295523546753e+00 4.119248760734483206e+00 4.251788151226502777e+00 4.382364807523755346e+00 4.737449192573876644e+00 4.808550977509719715e+00 4.875000858274799675e+00 4.936951021331742240e+00
2.743310542753439663e+00 2.866190832383761489e+00 2.936426369108794621e+00 0.000000000000000000e+00 0.000000000000000000e+00 3.444058647398680950e+00 3.266111659323706284e+00 3.335325263699153275e+00 3.402872302008389305e+00 3.468921928443078340e+00 3.533740290875328149e+00 3.597520478193491300e+00 3.660473789626355057e+00 3.723008190618019242e+00 3.785402112942633845e+00 3.848136059096374684e+00 3.911718685662522343e+00 3.976961053208995622e+00 4.045081738548233830e+00 4.118700961716674769e+00 4.195900398954464983e+00
2.836251444067045657e+00 2.915845844208489801e+00 0.000000000000000000e+00 3.368208323684819927e+00 3.218450624173987862e+00 3.300920131486651421e+00 3.381210332415240494e+00 3.459561189258753888e+00 3.536264041048398088e+00 3.611537473173916268e+00 3.685674547983309957e+00 3.758961706431925176e+00 3.831758435000375496e+00 3.904644471845458042e+00 3.978788938966749456e+00 4.497865243957289927e+00 4.575252663206774706e+00 4.648523751905552892e+00 4.717755169018706951e+00 4.783096951295595645e+00 4.844659455045020380e+00
2.839571155497686572e+00 2.916011749393682351e+00 0.000000000000000000e+00 3.360998696755606918e+00 3.214782408151569904e+00 3.295794005862306086e+00 3.374353535840454832e+00 3.450750883392225798e+00 3.525191293468719067e+00 3.597868954542309261e+00 3.669064250160954277e+00 3.738938972207219713e+00 3.807730384996157902e+00 3.875781212150574362e+00 3.943463190884372693e+00 4.011564371775186544e+00 4.081688186233826343e+00 4.158148237984684137e+00 4.321195119107226645e+00 4.786390241234068199e+00 4.848832524056354565e+00
2.857224492128346505e+00 2.945611389697373461e+00 0.000000000000000000e+00 3.339349462921294531e+00 3.251425092700204633e+00 3.336182989636981233e+00 3.418564900408135099e+00 3.498878300780043915e+00 3.577340703122807941e+00 3.654315539804459334e+00 3.730028804111320540e+00 3.804885472947264091e+00 3.879405896696962674e+00 3.954374697456245702e+00 4.031211139807868271e+00 4.112960006692273573e+00 4.210003243772990622e+00 4.337438983249223945e+00 4.789108199637396091e+00 4.856524393628239622e+00 4.919043627067210878e+00
2.798337787354311157e+00 2.906051506303363841e+00 2.967932524399166105e+00 0.000000000000000000e+00 0.000000000000000000e+00 2.512054372021296889e+00 3.335348439682307653e+00 3.409549521967240704e+00 3.481991141814535062e+00 3.552917572312322747e+00 3.622594050743656702e+00 3.691272873929359655e+00 3.759346152239595895e+00 3.827178534399376275e+00 3.895438236801640031e+00 3.964863109683153031e+00 4.036782615835134536e+00 4.113590885955920484e+00 4.199106485210196027e+00 4.282566500659653386e+00 4.376914900268867648e+00
2.889379065391580959e+00 0.000000000000000000e+00 3.370384636548725332e+00 3.221265957521305623e+00 3.315535355349409130e+00 3.407226100742636543e+00 3.496772479001881262e+00 3.584575296761474128e+00 3.670995670995670590e+00 3.756521739130434856e+00 3.841882103116115665e+00 3.928244074898520566e+00 4.018095284280240875e+00 4.120369734510843429e+00 4.621613977968006992e+00 4.706684856753068580e+00 4.786580924434455042e+00 4.861348853132487768e+00 4.931135325420686222e+00 4.996201518023967836e+00 5.056767409480399600e+00
2.498386458745393224e+00 2.845542561682339766e+00 2.905488606333965329e+00 0.000000000000000000e+00 3.263636561432518235e+00 3.159210472095930200e+00 3.225286244154168536e+00 3.289082346025458570e+00 3.350793933011474657e+00 3.410569982807943212e+00 3.468512840434535338e+00 3.524850193866760684e+00 3.579575364098964929e+00 3.632874083213379457e+00 3.684752078756360572e+00 3.735343962923252548e+00 3.784693019343986276e+00 3.832833696083665309e+00 3.879835938366034132e+00 3.925755019112228794e+00 3.970658920398737468e+00
2.873583358447984626e+00 2.997216870049239645e+00 0.000000000000000000e+00 0.000000000000000000e+00 3.478442353514096030e+00 2.553643773595323019e+00 3.511332654016688704e+00 3.603129179110164948e+00 3.694641375800796546e+00 3.786895937502190890e+00 3.881718492229630613e+00 3.983172841749241577e+00 4.096122337520480272e+00 4.201420217785093669e+00 4.314861616223879537e+00 4.450835387565049928e+00 4.748109357904225725e+00 4.824425376477480043e+00 4.895775152906780114e+00 4.962300301873267649e+00 5.024191827773456076e+00
2.803456662064324867e+00 2.878182673340306419e+00 0.000000000000000000e+00 3.329541355678255599e+00 3.155807715263818203e+00 3.230129548812755491e+00 3.301828387469561310e+00 3.371149837290420503e+00 3.438245669529579107e+00 3.503324723855580469e+00 3.566480569539512757e+00 3.627875776057388535e+00 3.687597843103148421e+00 3.745785990760394757e+00 3.802465380281105922e+00 3.857732342263525016e+00 3.911625210424480859e+00 3.964197041457154569e+00 4.015435606705096916e+00 4.065404783396610711e+00 4.114182271988589434e+00
2.867814725179412605e+00 2.959435092017783209e+00 0.000000000000000000e+00 0.000000000000000000e+00 2.755539005771736605e+00 3.353172939894374593e+00 3.436969417846119867e+00 3.518673115267591633e+00 3.598640821043744165e+00 3.677133778289646937e+00 3.754588942040271604e+00 3.831443838559377646e+00 3.908392759188151544e+00 3.986348504769630541e+00 4.067030171849258302e+00 4.153163212505787349e+00 4.235552253522104849e+00 4.320750576100076401e+00 4.413336551391235041e+00 4.523770356966606343e+00 4.933128699846524690e+00
2.858020677779603336e+00 2.923068491148582915e+00 0.000000000000000000e+00 3.419471447413413578e+00 3.242161901148552960e+00 3.324185928084420372e+00 3.403463197449486000e+00 3.480173451844839505e+00 3.554551917367121838e+00 3.626802067277177688e+00 3.697034841130196980e+00 3.765446890083182563e+00 3.832125529483415338e+00 3.897249362423679475e+00 3.960855818019162200e+00 4.023129585685841114e+00 4.084160943168900104e+00 4.144078044538648697e+00 4.203099268936340671e+00 4.261637018503752650e+00 4.953867112514706683e+00
2.872878624381629997e+00 2.971460161702715652e+00 0.000000000000000000e+00 0.000000000000000000e+00 3.286920155814002431e+00 3.373284959968056995e+00 3.458742147243593745e+00 3.542158633143491997e+00 3.623758179095701415e+00 3.703962541058074542e+00 3.783136839498699722e+00 3.861802634301082282e+00 3.940709604269792887e+00 4.021271137673070761e+00 4.106175967039237484e+00 4.203649594795743738e+00 4.301956365871145493e+00 4.404861866284911720e+00 4.863475300493294462e+00 4.931473072102244615e+00 4.994034902755042360e+00
2.890295656097114030e+00 0.000000000000000000e+00 0.000000000000000000e+00 3.467863310699745405e+00 3.300965532418232318e+00 3.389877410963832105e+00 3.476326218452339134e+00 3.560570786886143591e+00 3.642937169644023143e+00 3.723727037016605568e+00 3.803333102828296397e+00 3.882202872830125884e+00 3.961084086170951757e+00 4.041248606465996929e+00 4.125469272129704379e+00 4.222857921264132841e+00 4.337200096382224146e+00 4.845986362984853635e+00 4.918671139013943261e+00 4.985562641517272020e+00 5.046922741161065318e+00
2.915512609592036064e+00 3.007623977058124343e+00 0.000000000000000000e+00 0.000000000000000000e+00 3.622940734158178966e+00 3.453939252962281437e+00 3.551977267345488798e+00 3.649916824010837058e+00 3.749036705846414463e+00 3.851523759087188914e+00 3.957124212046319034e+00 4.058413160454262147e+00 4.161609155540142879e+00 4.268708302637648444e+00 4.382961238186549480e+00 4.511956685215821494e+00 4.741876958601351610e+00 4.849929329601197381e+00 4.921966325547055376e+00 4.989051802987887640e+00 5.051378749610766050e+00
2.820854577894372994e+00 2.963569266375484013e+00 3.048569251021963744e+00 0.000000000000000000e+00 0.000000000000000000e+00 3.596176987233571154e+00 3.445709402651818021e+00 3.531220140417929976e+00 3.615856923322972705e+00 3.700150746882279851e+00 3.784881120324812276e+00 3.871092615890835198e+00 3.960612392619604183e+00 4.048328668448861301e+00 4.135706309709259010e+00 4.225505697617359502e+00 4.319654427645788886e+00 4.421752257511796458e+00 4.540826155158653954e+00 4.817651876475406603e+00 4.882315845149215683e+00
