2.904001991315650955e+00 2.993553417524122295e+00 0.000000000000000000e+00 0.000000000000000000e+00 3.595008469010335439e+00 3.431920983451276719e+00 3.528288572495952735e+00 3.624729016652841640e+00 3.722597545843099542e+00 3.824065189882218441e+00 3.934697822110240217e+00 4.040207025780699901e+00 4.148430856028706870e+00 4.264128364019009965e+00 4.397053973837528495e+00 4.623814716152985227e+00 4.702497856214212568e+00 4.776363822455732766e+00 4.845556420021019939e+00 4.910184541102336375e+00 4.970419102977418291e+00
2.844180529156318471e+00 2.970146573279732749e+00 3.053543530748473067e+00 0.000000000000000000e+00 0.000000000000000000e+00 3.581360074155220730e+00 2.780471111618091573e+00 3.554437578607753778e+00 3.644698015742291464e+00 3.736507057846664814e+00 3.831711242240784632e+00 3.933313091722101085e+00 4.031837614264363268e+00 4.133683318520967376e+00 4.242681374628765489e+00 4.366782431888427851e+00 4.578222692951587014e+00 4.651259658305969324e+00 4.719665736614888196e+00 4.783528025234843106e+00 4.843017061257246070e+00
2.839197545825340452e+00 2.934497816593886199e+00 0.000000000000000000e+00 0.000000000000000000e+00 3.485146306441944120e+00 3.320213877110584022e+00 3.404054298139580048e+00 3.486871927194113763e+00 3.569154110475817099e+00 3.651621526653391570e+00 3.735343962923252548e+00 3.821925567999563178e+00 3.914441493079826362e+00 4.025078284361548242e+00 4.196044711951848249e+00 4.451932823758252944e+00 4.526935264825712402e+00 4.597733178217890959e+00 4.664435054601327124e+00 4.727128235342475726e+00 4.785997538629835901e+00
2.800277227445516992e+00 2.914763973517286999e+00 2.986390591447545706e+00 0.000000000000000000e+00 0.000000000000000000e+00 3.525123555580622625e+00 3.359344927739090547e+00 3.438282823321380910e+00 3.516465331788845905e+00 3.594412071694695676e+00 3.672776411073766845e+00 3.752396416802548984e+00 3.834409291819461885e+00 3.920894239036972984e+00 4.015786194004015819e+00 4.109392015451313718e+00 4.210875102683225180e+00 4.333232453847634780e+00 4.556343327373268082e+00 4.621263329240870910e+00 4.681873575643241026e+00
2.811772893103424042e+00 2.920438900246150826e+00 0.000000000000000000e+00 0.000000000000000000e+00 3.461932589248622349e+00 3.293299886486258821e+00 3.373772704113248810e+00 3.452609482246681960e+00 3.530126096104152733e+00 3.606752951294962983e+00 3.682857341393926287e+00 3.759115855950680540e+00 3.836549058999148443e+00 3.916878248036315124e+00 4.004169859646942164e+00 4.442007509768945539e+00 4.518350665087526252e+00 4.590697577363687110e+00 4.659097916424005170e+00 4.723633226994537360e+00 4.784427372392486610e+00
2.821212698278355191e+00 2.896871378910776063e+00 0.000000000000000000e+00 3.307320437129245949e+00 3.186698995497055265e+00 3.266656472845049120e+00 3.344528212489025876e+00 3.420617246891775487e+00 3.495161599824556653e+00 3.568463021801937085e+00 3.640793693025079047e+00 3.712524516671336539e+00 3.784099900237366310e+00 3.856271261138425555e+00 3.930183104423561335e+00 4.007988335371878819e+00 4.095146210601569692e+00 4.248670577270982740e+00 4.618435708658209293e+00 4.685176508932390682e+00 4.747983802592398384e+00
2.754529081470494578e+00 2.881662086463919525e+00 2.954957997382750889e+00 0.000000000000000000e+00 0.000000000000000000e+00 3.462627857533639553e+00 3.297088740792704531e+00 3.369579715130115005e+00 3.440648808060948305e+00 3.510619624363700009e+00 3.579812610578346543e+00 3.648579807520204277e+00 3.717393896460059022e+00 3.786809509711445365e+00 3.857546324998278209e+00 3.930682076779322909e+00 4.008182220256522932e+00 4.095311550826228775e+00 4.184012886759690630e+00 4.281945384477256589e+00 4.420042128526537439e+00
2.814681378068002449e+00 2.913045589163470339e+00 0.000000000000000000e+00 0.000000000000000000e+00 3.372847752943015198e+00 3.217089177712006087e+00 3.357567202735389333e+00 3.436353818209869626e+00 3.514381399964166874e+00 3.592251789217717484e+00 3.670563466120005724e+00 3.750208344908050329e+00 3.832335329341317376e+00 3.919195808523219249e+00 4.016481423773415216e+00 4.114508874089055190e+00 4.221657796571459897e+00 4.365531401130945177e+00 4.556752278376138499e+00 4.621040216844036763e+00 4.681035610290017246e+00
2.812464844189447533e+00 2.927337764799120112e+00 0.000000000000000000e+00 0.000000000000000000e+00 3.444380149348322817e+00 3.305692120495994590e+00 3.387323116060750205e+00 3.467358289066726051e+00 3.546148604486225597e+00 3.624097460344009924e+00 3.701723357874388221e+00 3.779765654529419372e+00 3.859513701273639352e+00 3.943545039435450317e+00 4.039222240793358232e+00 4.467753132582292785e+00 4.543733434305186947e+00 4.615755571630325349e+00 4.683872544361024737e+00 4.748209246798349881e+00 4.808914353235368644e+00
2.791171524468107457e+00 2.875538286740261906e+00 0.000000000000000000e+00 0.000000000000000000e+00 2.435094001790510276e+00 3.219394753786288366e+00 3.292836023626097841e+00 3.364407373659493938e+00 3.434325395462568764e+00 3.502867543528280336e+00 3.570202540336422370e+00 3.636643378161956264e+00 3.702410059378274276e+00 3.767897513187640879e+00 3.833687659010907911e+00 3.900556342509904795e+00 3.969910813900163316e+00 4.044170568034601843e+00 4.129984374892448074e+00 4.306985520324869476e+00 4.644842837929648027e+00
2.750022916857639999e+00 2.848567379040102043e+00 2.907016985284956778e+00 0.000000000000000000e+00 0.000000000000000000e+00 2.352045934073536237e+00 3.236156822782544129e+00 3.303100785862728372e+00 3.368345798504179367e+00 3.432133002018094459e+00 3.494658654076758797e+00 3.556063786022577666e+00 3.616611374242771682e+00 3.676521594361741752e+00 3.736145128481879407e+00 3.795852168811898242e+00 3.856165043863877706e+00 3.917741181645725934e+00 3.981410929659451980e+00 4.048721907702865330e+00 4.123427943096694470e+00
2.900612581752383790e+00 3.017289772089367439e+00 0.000000000000000000e+00 0.000000000000000000e+00 3.562348076332038982e+00 3.039536211255180032e+00 3.559717687004976927e+00 3.660145162738341007e+00 3.763407137928872270e+00 3.874145612530093707e+00 4.003009158608884732e+00 4.122181458427799150e+00 4.254764306644980287e+00 4.512008885186727269e+00 4.599626537785588276e+00 4.682421638296700550e+00 4.760317989241682035e+00 4.833486393735801023e+00 4.902096163937142315e+00 4.966339256152741299e+00 5.026440453894458038e+00
2.364279902925448429e+00 2.883972848450743864e+00 2.969018635770459547e+00 0.000000000000000000e+00 0.000000000000000000e+00 3.398781667494575220e+00 2.769040704898361849e+00 3.387369949189450669e+00 3.459718986090517312e+00 3.530902318625856129e+00 3.601207789689465422e+00 3.671046525319830778e+00 3.740829771463010101e+00 3.811134054908047020e+00 3.882714294628680118e+00 3.956748644131391046e+00 4.035291703713835609e+00 4.121671750061824291e+00 4.206171349767281242e+00 4.298962107719707326e+00 4.415011037527594162e+00
2.842228584500841926e+00 2.921809526524329570e+00 0.000000000000000000e+00 0.000000000000000000e+00 3.226891679425476056e+00 3.311374925141790104e+00 3.394245022928471300e+00 3.475939546459407836e+00 3.557055873675693203e+00 3.638235798867341497e+00 3.720551484008648657e+00 3.805622634459567166e+00 3.896663225753524973e+00 4.005718508491431962e+00 4.367629625007799277e+00 4.445308810046397774e+00 4.518969401099615979e+00 4.588695372266473171e+00 4.654505629898353369e+00 4.716626450020848793e+00 4.775185643992609030e+00
2.886714074491304682e+00 2.989598976583792034e+00 0.000000000000000000e+00 0.000000000000000000e+00 3.502867543528280336e+00 3.459848458637511559e+00 3.501498641418526958e+00 3.595132743362832173e+00 3.689625885858290211e+00 3.786418461199537067e+00 3.887547571305807192e+00 3.985372981967934880e+00 4.084741068955967336e+00 4.187748433026918349e+00 4.296821716000544633e+00 4.417201261280852442e+00 4.576151318070251328e+00 4.711151774192446240e+00 4.780832957696457441e+00 4.845787918290461072e+00 4.906269803953636099e+00
2.737668208652435098e+00 2.828776243799115520e+00 0.000000000000000000e+00 0.000000000000000000e+00 3.233654645683840645e+00 3.138863312965598062e+00 3.205373878990167569e+00 3.270202195905985487e+00 3.333634286428635907e+00 3.395874013074114739e+00 3.457180351926849138e+00 3.517807139741371270e+00 3.578118751447032952e+00 3.638560503082478359e+00 3.699669085154050574e+00 3.762069974501525138e+00 3.826246660730186822e+00 3.893160551160300908e+00 3.965107057890562725e+00 4.050250566348596593e+00 4.440922072065917270e+00
2.892375416219876705e+00 2.997058700531106901e+00 0.000000000000000000e+00 0.000000000000000000e+00 3.571453100639427891e+00 3.429543459174714481e+00 3.525898066978236489e+00 3.622759288545810641e+00 3.721779431901969470e+00 3.826166806959449662e+00 3.949146083763467097e+00 4.100685497925735667e+00 4.355400696864111687e+00 4.457428132543339139e+00 4.542388745887762092e+00 4.622698137811600105e+00 4.698403924549159782e+00 4.769692014172798977e+00 4.836644050246600379e+00 4.899559039686427475e+00 4.958599093866959073e+00
2.890845889710703887e+00 2.990118700758655379e+00 0.000000000000000000e+00 0.000000000000000000e+00 3.556625583081405306e+00 3.412829508689064095e+00 3.507010582920170094e+00 3.601083094992417077e+00 3.696135794634326288e+00 3.793919892084056666e+00 3.898102239699094085e+00 4.009262779525109899e+00 4.116518402232687279e+00 4.231273203756278356e+00 4.364578715859105174e+00 4.590141472270750533e+00 4.668053353103911896e+00 4.741225297529065408e+00 4.809806508355320531e+00 4.873963424680103351e+00 4.933804785790641745e+00
2.836545779081512730e+00 2.959538875657087953e+00 0.000000000000000000e+00 0.000000000000000000e+00 3.436501495243736048e+00 3.284141092291352315e+00 3.449246797127973885e+00 3.536092409881645082e+00 3.622668334461145445e+00 3.709963312585020212e+00 3.799549580667891835e+00 3.894586524730624610e+00 4.007462170938989487e+00 4.375948692001585982e+00 4.460180877489124285e+00 4.540201419844808406e+00 4.615978174001707401e+00 4.687553855168372863e+00 4.755111745126010980e+00 4.818779471999448560e+00 4.878709852283506621e+00
2.857182678504230022e+00 2.938295788442703227e+00 0.000000000000000000e+00 0.000000000000000000e+00 3.253721010730356689e+00 3.341199072817257587e+00 3.427172582619339103e+00 3.512247206007347522e+00 3.597071560564811143e+00 3.682601445247359440e+00 3.770238851613173736e+00 3.862761598631478943e+00 3.968226818371521691e+00 4.332785430837053475e+00 4.415490900692212506e+00 4.494009140123203849e+00 4.568390888136718786e+00 4.638668494440520540e+00 4.705003217391905856e+00 4.767498099910177700e+00 4.826421208673767893e+00
2.922600972299445488e+00 3.036115979630421791e+00 0.000000000000000000e+00 0.000000000000000000e+00 3.594263003283221014e+00 2.539431731610281684e+00 3.597731312960298133e+00 3.703859001775056559e+00 3.815258258299920602e+00 3.937742222959109473e+00 4.052448296941431494e+00 4.172281006545692783e+00 4.304101877408246679e+00 4.490159642445133770e+00 4.641986770337704016e+00 4.725541896380508256e+00 4.804029894791744582e+00 4.877579621334945159e+00 4.946402677833339645e+00 5.010604635838864063e+00 5.070507461868413834e+00
2.783712498173188887e+00 2.874510106356873873e+00 0.000000000000000000e+00 0.000000000000000000e+00 3.378145467080317044e+00 3.219169454280795595e+00 3.292745669696449884e+00 3.364666792841671139e+00 3.435174816046388635e+00 3.504576564690359941e+00 3.573146430289286801e+00 3.641278088609101626e+00 3.709510344634507906e+00 3.778707681972765187e+00 3.850146786846248226e+00 3.925836134222271401e+00 4.010011200376110807e+00 4.434015034721748627e+00 4.500294250008654906e+00 4.562863819255285058e+00 4.621825893099885008e+00
2.355859507625362781e+00 2.862049227246708405e+00 2.938151902453356890e+00 0.000000000000000000e+00 0.000000000000000000e+00 3.418183340192952890e+00 3.269860926553357139e+00 3.339920398563834159e+00 3.408529671598600430e+00 3.475987875754288581e+00 3.542552304742851987e+00 3.608555051283118598e+00 3.674431503050471726e+00 3.740674291176857569e+00 3.807941288468861263e+00 3.877069212608782678e+00 3.949364983682886354e+00 4.027771140678440887e+00 4.123881397171016872e+00 4.499640028797696090e+00 4.562136986674475203e+00
2.828994363228730879e+00 2.930975526354354432e+00 0.000000000000000000e+00 0.000000000000000000e+00 3.480876066888513698e+00 3.314642432947545903e+00 3.397422119298050713e+00 3.478817480362075276e+00 3.559265255987940524e+00 3.639260062897400338e+00 3.719637580972298796e+00 3.801571777131126595e+00 3.887229428372682705e+00 3.981976317719793990e+00 4.386836747983083207e+00 4.467968105581523020e+00 4.543107898812596801e+00 4.614261511549427652e+00 4.681486785126641514e+00 4.744909537268168442e+00 4.804755334994405658e+00
2.814562546616191874e+00 2.939611971219798559e+00 3.009813391569722274e+00 0.000000000000000000e+00 0.000000000000000000e+00 3.201606624415160862e+00 3.414039365964117501e+00 3.497630526770589388e+00 3.580731452162130068e+00 3.664216808889953825e+00 3.749297006811223465e+00 3.838087535810727591e+00 3.935675866021307368e+00 4.317670924941060306e+00 4.399925751252947492e+00 4.478128413724784984e+00 4.552289249699962959e+00 4.622422829330631977e+00 4.688620442385127873e+00 4.751141970909436907e+00 4.810103966961456479e+00
2.893763586572937196e+00 3.020744789215238590e+00 3.113325031133249876e+00 0.000000000000000000e+00 0.000000000000000000e+00 3.667439366155762048e+00 3.815231792673367650e+00 3.666957255732215426e+00 3.771411330691059494e+00 3.883656740224973980e+00 3.996857642956570977e+00 4.108463434675432069e+00 4.226630543988137312e+00 4.359435453108821967e+00 4.591619950931344896e+00 4.674953250467495991e+00 4.753310094928424157e+00 4.826746976484904472e+00 4.895505098909888275e+00 4.959677145400068987e+00 5.019493512476534747e+00
2.887967489737401028e+00 2.828134279815605723e+00 2.932489893383045665e+00 2.997873601282811329e+00 0.000000000000000000e+00 0.000000000000000000e+00 0.000000000000000000e+00 3.582693483010305435e+00 3.397724940008918892e+00 3.465603881476347237e+00 3.533054845480806616e+00 3.600509610591037468e+00 3.668403967413498279e+00 3.737386321166064729e+00 3.808125848173483874e+00 3.881960667419951161e+00 3.961359371742303015e+00 4.054469703324664387e+00 4.157773650802449872e+00 4.302837823993443500e+00 4.508905087547907087e+00
2.908728262450395174e+00 3.018433503207963220e+00 0.000000000000000000e+00 0.000000000000000000e+00 3.568732413698441519e+00 2.634145646896335347e+00 3.564464386807288498e+00 3.666500636449167239e+00 3.772161448509995907e+00 3.887808941960566589e+00 4.012147121284440843e+00 4.133028407681921479e+00 4.270148904224692288e+00 4.498176508446190880e+00 4.584644861092103341e+00 4.666227492314448888e+00 4.742952591095622061e+00 4.814930353049681422e+00 4.882342424117394941e+00 4.945360633555644370e+00 5.004250185088706004e+00
2.284784052207315508e+00 2.889867841409691440e+00 2.988580841111751596e+00 0.000000000000000000e+00 0.000000000000000000e+00 0.000000000000000000e+00 3.604627787521055726e+00 3.420276768796131073e+00 3.495305325200465774e+00 3.569279005640860536e+00 3.642527914372574838e+00 3.715425897894592211e+00 3.788609373708428762e+00 3.862734954302465162e+00 3.938993967119766015e+00 4.019292604501607080e+00 4.106976290913141092e+00 4.191431614388291926e+00 4.281235757985884405e+00 4.384255650818395189e+00 4.538484283779044226e+00
2.827034935084210332e+00 2.916403380250393695e+00 0.000000000000000000e+00 0.000000000000000000e+00 3.461668939829270375e+00 3.286184739517420628e+00 3.366263173080886517e+00 3.444663934368606739e+00 3.521821204181106335e+00 3.598018322216378628e+00 3.673718357501317033e+00 3.749505273609731848e+00 3.826103591754746791e+00 3.904724716907457704e+00 3.987405299124144875e+00 4.079685241911505500e+00 4.183312765378904174e+00 4.286705768681192019e+00 4.422210552499930891e+00 4.694446745643830354e+00 4.757767572711100179e+00
2.899251026818071786e+00 3.036199781945651655e+00 3.130173481170267280e+00 0.000000000000000000e+00 0.000000000000000000e+00 3.708154506437768561e+00 3.096529134898571289e+00 3.700074686692749637e+00 3.809233582203261026e+00 3.924025361595494310e+00 4.033043139654549414e+00 4.144676853361333180e+00 4.261724898784033932e+00 4.389333918577856153e+00 4.547960308710032429e+00 4.735563394781271640e+00 4.816127145756648353e+00 4.891536961676166584e+00 4.962003289876153467e+00 5.027755967877460819e+00 5.088883540212495227e+00
2.552992319748104588e+00 2.906393373423108439e+00 3.019514490158488940e+00 3.096550442806712766e+00 0.000000000000000000e+00 0.000000000000000000e+00 0.000000000000000000e+00 3.714371815626992479e+00 2.853254905403625141e+00 3.642578945893693021e+00 3.725859535095526809e+00 3.811160463714287072e+00 3.898445494858925109e+00 3.984446917549427258e+00 4.072391943566310957e+00 4.163746261302835983e+00 4.260520342238519831e+00 4.366395131469428037e+00 4.493739403966745982e+00 4.653167917775784979e+00 4.715378374442648735e+00
2.143459682214816198e+00 2.881459564688766850e+00 2.974769801243868805e+00 0.000000000000000000e+00 0.000000000000000000e+00 0.000000000000000000e+00 3.585867463526102750e+00 3.398859647905886128e+00 3.472776901866270194e+00 3.545877396074505583e+00 3.618599601954043621e+00 3.691449509173934995e+00 3.765086492403589613e+00 3.840351117816485971e+00 3.918576113184977228e+00 4.002484300600372080e+00 4.095115891779737005e+00 4.187692372118344331e+00 4.294039464267456196e+00 4.500418885142386749e+00 4.640244568184299645e+00
2.889379065391580959e+00 2.999086324863820430e+00 0.000000000000000000e+00 0.000000000000000000e+00 3.570594778691788651e+00 3.433240635836166010e+00 3.529875900637454045e+00 3.626979144869916016e+00 3.726358714757786572e+00 3.831522482826568154e+00 3.960855818019162200e+00 4.140129586056043642e+00 4.380501293616788416e+00 4.470057491816356254e+00 4.555022602574277713e+00 4.635427116556776639e+00 4.711280444089391395e+00 4.782765408822468700e+00 4.850030139473009427e+00 4.913290797613939276e+00 4.972856491649745081e+00
2.838372020574735366e+00 2.959205242020714000e+00 0.000000000000000000e+00 0.000000000000000000e+00 0.000000000000000000e+00 3.609030905797352862e+00 3.447467490381565636e+00 3.534915959105873640e+00 3.622481678602279320e+00 3.711224704152369824e+00 3.802859750532400440e+00 3.900930063852065199e+00 4.022107723140294411e+00 4.163341775665267086e+00 4.432409222181438402e+00 4.512234308021521478e+00 4.587689926939325424e+00 4.658827783301926040e+00 4.725703718923361052e+00 4.788474350433044258e+00 4.847410444092044024e+00
2.669757965363403152e+00 2.863748437161675486e+00 2.937001321650594576e+00 0.000000000000000000e+00 0.000000000000000000e+00 3.396174105905184426e+00 2.792087224804902679e+00 3.334560636901081843e+00 3.402872302008389305e+00 3.470005274408016760e+00 3.536264041048398088e+00 3.601931189260703547e+00 3.667413988762489474e+00 3.733148980297269048e+00 3.799602078036917963e+00 3.867483442336512756e+00 3.937796630075093951e+00 4.012452438602559290e+00 4.096206230329675790e+00 4.180951584580649971e+00 4.277632123637367556e+00
2.829054388570620304e+00 2.923476227146972306e+00 0.000000000000000000e+00 0.000000000000000000e+00 3.221340351742950414e+00 3.304760921202106516e+00 3.386171721233412590e+00 3.465892155299695965e+00 3.544226385723021622e+00 3.621548211860570188e+00 3.698199524712875608e+00 3.774771940861906039e+00 3.852186115620614526e+00 4.314304005344169468e+00 4.019348311180717559e+00 4.479267880892821907e+00 4.555777678049311774e+00 4.628414319070447647e+00 4.697170645446507642e+00 4.762167683515998284e+00 4.823494552896508303e+00
2.817853922452659976e+00 2.930402930402930206e+00 0.000000000000000000e+00 0.000000000000000000e+00 0.000000000000000000e+00 3.122679675518885034e+00 3.390285419653766841e+00 3.471450788713618785e+00 3.551828843635958410e+00 3.632020451069001510e+00 3.712692595928413386e+00 3.795013071711691666e+00 3.880696307794656352e+00 3.973636974006933276e+00 4.096262160778289640e+00 4.219263358118623408e+00 4.506347016451632825e+00 4.578660707573924071e+00 4.646744886872261837e+00 4.710701484895033708e+00 4.770695484433012723e+00
2.833683512108813307e+00 2.956559690828329146e+00 3.032893104303950871e+00 0.000000000000000000e+00 0.000000000000000000e+00 3.606828002857717319e+00 3.438694946493906723e+00 3.525045099841718432e+00 3.611161266128696479e+00 3.697920946667762276e+00 3.786497629932964681e+00 3.879056558029993607e+00 3.980755108063774639e+00 4.089129154104723440e+00 4.197546155804655399e+00 4.324636009802508063e+00 4.568638682050022659e+00 4.641733277814562797e+00 4.710347746542330682e+00 4.774669695171444239e+00 4.834832585409700734e+00
2.471492026005588372e+00 2.900692713045520232e+00 2.984798845877779438e+00 0.000000000000000000e+00 0.000000000000000000e+00 0.000000000000000000e+00 3.597694707929457447e+00 3.418708007451388475e+00 3.494730494607150462e+00 3.570202540336422370e+00 3.645694574926034548e+00 3.721776527996030648e+00 3.799339605697627853e+00 3.879594028196334587e+00 3.964913989190392396e+00 4.057213588227204681e+00 4.149033275246868158e+00 4.250622167680188745e+00 4.380111555966191617e+00 4.598048231467120495e+00 4.659897064960355273e+00
2.899691389987779644e+00 0.000000000000000000e+00 0.000000000000000000e+00 3.469668160937088075e+00 3.328825548736086493e+00 3.424825089290083113e+00 3.519765901060070590e+00 3.614499704584158479e+00 3.710237455197132217e+00 3.809075295030194930e+00 3.916395267345508024e+00 4.064536573940120689e+00 4.199279926753543890e+00 4.476399046871341270e+00 4.563442061313589981e+00 4.645887706161267339e+00 4.723730240773322819e+00 4.797017625613333003e+00 4.865979946679826362e+00 4.930730090465201165e+00 4.991521251572670792e+00
2.494456762749445389e+00 2.828554255206307655e+00 2.924977884313557208e+00 2.976952846451541568e+00 0.000000000000000000e+00 0.000000000000000000e+00 3.503180338228627289e+00 3.311025008805917658e+00 3.376958118827575461e+00 3.441470420912903005e+00 3.504769234998212912e+00 3.567067733128455043e+00 3.628620918657273542e+00 3.689728630901824680e+00 3.750781412794331526e+00 3.812296388715602724e+00 3.874896208137281306e+00 3.939375090709294369e+00 4.006963826788624949e+00 4.080559935817633210e+00 4.171939534689676599e+00
2.854736721905822172e+00 2.997664610129318064e+00 3.086592962568045273e+00 0.000000000000000000e+00 0.000000000000000000e+00 3.651403332607733088e+00 3.624678484047929583e+00 3.613896823245696055e+00 3.709759415231997703e+00 3.808442277863949066e+00 3.914222607431431022e+00 4.029456718076976252e+00 4.138758786240006593e+00 4.256516933385509738e+00 4.397779121543619496e+00 4.629181809388256852e+00 4.708097928436910884e+00 4.782270075286594313e+00 4.851814647013400261e+00 4.916924463747925245e+00 4.977736561815987670e+00
2.784972289525719180e+00 2.896564392039393088e+00 2.964045439505900159e+00 0.000000000000000000e+00 0.000000000000000000e+00 3.498998325969428169e+00 3.326426378561182506e+00 3.401242494707249708e+00 3.474659309654688499e+00 3.547036485790989069e+00 3.618675147356627431e+00 3.690112548432726847e+00 3.761892710819887409e+00 3.834880981729531069e+00 3.910396067258812280e+00 3.990779922248597789e+00 4.083073239261171494e+00 4.224874119529307137e+00 4.555870613274582759e+00 4.621260516765660853e+00 4.682711841063250446e+00
2.850726239892089175e+00 2.971932516397464585e+00 3.059507419305491638e+00 0.000000000000000000e+00 0.000000000000000000e+00 3.528114663726571454e+00 3.726605200684591335e+00 3.555434002256332882e+00 3.645311218445274726e+00 3.736326084399454128e+00 3.829950210647261155e+00 3.922675126798752743e+00 4.015063410311789482e+00 4.109436380352715190e+00 4.207157685649454137e+00 4.310015224086034102e+00 4.421618312302301845e+00 4.553639807091258263e+00 4.713744029835226890e+00 4.779982265573043065e+00 4.841657347044542981e+00
2.823881566407104859e+00 2.959851725523082955e+00 3.045994517209869024e+00 0.000000000000000000e+00 0.000000000000000000e+00 3.537367782209120737e+00 3.686494908463635589e+00 3.532443065329417209e+00 3.619380389918632979e+00 3.707097342780602212e+00 3.796743084750207942e+00 3.890492864017035757e+00 3.992620535837211104e+00 4.090830299878660981e+00 4.193765726621474066e+00 4.307709410260685878e+00 4.456048738033071999e+00 4.643983991914002907e+00 4.713372315427072579e+00 4.778287461773699896e+00 4.838885556948911315e+00
2.844496246652513882e+00 2.984266668517374654e+00 3.074536548553220339e+00 0.000000000000000000e+00 0.000000000000000000e+00 0.000000000000000000e+00 3.747513014090648298e+00 3.583290839179150478e+00 3.675884119487040635e+00 3.770159882706136667e+00 3.868284899182825143e+00 3.967738184007278512e+00 4.065320746916556871e+00 4.165898365738558873e+00 4.271973100350025199e+00 4.388100021254858873e+00 4.531130929087800574e+00 4.709640429191580324e+00 4.779916039735650379e+00 4.845564923647740940e+00 4.906737434260085351e+00
2.867132867132867080e+00 2.993470058337858397e+00 3.080736295974737970e+00 0.000000000000000000e+00 0.000000000000000000e+00 3.616309556098001643e+00 3.761755485893416573e+00 3.607053176287787544e+00 3.703932341502561343e+00 3.804411734189210303e+00 3.913249438757646192e+00 4.019431874094760992e+00 4.128183599216344923e+00 4.245470357030360908e+00 4.383981072335687124e+00 4.575283906609577400e+00 4.652228556350985755e+00 4.724409448818897239e+00 4.791960459480550050e+00 4.854966425513874029e+00 4.913736623716968843e+00
2.912439584214577160e+00 3.009813391569722274e+00 0.000000000000000000e+00 0.000000000000000000e+00 3.600534540897225355e+00 3.450655624568668145e+00 3.549505157222198726e+00 3.648994772113259177e+00 3.750833518559680169e+00 3.858322401419862491e+00 3.969856469154898981e+00 4.078077912024108187e+00 4.191345215682501291e+00 4.314844456816757656e+00 4.469012554487576061e+00 4.645100458963656642e+00 4.723271838186263949e+00 4.796590309517120509e+00 4.865146365530094386e+00 4.929177306615367016e+00 4.988792302225136588e+00
2.577301136160250916e+00 2.953378805991140332e+00 3.047916075985256601e+00 0.000000000000000000e+00 0.000000000000000000e+00 0.000000000000000000e+00 3.688373427318552888e+00 2.766879740055195214e+00 3.621158497424195044e+00 3.710029680237441951e+00 3.801361578601790026e+00 3.897631492862462022e+00 3.995783759205803420e+00 4.093526677305209915e+00 4.196708679619131743e+00 4.310315337196652052e+00 4.453692041113144207e+00 4.621837145774122746e+00 4.690593291072007176e+00 4.754882368344887311e+00 4.814735842957072798e+00
