2.864889037956285911e+00 2.947389104484943623e+00 3.022393185877180866e+00 3.090517029451222086e+00 3.152275943231012345e+00 3.208101152824174740e+00 3.258435534972719427e+00 3.303600925008259193e+00 3.344015605406158276e+00 3.380009657170449433e+00 3.411947386378670011e+00 3.440209164717214829e+00 3.465075503995231898e+00 3.486920560975779626e+00 3.506046211063982287e+00 3.522739282065733946e+00 3.537318712415988831e+00 3.550024014868335964e+00 3.561082843113756002e+00 3.570717370853332184e+00 3.579173421479250994e+00
2.835150192081425047e+00 2.912560765032627508e+00 2.982721520335768872e+00 3.046253462456697036e+00 3.103726541000227268e+00 3.155613837016051360e+00 3.202361393444904891e+00 3.244355167153319286e+00 3.281985391673533758e+00 3.315649867374005133e+00 3.345693813254523974e+00 3.372449155167073886e+00 3.396258455268446053e+00 3.417420475230676047e+00 3.436260798449559228e+00 3.453014827245667551e+00 3.467959521976459403e+00 3.481336554730091404e+00 3.493376558045944602e+00 3.504239442619796918e+00 3.514139242599636059e+00
2.806347959083446586e+00 2.878445358682374167e+00 2.943443829280257606e+00 3.002059552483680616e+00 3.054834275240568164e+00 3.102305577099344180e+00 3.144939791874872714e+00 3.183192742320547275e+00 3.217458208015667065e+00 3.248144411118329078e+00 3.275603721643377320e+00 3.300171196380811800e+00 3.322190153858931350e+00 3.341966747430862750e+00 3.359721143145118827e+00 3.375794861902432498e+00 3.390333312143750000e+00 3.403581401164163633e+00 3.415729083887517170e+00 3.426957821003138616e+00 3.437394729786400038e+00
2.788039311354289840e+00 2.857796067672610629e+00 2.920747996438111560e+00 2.977477509410954681e+00 3.028574245849796842e+00 3.074493581994647062e+00 3.115674612790882758e+00 3.152496777447738374e+00 3.185419090355105176e+00 3.214759941295687984e+00 3.240842894969108379e+00 3.264031788831334602e+00 3.284623072031084945e+00 3.302918954626151038e+00 3.319111860984531592e+00 3.333518528807155601e+00 3.346323575546740425e+00 3.357723463491751659e+00 3.367929067289847644e+00 3.377051214015451830e+00 3.385240352064996294e+00
2.796079752797872242e+00 2.866972477064219760e+00 2.930873260666285063e+00 2.988393912016122922e+00 3.040038691401526716e+00 3.086333155635363479e+00 3.127671552784669906e+00 3.164490200628678807e+00 3.197158081705150146e+00 3.226077930821667827e+00 3.251537562177007512e+00 3.273915254355352467e+00 3.293530664872744040e+00 3.310641643733575723e+00 3.325573661456601382e+00 3.338549817423056787e+00 3.349826576686602664e+00 3.359546941098229045e+00 3.367929067289847644e+00 3.375167036327818337e+00 3.381353245746891112e+00
2.785457128332973653e+00 2.855286920644438009e+00 2.918308215037625164e+00 2.975078528235570285e+00 3.026038001407459710e+00 3.071681885454190297e+00 3.112334527547618634e+00 3.148416346577671110e+00 3.180287746904404411e+00 3.208235400785320213e+00 3.232617801407220437e+00 3.253788586817309536e+00 3.272000724017181561e+00 3.287540919392294203e+00 3.300715842748395801e+00 3.311738041520915665e+00 3.320850703031159146e+00 3.328317743400569739e+00 3.334236355679663255e+00 3.338782040134942175e+00 3.342152903495334559e+00
2.762841901685333390e+00 2.829114416459787229e+00 2.888829389963783800e+00 2.942557082104348076e+00 2.990784211441488427e+00 3.033937768997389206e+00 3.072432598509870161e+00 3.106619169911357226e+00 3.136872189885330009e+00 3.163489117597435563e+00 3.186831458183228882e+00 3.207161731588450859e+00 3.224811418636605254e+00 3.239993933628379175e+00 3.253000373748978546e+00 3.264047557867396421e+00 3.273345219523066341e+00 3.281114741280611646e+00 3.287494928864204802e+00 3.292630812018803255e+00 3.296658012939382321e+00
2.786582604758089499e+00 2.855980065259144052e+00 2.918544144759789294e+00 2.974913865865976170e+00 3.025654737612406109e+00 3.071274509119590768e+00 3.112205377890892244e+00 3.148834931075501942e+00 3.181585536235492562e+00 3.210810659891390806e+00 3.236870015564524028e+00 3.260108069114290519e+00 3.280771190640727308e+00 3.299195821018626518e+00 3.315649867374005133e+00 3.330326788316102959e+00 3.343456576857708029e+00 3.355259019006143539e+00 3.365893198148071530e+00 3.375562306680168767e+00 3.384309495103327681e+00
2.801650171951279411e+00 2.873301423335412164e+00 2.937864172746412983e+00 2.995972855092456921e+00 3.048167981766412904e+00 3.094995251995920071e+00 3.136806591476250183e+00 3.174077447489718207e+00 3.207184092366901496e+00 3.236535667311678743e+00 3.262434485350960145e+00 3.285265931792287208e+00 3.305329844374052861e+00 3.322916813959078564e+00 3.338340844600233392e+00 3.351791462707828462e+00 3.363605785401950765e+00 3.373888854461451370e+00 3.382854565444140427e+00 3.390698414675496153e+00 3.397516346213849570e+00
2.761101042138649486e+00 2.826942833699916502e+00 2.886181375883893008e+00 2.939427290189832398e+00 2.987086062812168041e+00 3.029641163664033687e+00 3.067527433455569774e+00 3.101052979767351836e+00 3.130609007805650990e+00 3.156521373156941923e+00 3.179122838542026042e+00 3.198731633369724658e+00 3.215613902636803356e+00 3.230040753492910977e+00 3.242318464658728860e+00 3.252607389075481858e+00 3.261148618175005787e+00 3.268155647651099560e+00 3.273778427889806331e+00 3.278162555013845125e+00 3.281435453466452490e+00
2.735786187787169421e+00 2.797946307410360767e+00 2.853840555928140343e+00 2.903991217197294361e+00 2.948837666486459952e+00 2.988809341766872407e+00 3.024314078533699490e+00 3.055640434456512899e+00 3.083197275574770746e+00 3.107241253115872404e+00 3.128106383422426529e+00 3.146083126507497774e+00 3.161422218475351542e+00 3.174384100476157489e+00 3.185220576524923963e+00 3.194139818146973120e+00 3.201336209896304297e+00 3.207027573465332182e+00 3.211326207912428732e+00 3.214378052785677120e+00 3.216355868800648832e+00
2.877071842589083772e+00 2.961208172934556959e+00 3.037709990533647542e+00 3.107198342827549808e+00 3.170183732822428269e+00 3.227141664503545559e+00 3.278505559508363199e+00 3.324675324675324894e+00 3.366031929217156993e+00 3.402919566093031367e+00 3.435741329906754071e+00 3.464883406673365140e+00 3.490645071209159234e+00 3.513388766800542129e+00 3.533446495998891823e+00 3.551136363636363313e+00 3.566749662187651548e+00 3.580555477547810561e+00 3.592797822211781344e+00 3.603678524155041085e+00 3.613444794207369526e+00
2.771992920756540801e+00 2.840003879029688427e+00 2.901434137445080275e+00 2.956789614104573971e+00 3.006572507341630285e+00 3.051169499400167684e+00 3.090929526806788452e+00 3.126237468998144919e+00 3.157429431452206448e+00 3.184801573015036968e+00 3.208727739451307404e+00 3.229429935411400887e+00 3.247224314110225496e+00 3.262411347517729876e+00 3.275215676436564749e+00 3.285863098359165235e+00 3.294638851502915688e+00 3.301669406593708445e+00 3.307197288098223886e+00 3.311326807260083882e+00 3.314230477111095308e+00
2.800140007000349929e+00 2.870846899835451271e+00 2.934477313695624812e+00 2.991783033111384604e+00 3.043360977195542549e+00 3.089735757371477209e+00 3.131436842398262144e+00 3.168938887702450469e+00 3.202628940626044418e+00 3.232884627289673407e+00 3.260145430835306168e+00 3.284714893735978691e+00 3.306878306878306528e+00 3.327009655406744315e+00 3.345344047726908521e+00 3.362105638731457180e+00 3.377540047974854520e+00 3.391848488204673551e+00 3.405189787210385344e+00 3.417778025779811379e+00 3.429708131837980734e+00
2.853424457327384811e+00 2.934190303199664118e+00 3.007602940456456153e+00 3.074278767214214003e+00 3.134708890034411777e+00 3.189350343201830196e+00 3.238587424633935896e+00 3.282787715389289485e+00 3.322374113168367948e+00 3.357653000552613509e+00 3.388963046470291118e+00 3.416681774443220299e+00 3.441108862919987743e+00 3.462555920278111987e+00 3.481360794307278628e+00 3.497798444508455784e+00 3.512154810274774164e+00 3.524651411975355586e+00 3.535553106087390152e+00 3.545064019685531420e+00 3.553338396259936971e+00
2.715121136173767713e+00 2.772829048157108289e+00 2.824372266042090018e+00 2.870401377792660913e+00 2.911490683229813303e+00 2.948092513950794746e+00 2.980687915043462421e+00 3.009665927082093351e+00 3.035445727610137645e+00 3.058337793409281691e+00 3.078666937216184785e+00 3.096737868177499298e+00 3.112808168008633025e+00 3.127109910806296522e+00 3.139892685445550669e+00 3.151304640121009637e+00 3.161555485298766843e+00 3.170751881772312597e+00 3.179034955562619391e+00 3.186494926391967297e+00 3.193224809968414846e+00
2.858896047750536518e+00 2.939406239939532206e+00 3.012343603323385466e+00 3.078408462824719471e+00 3.138206619523828955e+00 3.192271926050326503e+00 3.241044029927938386e+00 3.285059270856631741e+00 3.324629269204928850e+00 3.360238576938962662e+00 3.392274095746936169e+00 3.421047119687777194e+00 3.446968391299851664e+00 3.470366540113966725e+00 3.491522583168067406e+00 3.510728372880655535e+00 3.528288572495952735e+00 3.544472707560151203e+00 3.559474019262230282e+00 3.573490200390335048e+00 3.586775348304017896e+00
2.854695974878675102e+00 2.935318167522801058e+00 3.008507780141049803e+00 3.074880324260106601e+00 3.134992789516584111e+00 3.189284005740710803e+00 3.238185789187214780e+00 3.282122905027932802e+00 3.321408554010946368e+00 3.356502524369606721e+00 3.387697817354692553e+00 3.415348156409005576e+00 3.439854150184032289e+00 3.461454234630083171e+00 3.480536838001893507e+00 3.497366688610928254e+00 3.512203184397554079e+00 3.525297535111963754e+00 3.536926203075045017e+00 3.547233853130607351e+00 3.556435754034113828e+00
2.827430210746992856e+00 2.902958252695604369e+00 2.971158539604835891e+00 3.032739480625731510e+00 3.088217747425899606e+00 3.138162849730815385e+00 3.183038556284425002e+00 3.223229676135487498e+00 3.259181182736048399e+00 3.291293478336986489e+00 3.319938304479841840e+00 3.345460628110232815e+00 3.368230029489197808e+00 3.388490427514541992e+00 3.406610214268829928e+00 3.422839419933498384e+00 3.437371098583802631e+00 3.450509830432088254e+00 3.462364102208988381e+00 3.473186996387885639e+00 3.483106931382792926e+00
2.815374761572949414e+00 2.888625859542328644e+00 2.954666966823310759e+00 3.014244055630327157e+00 3.067891034088452873e+00 3.116214007728210333e+00 3.159712957631759966e+00 3.198771671678075634e+00 3.233907868029036070e+00 3.265430897924018971e+00 3.293784558457667710e+00 3.319295479534468907e+00 3.342292534154051253e+00 3.363120976265974615e+00 3.381992614832453281e+00 3.399213324916233958e+00 3.415014914554932890e+00 3.429566982872741754e+00 3.443099340302166134e+00 3.455814937583750357e+00 3.467839258714680017e+00
2.893498098054298584e+00 2.980543290658422606e+00 3.059869121052594565e+00 3.132090705346826542e+00 3.197664314761391235e+00 3.257103257103257210e+00 3.310801489860670355e+00 3.359109835893487883e+00 3.402399733362959200e+00 3.441061498651103889e+00 3.475432169990337883e+00 3.505877500515570233e+00 3.532785636109225358e+00 3.556460554668377405e+00 3.577251432620405680e+00 3.595505617977528434e+00 3.611512390265584571e+00 3.625542976365564218e+00 3.637936123332898397e+00 3.648815538340631104e+00 3.658528167215445936e+00
2.755969500604193101e+00 2.819959674576653530e+00 2.877334325194921938e+00 2.928768174052508666e+00 2.974790381049893018e+00 3.015956514115377907e+00 3.052736014653132379e+00 3.085510722149759300e+00 3.114704172319277653e+00 3.140681597699625183e+00 3.163822741557866358e+00 3.184382679727250753e+00 3.202718132954576635e+00 3.219056816352808159e+00 3.233640873220636980e+00 3.246708390323427285e+00 3.258459598642780453e+00 3.269019433277226216e+00 3.278574169020961548e+00 3.287242003958678715e+00 3.295119104825976475e+00
2.748433745128577410e+00 2.811990326753275760e+00 2.869079025632771618e+00 2.920276452837534897e+00 2.966143589598722929e+00 3.007098150284975180e+00 3.043592545965164486e+00 3.075998126437504698e+00 3.104690151922838037e+00 3.130021075475241332e+00 3.152275943231012345e+00 3.171823177753107625e+00 3.188908145580588549e+00 3.203766515068149801e+00 3.216715733236365615e+00 3.227911611359441935e+00 3.237583522766411370e+00 3.245878769881007209e+00 3.252998415931205756e+00 3.259013652433278896e+00 3.264070226123673812e+00
2.804459089953025064e+00 2.876244326432684684e+00 2.940949926826364802e+00 2.999190915938955815e+00 3.051550395661249748e+00 3.098569728382194022e+00 3.140703517587939420e+00 3.178375988060361035e+00 3.211998910713412592e+00 3.241960627422848074e+00 3.268610214754645416e+00 3.292354033133690461e+00 3.313429744934938803e+00 3.332176327664005289e+00 3.348891726144378911e+00 3.363767419509851031e+00 3.377097763534235852e+00 3.389088546998891172e+00 3.399850129055535408e+00 3.409644422795908181e+00 3.418517200722772209e+00
2.809462268921727901e+00 2.881702594235189263e+00 2.946789402784014023e+00 3.005437745502327118e+00 3.058252764590993600e+00 3.105782967886204116e+00 3.148526489602865297e+00 3.186919772758764147e+00 3.221401309569662974e+00 3.252370078195280012e+00 3.280221659233824028e+00 3.305284323311894479e+00 3.327881272525154088e+00 3.348307709478500538e+00 3.366864555848724461e+00 3.383784622108802598e+00 3.399307651217160497e+00 3.413635033648688033e+00 3.426957821003138616e+00 3.439475548768323954e+00 3.451287541556319116e+00
2.880062939912052311e+00 2.964944700333728811e+00 3.042203661706952555e+00 3.112444117480618111e+00 3.176181401386471759e+00 3.233902547049766873e+00 3.286000936859841737e+00 3.332847293103089470e+00 3.374818345237029060e+00 3.412280029805220938e+00 3.445614421963724805e+00 3.475142307077474957e+00 3.501208260105447945e+00 3.524204234683808501e+00 3.544423440453685625e+00 3.562180602556548781e+00 3.577768298220748378e+00 3.591473419575642811e+00 3.603528686167300599e+00 3.614173118892395120e+00 3.623642876057477036e+00
2.740900561533217594e+00 2.802985179215864431e+00 2.858674289798106116e+00 2.908626560726446986e+00 2.953378805991140332e+00 2.993407541994722809e+00 3.029192966636609086e+00 3.061146399326547751e+00 3.089605583759909457e+00 3.114962897330822322e+00 3.137528324908488653e+00 3.157562361856646405e+00 3.175435932128508387e+00 3.191341751075343680e+00 3.205530236512383002e+00 3.218201025626674650e+00 3.229552466484804096e+00 3.239725932972138178e+00 3.248907813968920699e+00 3.257167538785076477e+00 3.264637034876048283e+00
2.876748852808689083e+00 2.960555758280949856e+00 3.036702693003161091e+00 3.105847275136657260e+00 3.168545496792727345e+00 3.225331472924743981e+00 3.276608501056183620e+00 3.322834100584957095e+00 3.364383792081081737e+00 3.401714741920927487e+00 3.435127614990896916e+00 3.465027477667897760e+00 3.491766414793915807e+00 3.515689626647548582e+00 3.537146978860345126e+00 3.556435754034113828e+00 3.573809474718734780e+00 3.589552291330878830e+00 3.603953259498496209e+00 3.617215161696473391e+00 3.629565205481328327e+00
2.786749364049503797e+00 2.857222500975636681e+00 2.921060131091478773e+00 2.978723404255318563e+00 3.030623392183810605e+00 3.077202822634225399e+00 3.118827320927330948e+00 3.155790876257933419e+00 3.188488171402033888e+00 3.217165677038528848e+00 3.242184266438563611e+00 3.263823356203747750e+00 3.282375042775631968e+00 3.298130372345176475e+00 3.311326807260083882e+00 3.322259136212624586e+00 3.331112591605596140e+00 3.338108683255211595e+00 3.343479865982182275e+00 3.347327019902648804e+00 3.349896711518061565e+00
2.795598724060069262e+00 2.867213068897032091e+00 2.931978107896794583e+00 2.990409825234885410e+00 3.043024212790383931e+00 3.090256561527710222e+00 3.132417739229703457e+00 3.169965268206626607e+00 3.203164169127067584e+00 3.232395480148277489e+00 3.257983793263598216e+00 3.280221659233824028e+00 3.299422601044816439e+00 3.315878915154948370e+00 3.329887824403915619e+00 3.341641024212973932e+00 3.351440421164346262e+00 3.359454808476795673e+00 3.365916319198774875e+00 3.370964302175992078e+00 3.374748615664342921e+00
2.895459777826427938e+00 2.983376349457441457e+00 3.063682825272597832e+00 3.136915923682320528e+00 3.203543397566699813e+00 3.263956887990721700e+00 3.318505966250088424e+00 3.367546672092158300e+00 3.411377291366430864e+00 3.450322260099092819e+00 3.484733383048862709e+00 3.514938488576449860e+00 3.541248602595526318e+00 3.564084989718985685e+00 3.583685958842744768e+00 3.600484680630084533e+00 3.614700709732581618e+00 3.626659367729573979e+00 3.636663052875708679e+00 3.644916373239436513e+00 3.651685393258426782e+00
2.805895185785334700e+00 2.878970873241018857e+00 2.945136317738135112e+00 3.004975680661932991e+00 3.058996927098541097e+00 3.107670421192930466e+00 3.151414985328412133e+00 3.190611279504484088e+00 3.225602872188991554e+00 3.256764716072479970e+00 3.284439444021272081e+00 3.308884354491810509e+00 3.330498866213151832e+00 3.349522693016245167e+00 3.366240047264758228e+00 3.380895868407252980e+00 3.393737140917864714e+00 3.404976825310790822e+00 3.414800721986438248e+00 3.423413352709386626e+00 3.430931909725319251e+00
2.773806729681865590e+00 2.841617920212913262e+00 2.902717496475271108e+00 2.957765855000688227e+00 3.007203300930134660e+00 3.051529232262986113e+00 3.091124958726456207e+00 3.126432948434699099e+00 3.157761778451432910e+00 3.185507326666850769e+00 3.209936847981577746e+00 3.231426323479824614e+00 3.250210917942546907e+00 3.266633768652826397e+00 3.280908602263128859e+00 3.293276810426374102e+00 3.303964757709250577e+00 3.313109560391775066e+00 3.320968026850380284e+00 3.327671669728586856e+00 3.333287037680032316e+00
2.860596005177678425e+00 2.941279456563605343e+00 3.014370837714686058e+00 3.080585311209129262e+00 3.140506249607436740e+00 3.194644109701300305e+00 3.243526748743995824e+00 3.287563915138882020e+00 3.327164216348852843e+00 3.362804579018901840e+00 3.394817245671608141e+00 3.423604706408429177e+00 3.449512928774456810e+00 3.472897507848748067e+00 3.494036159848729284e+00 3.513243550442599172e+00 3.530780094707984151e+00 3.546913142356402204e+00 3.561887800534282889e+00 3.575898444484176153e+00 3.589148105140926859e+00
2.825736810873435090e+00 2.900993244830015527e+00 2.969018635770459547e+00 3.030452524085049948e+00 3.085878598730580791e+00 3.135844796588200367e+00 3.180793538840254620e+00 3.221198285762303382e+00 3.257419292239025044e+00 3.289911172398344963e+00 3.318997109706683712e+00 3.345064287954283788e+00 3.368415263733166576e+00 3.389399652586535527e+00 3.408268877636191352e+00 3.425303908341663650e+00 3.440753662682273450e+00 3.454864660964964695e+00 3.467791155745436615e+00 3.479737488603859230e+00 3.490888780283460502e+00
2.747639847823023285e+00 2.811476446856066236e+00 2.868938492757679981e+00 2.920540439054578830e+00 2.966793108563436032e+00 3.008128943796958055e+00 3.044961626563138068e+00 3.077654827021809147e+00 3.106511939360887098e+00 3.131916315196057621e+00 3.154154020845452600e+00 3.173551894472500745e+00 3.190345736380344466e+00 3.204815583764125453e+00 3.217233179465659454e+00 3.227753062856982602e+00 3.236669398323817948e+00 3.244064053009386495e+00 3.250143490377499944e+00 3.255070125532486980e+00 3.258898209022897063e+00
2.802140835598397217e+00 2.874026511142109719e+00 2.938830345522481569e+00 2.997163150227574846e+00 3.049541182667516726e+00 3.096476350661871990e+00 3.138337936228972502e+00 3.175611305176246013e+00 3.208593450284239701e+00 3.237717340387423093e+00 3.263322339871550071e+00 3.285748241775142464e+00 3.305307083686243708e+00 3.322306104560748707e+00 3.337041156840934164e+00 3.349733068146131920e+00 3.360652926854360789e+00 3.369990577781445840e+00 3.377974200722042131e+00 3.384715190319714129e+00 3.390346507251189578e+00
2.802317516586216417e+00 2.874187691466466354e+00 2.939035996193247957e+00 2.997497438185328544e+00 3.050133096716947545e+00 3.097413659594238311e+00 3.139783145644074125e+00 3.177695341913110649e+00 3.211460725929752513e+00 3.241558154932686175e+00 3.268269277573414122e+00 3.291938952042753108e+00 3.312903760145767151e+00 3.331436265459946089e+00 3.347863993025283147e+00 3.362336343424916940e+00 3.375190284962493958e+00 3.386601756799661356e+00 3.396739130434782261e+00 3.405757815866660820e+00 3.413801511826383361e+00
2.824559545245913128e+00 2.900232018561484715e+00 2.968711165115572648e+00 3.030623392183810605e+00 3.086506355397176993e+00 3.136872189885330009e+00 3.182091741088413972e+00 3.222597413515293496e+00 3.258797018547408886e+00 3.291039968630087298e+00 3.319685736416952526e+00 3.345040976751965545e+00 3.367489296194737136e+00 3.387323116060750205e+00 3.404811206692885062e+00 3.420235228422852991e+00 3.433830094086944840e+00 3.445851883502639268e+00 3.456497509910977151e+00 3.465916180283096004e+00 3.474297149686618180e+00
2.781176994103904843e+00 2.850032671106229820e+00 2.912136676281340097e+00 2.968075927523727398e+00 3.018433503207963220e+00 3.063618830115372837e+00 3.104047678172336511e+00 3.140199437555389661e+00 3.172348158313965882e+00 3.200890682624730310e+00 3.226168434045895594e+00 3.248481162265089317e+00 3.268178373003455928e+00 3.285472618731387406e+00 3.300670448684889013e+00 3.313955896770274023e+00 3.325620723570160031e+00 3.335812026992279300e+00 3.344714654031077927e+00 3.352493766456902780e+00 3.359250887052187551e+00
2.860452809679771669e+00 2.941835705480219332e+00 3.015660394560589985e+00 3.082592460259077516e+00 3.143116574701403820e+00 3.197726061467400793e+00 3.246842963331398213e+00 3.290855622461839936e+00 3.330168492354783183e+00 3.365176603094588881e+00 3.396221184102912627e+00 3.423652548175681876e+00 3.447871628843514724e+00 3.469186683873832333e+00 3.487893521586572732e+00 3.504287598944590965e+00 3.518698363101521398e+00 3.531317943249643321e+00 3.542453878639697518e+00 3.552224667762516219e+00 3.560905447487117126e+00
2.738244855259185151e+00 2.800590924685107730e+00 2.856591942982424470e+00 2.906832474281622503e+00 2.951739066266541922e+00 2.991803848990439718e+00 3.027358875793801474e+00 3.058826800884278718e+00 3.086506355397176993e+00 3.110742430526752145e+00 3.131873216077897926e+00 3.150135455824599973e+00 3.165841941899917522e+00 3.179254672122083125e+00 3.190611279504484088e+00 3.200089045956060918e+00 3.207922173018584733e+00 3.214310670113897928e+00 3.219349691362344501e+00 3.223207091055600326e+00 3.226032681113682354e+00
2.861549843312697128e+00 2.943546974103794955e+00 3.018052163171340840e+00 3.085700179656321485e+00 3.146963180530787607e+00 3.202316806593987764e+00 3.252122528905833310e+00 3.296788086670454643e+00 3.336646808983921630e+00 3.372077819297919721e+00 3.403415918262451711e+00 3.431049626701800470e+00 3.455278819845993610e+00 3.476447071093342167e+00 3.494850235388441639e+00 3.510825043885312358e+00 3.524651411975355586e+00 3.536533780831986995e+00 3.546765141557655987e+00 3.555518373664066534e+00 3.563034883481907222e+00
2.774945021401763245e+00 2.842681827636413860e+00 2.903700835851025897e+00 2.958559040863335543e+00 3.007771241510040383e+00 3.051846714062770527e+00 3.091146674909724279e+00 3.126128879873287580e+00 3.157119304030588935e+00 3.184470858630262136e+00 3.208571069849196711e+00 3.229679349008979905e+00 3.248121963524281064e+00 3.264183572128039224e+00 3.278116826503923331e+00 3.290164508225411399e+00 3.300556968988516804e+00 3.309431880860452146e+00 3.317007071576777655e+00 3.323433743459199174e+00 3.328825548736086493e+00
2.838489923360771883e+00 2.916990776752972359e+00 2.988324190484322074e+00 3.053074932173164946e+00 3.111710403485115517e+00 3.164668237279792073e+00 3.212357800791915796e+00 3.255163242973694970e+00 3.293392193959778336e+00 3.327417923691215140e+00 3.357606026902817842e+00 3.384188243744431723e+00 3.407581521172207584e+00 3.428059718199498285e+00 3.445899379738111890e+00 3.461405330564208516e+00 3.474828343479831716e+00 3.486385663982149108e+00 3.496359672576200062e+00 3.504913751632189989e+00 3.512203184397554079e+00
2.828274257754774368e+00 2.904765198146483041e+00 2.974049687378963025e+00 3.036744609778317283e+00 3.093406825180331499e+00 3.144478296112026783e+00 3.190367863285801242e+00 3.231471724622409170e+00 3.268201098671858595e+00 3.300852032430870775e+00 3.329814593089571950e+00 3.355446658883894262e+00 3.378005735715861491e+00 3.397893306150186810e+00 3.415300546448087449e+00 3.430578807256360108e+00 3.443929385671876453e+00 3.455619966431120016e+00 3.465820082347884856e+00 3.474755898398137255e+00 3.482597460489931684e+00
2.849874188480947090e+00 2.930157600619518465e+00 3.003149815271366041e+00 3.069431945810574103e+00 3.129455127090649214e+00 3.183721493580648598e+00 3.232561734901827855e+00 3.276357248417589130e+00 3.315489552754273372e+00 3.350247429732049920e+00 3.381059168535449633e+00 3.408174053362268197e+00 3.431968096424574899e+00 3.452752534320360223e+00 3.470800158268487312e+00 3.486434284200176759e+00 3.499910786587793421e+00 3.511501890014252059e+00 3.521399545035178491e+00 3.529851469387189855e+00 3.536999791941188409e+00
2.854755605068931779e+00 2.935174573001984921e+00 3.008107900130817303e+00 3.074300247341428705e+00 3.134250391781298717e+00 3.188466070562140153e+00 3.237382817074094810e+00 3.281435453466452490e+00 3.321017891983892856e+00 3.356502524369606721e+00 3.388260024755042732e+00 3.416657950702506330e+00 3.442032726847167101e+00 3.464691330649351642e+00 3.485000557600089088e+00 3.503204401673295720e+00 3.519565263298676694e+00 3.534352520478454274e+00 3.547826086956521241e+00 3.560156373022230536e+00 3.571575751748011562e+00
2.873039675977183904e+00 2.956747015093489583e+00 3.032893104303950871e+00 3.102079082336071991e+00 3.164846293964989510e+00 3.221672047792804694e+00 3.272912125791243465e+00 3.319020059327483896e+00 3.360332672934620568e+00 3.397243985816506218e+00 3.430075461660156311e+00 3.459230497705612528e+00 3.485024848227167737e+00 3.507782462463288287e+00 3.527873660618554119e+00 3.545532281723823509e+00 3.561107230417333902e+00 3.574865942527155394e+00 3.587027620112674509e+00 3.597844061135673233e+00 3.607503607503607324e+00
2.827059788866900458e+00 2.903178980984177482e+00 2.972137934847971508e+00 3.034587399565501720e+00 3.090994668034197090e+00 3.141909582824227165e+00 3.187714824259895607e+00 3.228840565468252155e+00 3.265657786856769995e+00 3.298546534069774161e+00 3.327879308910396627e+00 3.353969562726218712e+00 3.377144314336322228e+00 3.397704815726519278e+00 3.415967206714815241e+00 3.432180120812740043e+00 3.446588222318726746e+00 3.459450300407368228e+00 3.470944721734361416e+00 3.481263838023755941e+00 3.490596333477610891e+00
