2.854471887020002541e+00 0.000000000000000000e+00 0.000000000000000000e+00 3.184536996012405474e+00 3.276951180399648500e+00 3.369086908690869464e+00 3.462507963768316710e+00 3.559059860649117724e+00 3.661586503253976055e+00 3.780302561670481065e+00 4.088613891747132634e+00 4.175422504842805083e+00 4.257569202667160546e+00 4.335558461220838211e+00 4.410477640945771327e+00 4.483686279919983697e+00 4.556657898552225028e+00 4.626464759458357889e+00 4.692794490107175420e+00 4.755701672766370791e+00 4.815199521231590118e+00
2.818409853160846801e+00 2.919180405349050211e+00 0.000000000000000000e+00 0.000000000000000000e+00 0.000000000000000000e+00 3.335278912699074283e+00 3.427196553219465702e+00 3.521920432773582021e+00 3.622103188147363984e+00 3.735473159933591525e+00 4.013563075219707343e+00 4.099471237692900338e+00 3.935349797364005919e+00 4.256546156064205277e+00 4.328647400750298857e+00 4.397597812195087386e+00 4.328260794888529439e+00 4.531535366573747226e+00 4.595840421445426038e+00 4.656800640994911866e+00 4.714596116266038806e+00
2.809955672949258521e+00 2.876304860253676043e+00 0.000000000000000000e+00 3.236115043889809861e+00 3.198998574359331215e+00 3.283154622611854201e+00 3.367743886513903551e+00 3.454548018217453720e+00 3.544745596335278748e+00 3.640972139561262644e+00 3.756009615384614975e+00 4.042674194719856118e+00 4.122266422078858739e+00 3.938231941133796266e+00 4.272238032565478960e+00 4.344797622085365241e+00 4.417205013527690127e+00 4.486688340822651000e+00 4.553074359982614894e+00 4.616423443162870122e+00 4.676882445184186388e+00
2.775907895376030776e+00 2.866651750755117689e+00 0.000000000000000000e+00 0.000000000000000000e+00 3.290685010929775611e+00 3.243280543767036228e+00 3.324399010991293757e+00 3.406704951541359438e+00 3.491156899573380379e+00 3.579295154185021755e+00 3.674864619374163865e+00 3.800521016881223346e+00 4.051975166199659029e+00 4.125931831214422196e+00 3.948598940112916456e+00 4.261431978610360716e+00 4.324814135963917394e+00 4.387107388163036248e+00 4.449403437677547757e+00 4.509213142306667699e+00 4.566115273655590556e+00
2.783388168459215883e+00 0.000000000000000000e+00 0.000000000000000000e+00 3.075460620124695676e+00 3.154109805076013906e+00 3.231151045999216098e+00 3.306992221678711985e+00 3.382039300677098126e+00 3.748828491096532378e+00 3.530873961923055138e+00 3.605227579990986975e+00 3.679737836036435450e+00 3.763485824203394614e+00 3.829321663019693123e+00 3.904163070726996310e+00 4.309106578569376289e+00 4.382181909240143725e+00 4.452328776653101450e+00 4.519601162580483056e+00 4.584033671810971100e+00 4.645647998557768332e+00
2.769718665826518489e+00 0.000000000000000000e+00 3.141141979617478430e+00 3.052969012364524115e+00 3.129311693668833438e+00 3.204101249599486945e+00 3.277682469280443822e+00 3.350434509475447520e+00 3.422648151769998037e+00 3.494695052909682520e+00 3.566798592486401631e+00 3.639110134578412925e+00 3.726991006908737081e+00 3.784533871578150244e+00 3.857466608804667185e+00 4.252945687791953588e+00 4.323923651862375372e+00 4.392466919233513956e+00 4.458223020891919575e+00 4.521229226321773709e+00 4.581488011773036106e+00
2.738994859117341196e+00 2.820436885673590410e+00 0.000000000000000000e+00 0.000000000000000000e+00 3.095256519384043337e+00 3.166735508742943406e+00 3.236892307904215116e+00 3.306035581207942275e+00 3.374655647382919899e+00 3.443217893714749511e+00 3.512009695901277873e+00 3.602679839542182183e+00 3.683932493674757058e+00 3.779445314862153182e+00 4.109951655822896122e+00 4.173767868943689230e+00 4.235052348024106017e+00 4.008348422231129859e+00 4.080842175158045926e+00 4.415407010838444002e+00 4.472087295144000940e+00
2.787864426152956376e+00 2.867473755621297471e+00 0.000000000000000000e+00 0.000000000000000000e+00 3.363676498412765170e+00 3.248256653742751965e+00 3.330604088316518219e+00 3.414301043800604951e+00 3.500535375998681697e+00 3.591195234272677617e+00 3.691676636472398076e+00 3.972629949520201986e+00 4.051251768131067799e+00 4.125270720891058396e+00 3.963370116189323777e+00 4.261431978610360716e+00 4.325437693099896563e+00 4.388521274042582299e+00 4.451323070180243313e+00 4.511370704799141151e+00 4.568545225188366032e+00
2.781235007405038484e+00 2.854815237750405466e+00 0.000000000000000000e+00 3.279763857002295335e+00 3.171538885824599863e+00 3.250907833304513161e+00 3.329125688366092906e+00 3.406551479805962401e+00 3.483592280359506521e+00 3.853670621266755969e+00 3.637636497161957472e+00 4.022609841523043350e+00 4.102521312250545726e+00 4.180430104579284212e+00 4.258066288477122541e+00 4.027743644357062891e+00 4.409110324207393461e+00 4.480194095793442521e+00 4.548367756207488455e+00 4.613689574438781804e+00 4.676142732380225375e+00
2.754684729864314008e+00 2.804557405784399826e+00 0.000000000000000000e+00 3.231995378934266139e+00 3.098768067539371174e+00 3.171342098187508451e+00 3.242743498989229423e+00 3.313338257322132829e+00 3.383440475615060894e+00 3.453467972538022401e+00 3.523656864912668496e+00 3.615203320425203870e+00 3.703373498933564711e+00 4.041704914439161911e+00 4.110438423542362329e+00 4.177281069383954382e+00 3.953912639340737112e+00 4.310226868449139381e+00 4.374303699704050530e+00 4.435770049680623828e+00 4.494657486669254354e+00
2.719513555729108134e+00 2.798553148022472126e+00 2.843009040768749607e+00 0.000000000000000000e+00 0.000000000000000000e+00 3.130129935171531042e+00 3.198887343532684113e+00 3.266581451498366651e+00 3.338317627012552968e+00 3.410949845115032186e+00 3.484611953612844815e+00 3.560756276705671741e+00 3.642211165782457183e+00 3.955174686882003243e+00 3.742955964816213843e+00 4.084882473084777921e+00 4.145364101146883584e+00 4.204489843744614319e+00 4.263835113369872865e+00 4.322499639791696602e+00 4.188869966489040308e+00
2.865029174382446087e+00 2.960623704727129546e+00 0.000000000000000000e+00 0.000000000000000000e+00 3.513001549853624450e+00 3.424657534246575263e+00 3.529900332225913484e+00 3.643588315768487629e+00 3.928866832092638539e+00 4.031557362805408218e+00 4.124930391799638052e+00 4.213783908871742589e+00 4.298668777335779900e+00 4.380262398576067362e+00 4.459874849050390111e+00 4.423188566057556059e+00 4.614325068870522628e+00 4.686164787606472260e+00 4.754456441599425709e+00 4.819243929473807420e+00 4.880630769971059379e+00
2.298594891187484279e+00 2.834192808062932833e+00 2.905850445563734397e+00 0.000000000000000000e+00 0.000000000000000000e+00 0.000000000000000000e+00 3.283269297939224618e+00 3.362309906906043810e+00 3.440635278897895777e+00 3.499513567614101373e+00 3.616334705685990691e+00 3.650238298575718243e+00 3.984994434749151271e+00 4.057788505264630530e+00 4.126575836147428511e+00 3.967535812231147041e+00 4.255085513492739224e+00 4.317167937832781632e+00 4.232672065058251221e+00 4.439011398015420440e+00 4.496122958587249308e+00
2.803633509027699589e+00 0.000000000000000000e+00 0.000000000000000000e+00 3.106383272471231027e+00 3.189883108505645826e+00 3.272114621478996010e+00 3.353454057679409850e+00 3.434041867277785265e+00 3.519182997515870159e+00 3.615706070909558090e+00 3.719648699845014228e+00 4.037031208303967666e+00 4.116948792018608749e+00 4.194169416941694095e+00 4.269884231042057721e+00 4.345726702076291303e+00 4.419248589638243629e+00 4.261080527549260033e+00 4.557234098994006999e+00 4.621773381344590703e+00 4.683389120762566193e+00
2.849042443783528000e+00 2.945425473722596887e+00 0.000000000000000000e+00 0.000000000000000000e+00 0.000000000000000000e+00 3.594105666706601365e+00 3.486604465642999529e+00 3.593989743306193141e+00 3.716858016023788291e+00 3.955613848812275180e+00 4.047721955804364669e+00 3.929598146884242027e+00 4.028645055532788177e+00 4.294402039148322636e+00 4.367736079547392514e+00 4.437950622678610735e+00 4.506284533738205589e+00 4.573772877526836034e+00 4.638218923933209226e+00 4.699280595426494678e+00 5.001712915381980373e+00
2.704333173847017768e+00 2.794584096021909492e+00 2.846205296788056671e+00 0.000000000000000000e+00 0.000000000000000000e+00 3.309705712000441391e+00 3.194661365895214988e+00 3.265294779696813698e+00 3.336971559269481524e+00 3.410119006193889746e+00 3.485486434486797069e+00 3.564863032370354290e+00 3.653408699248638314e+00 3.670563466120005724e+00 3.992239646441653633e+00 4.055289403322587916e+00 4.115677989354113109e+00 4.174565263510878310e+00 4.233406434777781335e+00 4.291756366682126789e+00 4.347766076382658440e+00
2.859961962505898736e+00 2.927910656897669384e+00 0.000000000000000000e+00 3.380219507315760374e+00 3.290325742248482399e+00 3.385427462034849011e+00 3.482718749564659877e+00 3.584674139333526632e+00 3.907964019306713332e+00 4.004501612157113755e+00 4.096597775547407672e+00 3.928135789451921323e+00 4.268414421733113251e+00 4.349446998881569826e+00 4.428820549727350731e+00 4.507734863231225297e+00 4.583202221826987000e+00 4.655111038089761344e+00 4.723567126751365919e+00 4.788607278683063129e+00 4.850332594235033490e+00
2.848414501278226041e+00 0.000000000000000000e+00 0.000000000000000000e+00 2.694339437781170243e+00 3.262574796262616594e+00 3.352962132483916058e+00 3.444403877021003701e+00 3.538619522078210178e+00 3.637915474433149665e+00 3.749036705846414463e+00 3.839087394082320692e+00 4.153700538619200522e+00 4.235346395789648888e+00 4.312882511603707947e+00 4.387287833502426793e+00 4.459966653172408257e+00 4.532437833494715740e+00 4.602059249795654949e+00 4.668245632101053033e+00 4.731082526535201005e+00 4.790583082398028658e+00
2.805147445562607089e+00 2.908385845855550045e+00 2.958659458296349687e+00 0.000000000000000000e+00 3.368040875117344068e+00 3.332731590129560217e+00 3.425112364655636288e+00 3.521199693448497037e+00 3.624602687782300325e+00 3.762568022352440700e+00 4.011592117913142630e+00 4.097493017188982734e+00 3.941636124749325454e+00 4.260524181910639641e+00 4.339978782325952800e+00 4.227890213473800785e+00 4.493356744874116515e+00 4.565199347038154443e+00 4.633857140910143890e+00 4.699440153651259777e+00 4.761937625518464223e+00
2.801081217349896679e+00 0.000000000000000000e+00 3.027998422624077701e+00 3.112485215695225182e+00 3.194777233739625188e+00 3.275398274492312911e+00 3.354790011112741777e+00 3.718316841909562687e+00 3.511260129296990495e+00 3.588996558785651825e+00 3.666728931874943864e+00 3.744617112900205491e+00 4.157543169156571849e+00 3.900930063852065199e+00 4.312023590941969076e+00 4.389063003627834192e+00 4.463304768182815963e+00 4.534368451787983645e+00 4.602312146669505388e+00 4.667220327117235890e+00 4.729136966772672146e+00
2.889053306556741418e+00 2.985944731584896150e+00 0.000000000000000000e+00 0.000000000000000000e+00 0.000000000000000000e+00 3.417962074292823615e+00 3.584481304470059193e+00 3.720551484008648657e+00 3.965486592553089107e+00 4.065040650406504419e+00 4.159733777038269409e+00 4.249686498536992652e+00 4.171111293454773161e+00 4.417205013527690127e+00 4.496589509802564777e+00 4.574971491782121369e+00 4.650291163752715562e+00 4.805217092843658833e+00 4.789534183589687188e+00 5.080096183154400258e+00 4.914373860991474885e+00
2.755288033572124817e+00 2.798690212980325054e+00 0.000000000000000000e+00 3.027384064951149423e+00 3.101321585903083822e+00 3.173683266410012305e+00 3.244915148920892722e+00 3.315329253636501772e+00 3.385263739680127504e+00 3.455066855543654558e+00 3.524924742856739623e+00 3.595058177720317882e+00 3.667464743900245239e+00 3.796694063798522034e+00 3.807361360127927252e+00 3.878358069408758269e+00 4.261929966866931707e+00 4.329331564950281930e+00 4.394095434260212762e+00 4.456236331352022795e+00 4.515801832720804931e+00
2.724893334767487740e+00 2.800061601355229968e+00 0.000000000000000000e+00 0.000000000000000000e+00 3.069239247199319287e+00 3.137484574034177243e+00 3.204436054085307184e+00 3.270475262681789452e+00 3.335974312997790125e+00 3.401218885788457769e+00 3.466523289376874928e+00 3.532076098925833296e+00 3.598043218034499890e+00 3.664447256158691157e+00 3.731162809980169914e+00 3.797949107481959796e+00 4.204634748204413519e+00 4.265155059024242412e+00 4.326536778996380228e+00 4.386056517471125460e+00 4.443055989447741716e+00
2.795482500279547811e+00 0.000000000000000000e+00 0.000000000000000000e+00 3.095315068681602000e+00 3.176269126664088560e+00 3.255623027163219607e+00 3.333796360605639109e+00 3.411163554850117130e+00 3.778588456755772373e+00 3.564744675162641041e+00 3.641535491229395571e+00 3.718521681047245675e+00 4.118098694772108104e+00 4.195598816841133782e+00 3.950897962861558810e+00 4.349116715105241227e+00 4.423062528494728696e+00 4.493984189346534208e+00 4.561950608373561700e+00 4.626920512227317595e+00 4.689060896629992037e+00
2.785689910927564572e+00 2.893518518518518157e+00 2.951925780151812617e+00 0.000000000000000000e+00 0.000000000000000000e+00 3.305831627664887140e+00 3.394974052698311873e+00 3.487139429782960764e+00 3.584624717366128088e+00 3.639410003570741292e+00 3.974889662545573632e+00 4.059520976524769509e+00 4.140843903987632579e+00 4.219696454093786464e+00 4.297199889104518888e+00 4.172851836396843872e+00 4.448642137538326935e+00 4.519774011299435124e+00 4.587815583508515260e+00 4.652881365210132181e+00 4.714982711730057119e+00
2.860371987888766565e+00 2.969162143873168791e+00 3.043655707200320304e+00 0.000000000000000000e+00 0.000000000000000000e+00 3.587146976449000491e+00 3.540339039526844367e+00 3.656963064673047104e+00 3.933883156768694267e+00 4.032258064516129004e+00 4.125787570890120826e+00 4.214424385626740488e+00 4.298510774009262292e+00 4.378643167948331083e+00 4.324233843406938504e+00 4.531442028438230629e+00 4.571270259038647588e+00 4.676239203388897536e+00 4.743180818301802937e+00 4.806503886401713110e+00 4.866413521775486473e+00
2.666872530511127160e+00 2.799375739210156144e+00 2.883364393966032946e+00 2.936857562408222933e+00 0.000000000000000000e+00 0.000000000000000000e+00 0.000000000000000000e+00 3.315375051802734951e+00 3.391425921568084423e+00 3.469571854833113811e+00 3.551160614897118872e+00 3.639534963570314918e+00 3.751380716513716518e+00 3.992483117991643127e+00 4.060458831847999051e+00 4.124287861312082804e+00 4.184771616089051349e+00 4.054119053672413209e+00 4.300508431077415317e+00 4.358112314780226981e+00 4.413640908934174156e+00
2.872999411385486646e+00 0.000000000000000000e+00 0.000000000000000000e+00 3.429237680463632643e+00 3.309728533307590759e+00 3.406435437829146817e+00 3.505299187595364518e+00 3.608905668757980578e+00 3.723290561458426851e+00 4.039841192449675766e+00 4.132886063219380013e+00 3.955778559680206641e+00 4.304838082541798450e+00 4.384973244811686044e+00 4.462691895751516924e+00 4.539764207398439666e+00 4.614611098484065366e+00 4.685712710684803106e+00 4.753179119077469927e+00 4.817121425867941120e+00 4.877613129710159257e+00
2.583023254190431661e+00 2.841263461351886566e+00 2.890412090180856985e+00 0.000000000000000000e+00 0.000000000000000000e+00 3.201781861209716862e+00 3.274908063778834144e+00 3.347070267556429446e+00 3.418780042529623753e+00 3.490523229432092034e+00 3.562522265764161311e+00 3.664268449943978823e+00 3.758011872533804532e+00 4.100097985392531896e+00 4.168751042187760270e+00 4.234405586638715135e+00 4.298391569606211604e+00 4.081576180198129400e+00 4.157888901208560029e+00 4.486316733961417391e+00 4.544108838291689878e+00
2.783789990883087651e+00 2.875477785180769352e+00 0.000000000000000000e+00 0.000000000000000000e+00 0.000000000000000000e+00 2.807624597826746893e+00 3.354250814104625000e+00 3.443312742323133779e+00 3.536779034528672039e+00 3.639774333991291577e+00 3.895923194657019195e+00 3.978474359779718306e+00 4.057018297840153664e+00 3.926268804761117170e+00 4.203475792114002907e+00 4.272797441834821797e+00 4.341085271317829175e+00 4.315748371318768761e+00 4.428544738681262416e+00 4.535365543591047377e+00 4.594422234260673754e+00
2.868637397236312836e+00 2.961473298530282516e+00 0.000000000000000000e+00 0.000000000000000000e+00 2.693679069404767645e+00 3.419185117473431568e+00 3.519037301795398864e+00 3.623819645283807844e+00 3.739897083572848668e+00 4.062101965644255408e+00 4.155700235489679706e+00 4.244249726177437232e+00 4.067002136899427356e+00 4.408351070058341925e+00 4.268355650407902324e+00 4.562706099508472057e+00 4.637491389951647669e+00 4.708515589280962033e+00 4.775777257748698545e+00 4.839413272261301024e+00 4.899592381133847319e+00
2.758991482498089898e+00 2.872777976303084735e+00 2.929013271219654602e+00 0.000000000000000000e+00 0.000000000000000000e+00 3.245632207720460460e+00 3.323524320581616287e+00 3.401667511298396285e+00 3.483179725107456104e+00 3.565984701226418974e+00 3.652124778633002222e+00 3.745751976735475441e+00 3.772678945021778585e+00 4.165191494678967210e+00 3.929083489577588573e+00 4.298838620211475003e+00 4.360072806295114844e+00 4.419492725100647057e+00 4.478774056184497532e+00 4.537454625453745116e+00 4.593157587061214464e+00
2.177348551360842599e+00 2.841125640119465778e+00 2.909715679210774120e+00 0.000000000000000000e+00 0.000000000000000000e+00 0.000000000000000000e+00 3.289036312360478664e+00 3.367782946389104914e+00 3.448204519906484578e+00 3.531269041156594124e+00 3.580724683587885870e+00 3.719059491177564070e+00 4.004473964014968246e+00 4.077514236744622877e+00 3.890374795929000928e+00 4.211689163530914826e+00 4.274519116599382329e+00 4.140986797153761501e+00 4.398081337016725989e+00 4.457764396864476453e+00 4.514672686230247756e+00
2.857449012394184695e+00 0.000000000000000000e+00 0.000000000000000000e+00 3.418326415291778719e+00 3.286414521756763296e+00 3.379287039399727632e+00 3.473524794019979822e+00 3.572532719590532757e+00 3.679967782923560637e+00 3.887653630522855064e+00 4.103209393614037914e+00 4.191374014855329122e+00 4.276097991613330151e+00 4.358413814096355310e+00 4.440194002322562561e+00 4.520021641315736360e+00 4.596292324191818324e+00 4.669014906516708585e+00 4.738262499742486256e+00 4.804128805556318049e+00 4.866713734414520154e+00
2.810784981975841035e+00 2.909856793476377934e+00 0.000000000000000000e+00 0.000000000000000000e+00 3.390581104083919772e+00 3.329010243641937095e+00 3.420688884855423328e+00 3.515495753832579506e+00 3.616385005911398665e+00 3.734904759928621587e+00 4.006963826788624949e+00 4.092183247965843762e+00 4.173422822465330029e+00 4.023307436182019359e+00 4.326417931972228459e+00 4.400530814029441906e+00 4.319062146505330269e+00 4.543952412425644738e+00 4.610800283529807864e+00 4.674471200445450059e+00 4.735075932775647090e+00
2.132772177276022862e+00 2.816841897706386710e+00 2.884723629404480238e+00 0.000000000000000000e+00 0.000000000000000000e+00 0.000000000000000000e+00 2.831100676702112739e+00 3.320053120849933759e+00 3.397099726108834261e+00 3.476447071093342167e+00 3.524104877361150301e+00 3.651445421225232302e+00 3.670868541349217029e+00 3.746185701830862858e+00 4.059975640146158860e+00 4.123999580610212767e+00 3.983270264887472933e+00 4.068067736775331511e+00 4.301612410845613077e+00 4.359590060134662437e+00 4.415315626077958022e+00
2.787466407456114847e+00 2.869581041167989621e+00 0.000000000000000000e+00 0.000000000000000000e+00 3.189107119335001350e+00 3.272684227750969121e+00 3.355986240456414027e+00 3.441606266476689768e+00 3.534303534303534278e+00 3.633543193744715349e+00 3.679278028462339645e+00 4.018011776931070145e+00 4.099186415713084841e+00 4.178740486514998409e+00 4.258300251377078460e+00 4.335767327584426845e+00 4.410264891535047305e+00 4.481862248240006785e+00 4.550594335199535934e+00 4.616518869159586202e+00 4.679618198209357871e+00
2.791057166576016879e+00 2.871932810781655743e+00 0.000000000000000000e+00 0.000000000000000000e+00 3.181849623019990414e+00 3.263480953769667625e+00 3.344924425613758689e+00 3.428227606327528321e+00 3.514720476347998890e+00 3.605127600718252001e+00 3.704376756084263977e+00 4.021326899210294847e+00 4.100097985392531896e+00 3.899622352361666433e+00 4.247157144814358354e+00 4.317434210526315042e+00 4.387648768716063685e+00 4.456175230521372654e+00 4.521724832490647827e+00 4.584268432864415210e+00 4.643888847154593158e+00
2.807904250465058649e+00 2.898370701612736244e+00 0.000000000000000000e+00 0.000000000000000000e+00 3.429943405933802314e+00 3.304367389409150757e+00 3.391308560631752567e+00 3.480318797201823244e+00 3.572900920709082939e+00 3.672369232474831158e+00 3.796900348624486554e+00 4.075148501174195026e+00 3.883118143869526584e+00 4.231145391866490080e+00 4.303732446671896028e+00 4.374184112143145065e+00 4.444140571584848765e+00 4.512789656139102767e+00 4.578222692951587014e+00 4.640466230371851353e+00 4.699632202697181071e+00
2.589295711566454106e+00 2.857580953177490279e+00 2.922788482787626929e+00 0.000000000000000000e+00 0.000000000000000000e+00 3.364414111314043332e+00 3.311600952085273608e+00 3.393140316739261308e+00 3.476785503195165550e+00 3.563991110986875821e+00 3.658376647132315362e+00 3.687495216692525446e+00 3.766635975558717764e+00 4.100825632894089523e+00 4.170113276683597547e+00 4.014535386745111900e+00 4.298838620211475003e+00 4.360676389359949390e+00 4.422485575095878474e+00 4.482109487591452002e+00 4.538921249716317163e+00
2.853046697241816698e+00 0.000000000000000000e+00 0.000000000000000000e+00 3.188399769880711609e+00 3.282260429906280752e+00 3.376143754823062615e+00 3.472005221895853921e+00 3.572429251891285684e+00 3.682473510508945225e+00 3.993830220900126626e+00 4.085674517163295327e+00 4.173537038430750634e+00 4.010122101303980280e+00 4.339918988178887105e+00 4.421141345270414469e+00 4.500695562041405751e+00 4.576659038901602194e+00 4.649222964426606985e+00 4.718323052477466639e+00 4.784091854563607527e+00 4.846638510004846800e+00
2.274294080438938437e+00 2.788542664702769791e+00 2.848231960010823016e+00 0.000000000000000000e+00 0.000000000000000000e+00 3.126376671545708863e+00 3.193379984449627784e+00 3.259588043553644177e+00 3.325385426321486815e+00 3.391120800027682236e+00 3.457049615576082591e+00 3.523389085784161434e+00 3.614022406938923293e+00 3.694332336560646191e+00 4.036865476589601265e+00 4.099870054966054944e+00 4.160454876399819035e+00 4.220080665804202269e+00 4.001462603572340626e+00 4.070312931177216598e+00 4.395936506192088089e+00
2.818985869833327218e+00 2.947120242505893994e+00 3.022124764555396137e+00 0.000000000000000000e+00 0.000000000000000000e+00 0.000000000000000000e+00 3.498974800383487516e+00 3.608404807505481759e+00 3.742514970059880319e+00 3.984258683237454690e+00 4.076274699461102990e+00 4.163794103794512758e+00 4.247069864299267472e+00 4.148889826230663935e+00 4.403770728686438041e+00 4.370356496222763454e+00 4.553857865260181548e+00 4.624497595941322814e+00 4.691693632405804060e+00 4.755537789295215312e+00 5.037713844051701528e+00
2.754198387028431672e+00 2.831139775442278683e+00 0.000000000000000000e+00 0.000000000000000000e+00 3.121076979629771042e+00 3.195154478773060802e+00 3.268019302173580165e+00 3.340013360053439850e+00 3.411543549397757502e+00 3.482961353060826326e+00 3.554551917367121838e+00 3.646496267501461830e+00 3.739741680806122126e+00 4.090369905785146365e+00 4.159791455788349523e+00 4.227216343388564113e+00 3.992127804119595336e+00 4.361310331459584688e+00 4.425742843914263425e+00 4.487462719540483036e+00 4.546456519343105462e+00
2.819065338886892036e+00 2.913146614507469589e+00 0.000000000000000000e+00 0.000000000000000000e+00 3.420187482113815847e+00 3.320627321844884960e+00 3.409288571925552347e+00 3.499930001399972124e+00 3.594257644845059829e+00 3.695981143522618861e+00 3.823108256523612969e+00 4.093356274629516456e+00 4.174193901571139342e+00 4.249745711936908421e+00 4.083468872201265754e+00 4.387799175916466510e+00 4.452481744824845933e+00 4.381550932106498486e+00 4.579255290065066930e+00 4.639136574816310699e+00 4.695840728131537745e+00
2.808298522132902431e+00 2.885820065599617124e+00 0.000000000000000000e+00 0.000000000000000000e+00 3.202695834406700026e+00 3.284141092291352315e+00 3.364206218975495766e+00 3.442921283577265346e+00 3.520980903856509858e+00 3.599089153591129797e+00 3.710906629465972717e+00 3.820691475689982131e+00 4.162157662532257163e+00 4.237082109094444604e+00 4.308252012227229422e+00 4.376966215292025453e+00 4.444748358862144144e+00 4.247615068588538101e+00 4.577440732390516409e+00 4.639073276891274134e+00 4.697584488439856543e+00
2.822068576266403284e+00 2.921871993500616327e+00 0.000000000000000000e+00 0.000000000000000000e+00 3.439475548768323954e+00 3.339757728408118798e+00 3.430272843902004265e+00 3.523194362889018993e+00 3.620539599651871221e+00 3.727505539487398600e+00 4.042314122064183834e+00 4.128385801151749135e+00 4.209364109995514802e+00 4.026016395604700371e+00 4.358172611306345701e+00 4.427840044278400278e+00 4.496278464901358518e+00 4.564283787802296821e+00 4.629085859179062901e+00 4.690560935904864337e+00 4.748762912849877615e+00
2.844634395098902591e+00 2.925809822361546519e+00 0.000000000000000000e+00 0.000000000000000000e+00 3.263503614156661570e+00 3.353547774082664912e+00 3.444522520288237910e+00 3.538128538128537670e+00 3.636213946595680646e+00 3.744247474334884807e+00 4.072729280852650291e+00 3.867111970469326199e+00 4.240587286580279169e+00 4.317463798408706310e+00 4.390719117465456733e+00 4.461589149415188693e+00 4.531858968548898581e+00 4.600731997061024536e+00 4.666099415365191128e+00 4.728033763723464844e+00 4.786680541103017106e+00
2.878687880021905787e+00 2.969879892531788190e+00 0.000000000000000000e+00 0.000000000000000000e+00 0.000000000000000000e+00 3.641985913073355619e+00 3.548295079001745567e+00 3.672521913868967314e+00 3.914431892318785078e+00 4.012535715026945837e+00 4.105904975672512336e+00 4.194428973190034604e+00 4.120716026791638065e+00 4.358040243777876022e+00 4.434466893933095122e+00 4.508722644192418194e+00 4.581948490692489884e+00 4.651862797411375539e+00 4.718174545106432305e+00 4.780963569057604445e+00 4.840370049699011190e+00
2.398047707043207133e+00 2.908687973960317308e+00 2.993606511806926385e+00 3.051939756128720926e+00 0.000000000000000000e+00 0.000000000000000000e+00 3.516837933814825679e+00 3.528979983625532668e+00 3.634892222016473440e+00 3.767240356911141674e+00 3.988118158314539308e+00 4.073882271707232938e+00 4.154779381214857459e+00 4.231042201233826461e+00 4.303135042094377027e+00 4.371883325363754125e+00 4.438587027034409438e+00 4.504535247988314950e+00 4.609816845784425965e+00 4.629156880765171955e+00 4.873026767330130404e+00
