2.822845286906937368e+00 2.785933180464179149e+00 0.000000000000000000e+00 0.000000000000000000e+00 3.432141656393589368e+00 3.541224013664958203e+00 3.646922822855884316e+00 3.749114792340697111e+00 3.847633705271257476e+00 3.942290401560317292e+00 4.033029830749460309e+00 4.119719035161801379e+00 4.393948904651308496e+00 4.281235757985884405e+00 4.356063225146238338e+00 4.427069144009153412e+00 4.494350946579453776e+00 4.558009170442330671e+00 4.618184781722853849e+00 4.674985390670653551e+00 4.728553610833185594e+00
2.189621195533172582e+00 2.875376954905673355e+00 2.954022745975143582e+00 2.886836027713625352e+00 0.000000000000000000e+00 0.000000000000000000e+00 3.588236105935771025e+00 3.687213023514679389e+00 3.781862188941834901e+00 3.872939907187761044e+00 3.960313490078371856e+00 4.043921095559911194e+00 4.123824709957662371e+00 4.199916001679965483e+00 4.272326350606394207e+00 4.341085271317829175e+00 4.406287221078576621e+00 4.467998817698774161e+00 4.526407472687244748e+00 4.581519815073201052e+00 4.633509815545425070e+00
2.742230347349177144e+00 2.847657280973481697e+00 2.757916945331190917e+00 0.000000000000000000e+00 3.345257926213167643e+00 3.447135711622475451e+00 3.546345873026909956e+00 3.588384674837141741e+00 3.736067581311359298e+00 3.826365021557467383e+00 3.913383772501955793e+00 3.997105544261053023e+00 4.077486057070982106e+00 4.154520464475386810e+00 4.228156796421069785e+00 4.298522127154377870e+00 4.365571578050182922e+00 4.429482636428065057e+00 4.490283716849616802e+00 4.548077249431490721e+00 4.602944510473416351e+00
2.133667133702694674e+00 2.828294255734366658e+00 2.880750962592394160e+00 2.781343602909713386e+00 0.000000000000000000e+00 0.000000000000000000e+00 3.493054984794936590e+00 3.566283932142706892e+00 3.673969247516668979e+00 3.759963904346518504e+00 3.842828321644730316e+00 3.922540154424212666e+00 3.998951998786524520e+00 4.240853095480755286e+00 4.142044513171700970e+00 4.208725170246382596e+00 4.272238032565478960e+00 4.332666240277290193e+00 4.390026408752615517e+00 4.444475308856310924e+00 4.496035314313741260e+00
2.709029403388370394e+00 2.760651513757246711e+00 0.000000000000000000e+00 3.102699348433136439e+00 3.321766048723946874e+00 3.420211355101698381e+00 3.517757640569595612e+00 3.485778025655325685e+00 3.704923431582413329e+00 3.585489798592005783e+00 3.880723200487862456e+00 3.964086764818381514e+00 4.044364623462797681e+00 4.121493237956856959e+00 4.195525231613626005e+00 4.266417104203796384e+00 4.579262877442273449e+00 4.672929308200304277e+00 4.764963019743520434e+00 4.519928776879879706e+00 4.576127639810944281e+00
2.740496100063242402e+00 2.664908761939491999e+00 0.000000000000000000e+00 3.086614615120202298e+00 3.176149236665466447e+00 3.273778427889806331e+00 3.482597460489931684e+00 3.459537252297132603e+00 3.664649956784788110e+00 3.561775859540321498e+00 3.835826620636747286e+00 3.917095027350944392e+00 3.995398403218362038e+00 4.070678009369459005e+00 4.142959730431420518e+00 4.212241741244061366e+00 4.513418741103356169e+00 4.605095847853131197e+00 4.694069145679415911e+00 4.460210048016948647e+00 4.515237188882791131e+00
2.196478548907074835e+00 2.795834207031523189e+00 2.746962493396724714e+00 0.000000000000000000e+00 3.128466198344756588e+00 3.238431221233084134e+00 3.430843987620955104e+00 3.518770224304352823e+00 3.604178074121307862e+00 3.559662739404768406e+00 3.766951280763435772e+00 3.844147285757434140e+00 3.918495297805642430e+00 3.989864344612283453e+00 4.058356365671902388e+00 4.123913104258114082e+00 4.186570032394443253e+00 4.246400832842486039e+00 4.303433723650144316e+00 4.357750570657811906e+00 4.409380448128725760e+00
2.715688322540212862e+00 2.854000473346419486e+00 2.857282236764162597e+00 0.000000000000000000e+00 0.000000000000000000e+00 3.397092366248154249e+00 3.493010486017478655e+00 3.584995415342401071e+00 3.674119231973001387e+00 3.760246672181695171e+00 3.750208344908050329e+00 3.923107100823852278e+00 3.999724156954692855e+00 4.073066674030402901e+00 4.143188597944978291e+00 4.210119470767276439e+00 4.273857777042490369e+00 4.334484609139569677e+00 4.392135332669937497e+00 4.446822259124670218e+00 4.498670847249675475e+00
2.493938344302043753e+00 2.828194268664314670e+00 1.511512688309288865e+00 0.000000000000000000e+00 3.333101867925837958e+00 3.434354761838010361e+00 3.419662360683652924e+00 3.512790068639918495e+00 3.722751527017523987e+00 3.617164838375336089e+00 3.900823279018361234e+00 3.985268249780123728e+00 4.066581659027466600e+00 4.144676853361333180e+00 4.219671972385358849e+00 4.291489008250733761e+00 4.606235605513732345e+00 4.705296226075644128e+00 4.488578294616468511e+00 4.548399101346601192e+00 4.605392372657514777e+00
2.686708569893309306e+00 2.756768219410475673e+00 0.000000000000000000e+00 0.000000000000000000e+00 3.164012793616947761e+00 3.341501447983961093e+00 3.432502294172451673e+00 3.521248317050436505e+00 3.504738406325351718e+00 3.541150248922031896e+00 3.772635814889336192e+00 3.851152938911086121e+00 3.926958570587080644e+00 3.999972413983352126e+00 4.070144455635425373e+00 4.137531548678058613e+00 4.202114834843108326e+00 4.503318599398633104e+00 4.323092864151952597e+00 4.379572033695332323e+00 4.433483887056997474e+00
2.412904782519214475e+00 2.742577460232626052e+00 2.816147791436094394e+00 2.681976281272262508e+00 0.000000000000000000e+00 3.284623072031084945e+00 3.370715504589089306e+00 3.396974612814219530e+00 3.536484734174230926e+00 3.615970308107960385e+00 3.693039987416308900e+00 3.767634623166766783e+00 3.839692824574034269e+00 3.909170090048075696e+00 3.976006855184233135e+00 4.040265698829006880e+00 4.101890971737971014e+00 4.160945366787332844e+00 4.217454731500238196e+00 4.271472762471666407e+00 4.323033534388701860e+00
2.759889604415822983e+00 2.944721415657700181e+00 2.965661872179973013e+00 2.894188469553137466e+00 0.000000000000000000e+00 0.000000000000000000e+00 3.680044438272461527e+00 3.784852180495394069e+00 3.885893512639562619e+00 3.982978009768776584e+00 4.076059265901726292e+00 4.165075839089236176e+00 4.449017045296554507e+00 4.330819624799785217e+00 4.668726398901475783e+00 4.480688233712697865e+00 4.549904176260530342e+00 4.615469400126752220e+00 4.677461514121805664e+00 4.736050957162762032e+00 4.791370058044026159e+00
2.508924603231494466e+00 2.507073528885068292e+00 2.889827103758889848e+00 2.942701399885093938e+00 2.816028836135282098e+00 0.000000000000000000e+00 0.000000000000000000e+00 3.513530606365112163e+00 3.619808707032174500e+00 3.703449694808312209e+00 3.784268655042887897e+00 3.862228781880629569e+00 3.937279823167783022e+00 4.009318208526021721e+00 4.078387999861750046e+00 4.144476449012578279e+00 4.207680050768074054e+00 4.267944296443150876e+00 4.325378298959162926e+00 4.380079675735053968e+00 4.432049857151624472e+00
2.749557603231787439e+00 2.784603924899231586e+00 0.000000000000000000e+00 0.000000000000000000e+00 3.342059822870829588e+00 3.346994535519125957e+00 3.543216824027178191e+00 3.639799811010394404e+00 3.623844899438303901e+00 3.824117892091588367e+00 3.911652533493524153e+00 3.995989988993501996e+00 4.077063408701420144e+00 4.154836922650784636e+00 4.229368186965359655e+00 4.300664213695225335e+00 4.368749786682139202e+00 4.433742829273615627e+00 4.495656504177501844e+00 4.554645393252223506e+00 4.610768553182118090e+00
2.772233311155466673e+00 2.926401014485684904e+00 2.992470110095062807e+00 2.989827632960416093e+00 2.971747175071286495e+00 0.000000000000000000e+00 0.000000000000000000e+00 0.000000000000000000e+00 1.631575434406959069e+00 3.951308784383318340e+00 3.995618597537871963e+00 4.080244814688881227e+00 4.160945366787332844e+00 4.237700248704375561e+00 4.310610259252417364e+00 4.379751859683699955e+00 4.445173908880773794e+00 4.507026864611644257e+00 4.565451979745994038e+00 4.620498462132601070e+00 4.672319256826395595e+00
2.258148741434912399e+00 2.732181503131223543e+00 2.838745413002838891e+00 2.776987107837351587e+00 0.000000000000000000e+00 0.000000000000000000e+00 3.351343957321660572e+00 3.396856867543379455e+00 3.514592588427149611e+00 3.592946769111712957e+00 3.669013450741763993e+00 3.742696543550432686e+00 3.813961874250209938e+00 3.882741215298000093e+00 3.949009283635859457e+00 4.012757802392433071e+00 4.073966662523649696e+00 4.132715262806250678e+00 4.188978796785656655e+00 4.242799412963490724e+00 4.294244349319737530e+00
2.786932075497989381e+00 2.894151695902304589e+00 2.817501494650182625e+00 0.000000000000000000e+00 3.439570191308893410e+00 3.549801628732512260e+00 3.656744231837584014e+00 3.760314752271856964e+00 3.860258637328700893e+00 3.956451744931649195e+00 4.048805259329407491e+00 4.137217721082572019e+00 4.221745449512076753e+00 4.302338286713286664e+00 4.379092569911527733e+00 4.452050029912210327e+00 4.521384091578579678e+00 4.587124557547873849e+00 4.649419863431965894e+00 4.708387070359679072e+00 4.764140521431727393e+00
2.797222859765893688e+00 2.836290685206323214e+00 0.000000000000000000e+00 0.000000000000000000e+00 3.417587322843432585e+00 3.525434976462536785e+00 3.630037533218267942e+00 3.684239795350906288e+00 3.828803742481621697e+00 3.922648131580758424e+00 4.012702278246310428e+00 4.098844681575345206e+00 4.181068123536626935e+00 4.259419601709353742e+00 4.333947882556891784e+00 4.404740602072981126e+00 4.471841160201989851e+00 4.535396709775841195e+00 4.595525193080648663e+00 4.652340195535121126e+00 4.705914919826434506e+00
2.670631712668899205e+00 2.846530357204845707e+00 2.943209741339776642e+00 2.801218530060576306e+00 0.000000000000000000e+00 3.411994902897410142e+00 3.537220576913740366e+00 3.691045796308954241e+00 3.787719372080299518e+00 3.881153534275437078e+00 3.971184527707721124e+00 4.057799572211638228e+00 4.140872481831921803e+00 4.220489438398151272e+00 4.296616584940017525e+00 4.369286645684987924e+00 4.438649540877188215e+00 4.504688971702362821e+00 4.567579728126746730e+00 4.627359435324017944e+00 4.684158718305556413e+00
2.754295641856818744e+00 0.000000000000000000e+00 3.011642375393296600e+00 3.153026905829596327e+00 3.367215943767494224e+00 3.471330283191124355e+00 3.572679509632223471e+00 3.671148238195179658e+00 3.766583429822969897e+00 3.643613364498830887e+00 3.947751167010651319e+00 4.033333105461406554e+00 4.115480379447291170e+00 4.194198254938496184e+00 4.269472582411150796e+00 4.341414336314897149e+00 4.683163339095460564e+00 4.775152597267781296e+00 4.537704196688849834e+00 4.596912521440823518e+00 4.653165541572907848e+00
2.739110280793920715e+00 2.963882968963911235e+00 3.031926895306859215e+00 3.007729164480816841e+00 0.000000000000000000e+00 0.000000000000000000e+00 0.000000000000000000e+00 3.814570271319979611e+00 3.916798944525758053e+00 4.014813276572179568e+00 4.108575967569640497e+00 4.198037245537004303e+00 4.495912806539510420e+00 4.611022408192479105e+00 4.440922072065917270e+00 4.513669474400549220e+00 4.582481242604763416e+00 4.647507090865597768e+00 4.708869052493652951e+00 4.766736351812380867e+00 4.821169064624326595e+00
2.685360544986855835e+00 2.740592389585748467e+00 0.000000000000000000e+00 2.730924849260135012e+00 3.146633102580238983e+00 3.350785340314136107e+00 3.335302088038077706e+00 3.424346404086851869e+00 3.619430774906207571e+00 3.530266846641055167e+00 3.786079617812471376e+00 3.865401207937877004e+00 3.941963236006030602e+00 4.015702782605083065e+00 4.086608392092758280e+00 4.154693072049302494e+00 4.436496669214808009e+00 4.522034641525981336e+00 4.609499697286587150e+00 4.399381336999484304e+00 4.453915677097965542e+00
2.101900117706406501e+00 2.774771775021504183e+00 2.638710597632292210e+00 0.000000000000000000e+00 3.116192428344886522e+00 3.315901821673563177e+00 3.409478349812478548e+00 3.496167925744134930e+00 3.464235235429426574e+00 3.662269639784686337e+00 3.741477745136078337e+00 3.818012689685811978e+00 3.891807744697412197e+00 3.962858450795645915e+00 4.031100968830707565e+00 4.096569805549486354e+00 4.159272404614019258e+00 4.456266882395689244e+00 4.276492190310690944e+00 4.331147135255537961e+00 4.383201380708435124e+00
2.728944042284270122e+00 2.739475846954615879e+00 0.000000000000000000e+00 3.134992789516584111e+00 3.342548553999568295e+00 3.444569979883711053e+00 3.544029352901934438e+00 3.517289893653705590e+00 3.734698111902620798e+00 3.619783509101666574e+00 3.913437508582099600e+00 3.998097457072151695e+00 4.079515989628349715e+00 4.157687217190650486e+00 4.232601957919744251e+00 4.304307723841081845e+00 4.629472035946488262e+00 4.728423995723859186e+00 4.500668176121531694e+00 4.560149736259996978e+00 4.616741545161379356e+00
2.569462287932555267e+00 2.818866674653455195e+00 2.946941349013802114e+00 2.835819863188982826e+00 0.000000000000000000e+00 0.000000000000000000e+00 3.504124354365087068e+00 3.613369467028003434e+00 3.754562836780809931e+00 3.846342128635667379e+00 3.934942287513115922e+00 4.020239828100089063e+00 4.102171416069572807e+00 4.180745269246848750e+00 4.255972315248938820e+00 4.327916457251354210e+00 4.396600877946237773e+00 4.462079191608546047e+00 4.524514642974663658e+00 4.583923427953722651e+00 4.640435508335468029e+00
2.607874370938411790e+00 2.883100810081007825e+00 3.050936776269259187e+00 3.064771152144991628e+00 2.978396237523636803e+00 0.000000000000000000e+00 0.000000000000000000e+00 3.784204044282067692e+00 3.884633208843332852e+00 3.980973691254899194e+00 4.073235391582900711e+00 4.161262804552420924e+00 4.245161559714112798e+00 4.324932894890400448e+00 4.400651846554771041e+00 4.472395001926569691e+00 4.540326353154839012e+00 4.604526180511171241e+00 4.665139062307048334e+00 4.722243133926920855e+00 4.776045019415660953e+00
2.776314478124065399e+00 2.217168032728261462e+00 2.812862327540666563e+00 2.967484844630972063e+00 2.972567448970925064e+00 2.738933946043000667e+00 0.000000000000000000e+00 3.484077764615706396e+00 3.567231828101392832e+00 3.601556980787078643e+00 3.725782414307003965e+00 3.801046324388203779e+00 3.873582856629014248e+00 3.943298092939456989e+00 4.010205281025505997e+00 4.074304260755472917e+00 4.135620791144256181e+00 4.194220364337942542e+00 4.250068549492733716e+00 4.303308082705482818e+00 4.353925789753760434e+00
2.805718053392814326e+00 2.888076470629671100e+00 0.000000000000000000e+00 0.000000000000000000e+00 3.463362571652730537e+00 3.495736572258931307e+00 3.683727654369039595e+00 3.788452795878163748e+00 3.889324826856811690e+00 3.986144710798327662e+00 4.078895518054297398e+00 4.167477009418496969e+00 4.457275301894684461e+00 4.332189543607269933e+00 4.408442166749324542e+00 4.480750008616825930e+00 4.549245583440745477e+00 4.614007299772742599e+00 4.675210384467300528e+00 4.732932291630940647e+00 4.787306797975653616e+00
2.837422768899009018e+00 2.759264762066476528e+00 2.861809501207543516e+00 0.000000000000000000e+00 0.000000000000000000e+00 3.379217125044826187e+00 3.472728661818737184e+00 3.563642461848063103e+00 3.651864909089632238e+00 3.594909055714177182e+00 3.819683648343553006e+00 3.899115516427589245e+00 3.975489053696518837e+00 4.048749691197056855e+00 4.118932428564446191e+00 4.186027041734689647e+00 4.250097683696761663e+00 4.311154068130140793e+00 4.369316475053933502e+00 4.424625808012720540e+00 4.477156327375096723e+00
2.364974724332633560e+00 2.838450621343763913e+00 2.917679749913164589e+00 2.870786595527174079e+00 0.000000000000000000e+00 0.000000000000000000e+00 0.000000000000000000e+00 3.591904400082890358e+00 3.682064179073370358e+00 3.769343585947887210e+00 3.853591065173859409e+00 3.934752145130226086e+00 4.012785565041719238e+00 4.251001042180900136e+00 4.159272404614019258e+00 4.227773003243601835e+00 4.293212569418477287e+00 4.355581366408097566e+00 4.414980580983851155e+00 4.471502768892098523e+00 4.525197120329105260e+00
2.225545084675035312e+00 2.939056562843327391e+00 2.912015530749497483e+00 0.000000000000000000e+00 0.000000000000000000e+00 3.510052791193979171e+00 3.701298247819376552e+00 3.806966055706296093e+00 3.908594720605274020e+00 4.006050517678424683e+00 4.099271858151297465e+00 4.188179720971108466e+00 4.272856335543272266e+00 4.353293992454290162e+00 4.429543007455261083e+00 4.501800720288114732e+00 4.570165685558958302e+00 4.634709887608284617e+00 4.695581319872666803e+00 4.752948525567466831e+00 4.806932970753245549e+00
2.460683346239858516e+00 2.790139646489306458e+00 2.904484949809083005e+00 2.759629381774027390e+00 0.000000000000000000e+00 3.423293767509449026e+00 3.519425850527913457e+00 3.561326731181470695e+00 3.702510164761701805e+00 3.679075598190439500e+00 3.872538172161982040e+00 3.952434495212784338e+00 4.028812958885268358e+00 4.101722723543888449e+00 4.171168337413328153e+00 4.237201260225664790e+00 4.299901034023820401e+00 4.359316677110862237e+00 4.415580886648641012e+00 4.468736035199889045e+00 4.518907519872922052e+00
2.384289698423478931e+00 2.737764299553533398e+00 2.902202842743077049e+00 2.923874830310835282e+00 2.753360119108319015e+00 0.000000000000000000e+00 3.458101640523417508e+00 3.547817069093737619e+00 3.634863937256656463e+00 3.719115552218486886e+00 3.800494755317237683e+00 3.878843968397629460e+00 3.954214360041623522e+00 4.026491537425544109e+00 4.095714771646546737e+00 4.161890726488728376e+00 4.225049696281263145e+00 4.285260087640479831e+00 4.342581423401688845e+00 4.397084183550783010e+00 4.448855275315697355e+00
2.781022303798875939e+00 2.871691426250061241e+00 0.000000000000000000e+00 0.000000000000000000e+00 3.444214064792554542e+00 3.555047470339750770e+00 3.662649270234410004e+00 3.766839484696359097e+00 3.867430023688009033e+00 3.964321110009910498e+00 4.057353092872124201e+00 4.146481365021664978e+00 4.231735284481817239e+00 4.313059670838240045e+00 4.390580462613859147e+00 4.464316375799283421e+00 4.534461910519951289e+00 4.600984748078917441e+00 4.664115121335583147e+00 4.723891939260334460e+00 4.780506460513015199e+00
2.336892225451677074e+00 2.865790154263386569e+00 2.934846409704558567e+00 2.819225744344357576e+00 0.000000000000000000e+00 0.000000000000000000e+00 3.585044847532179002e+00 3.683830071174376997e+00 3.779419343755368033e+00 3.871654648405361776e+00 3.960423556877240792e+00 4.159648680163930301e+00 4.127285484336951527e+00 4.205330428667943821e+00 4.279876297768941740e+00 4.350888824431276447e+00 4.418516345058510986e+00 4.482782041703456066e+00 4.543827279486683857e+00 4.601711561972004816e+00 4.656577415599533865e+00
2.317220458950087991e+00 2.747349512169349417e+00 2.878072513722238046e+00 2.921332684148291836e+00 2.839866179964397386e+00 0.000000000000000000e+00 0.000000000000000000e+00 3.484126320483875272e+00 3.565526840874650993e+00 3.605752562164560970e+00 3.726039496018657360e+00 3.801414126054892595e+00 3.874065208819032158e+00 3.943914811440072832e+00 4.010981791525763285e+00 4.075232944459409978e+00 4.136732808427903585e+00 4.195467519515801769e+00 4.251525749159980272e+00 4.304954797974620995e+00 4.355786049233993928e+00
2.401435210690624711e+00 2.860332077577786958e+00 2.802160465719068849e+00 0.000000000000000000e+00 3.331713750260289597e+00 3.432863007748462092e+00 3.531733665731795480e+00 3.556113377261793218e+00 3.721545681973245756e+00 3.812296388715602724e+00 3.900075948847424812e+00 3.984802786613811598e+00 4.066469546278490554e+00 4.144963178910426649e+00 4.220401837604470963e+00 4.292677522986595662e+00 4.361901516442324045e+00 4.428124723242204297e+00 4.491400695130630893e+00 4.551815970759677477e+00 4.609513221846381903e+00
2.565951898804404774e+00 2.854676098702166875e+00 2.800394855674650074e+00 0.000000000000000000e+00 3.225298930144744780e+00 3.431108247964091973e+00 3.453706517834939760e+00 3.623931623931623491e+00 3.716012508238329293e+00 3.805043412086201560e+00 3.890917778763779644e+00 3.973528081882082397e+00 4.052865857009397388e+00 4.128875982328410466e+00 4.201593850519688367e+00 4.271031385191920826e+00 4.337229955801561232e+00 4.400319023129176443e+00 4.460333907458363889e+00 4.517361039814377754e+00 4.571491899454883878e+00
2.259647636196730591e+00 2.868958568039801538e+00 2.880730721939222860e+00 0.000000000000000000e+00 0.000000000000000000e+00 3.469355185645196293e+00 3.569810388148229485e+00 3.627662320448155509e+00 3.761403892711082886e+00 3.852239113985003627e+00 3.939565680162559147e+00 4.023391163800577708e+00 4.103658411473828593e+00 4.180315511026438280e+00 4.253479485677628347e+00 4.323118223337865551e+00 4.389356854712287870e+00 4.452266829916450952e+00 4.511946245366577735e+00 4.568454132028324288e+00 4.621932795717468956e+00
2.537827345432596360e+00 2.789322473571169692e+00 2.926890457640229037e+00 2.927318854721347119e+00 2.787213657346920836e+00 0.000000000000000000e+00 6.742917829117603956e-01 3.566034569558650613e+00 3.653994800084323202e+00 3.739068418027848395e+00 3.821116182774408454e+00 3.900074519280992913e+00 3.975870578557718638e+00 4.048499653475877480e+00 4.117994262261326810e+00 4.184330027026654797e+00 4.247555914547530342e+00 4.307780672424049051e+00 4.365025235302141482e+00 4.419370653997803267e+00 4.470918395421778158e+00
2.827274719216279486e+00 2.787446484601145080e+00 0.000000000000000000e+00 3.231922778591743040e+00 3.432627813896650171e+00 3.542453878639697518e+00 3.649157595411700150e+00 3.752524425522624441e+00 3.852371616276269783e+00 3.948571586910138098e+00 4.041040533691318437e+00 4.129686143853065872e+00 4.214511738451546030e+00 4.295474070336683603e+00 4.372719695002801110e+00 4.446238140514805259e+00 4.516146962370073403e+00 4.582569571738043912e+00 4.645602049530315192e+00 4.705361344072628960e+00 4.761937625518464223e+00
2.276929870559986746e+00 2.728322081919619002e+00 2.846550120110529214e+00 2.762607051023226568e+00 0.000000000000000000e+00 3.294825065381684848e+00 3.380289463154844576e+00 3.382711525180058576e+00 3.547431242435624021e+00 3.506778603039675701e+00 3.524923281081529414e+00 3.780380512482129696e+00 3.852954734662143554e+00 3.922918100481761705e+00 3.990227442964248361e+00 4.054894887336843112e+00 4.116920543433510993e+00 4.176324416880703438e+00 4.233142032324550108e+00 4.287452976322194687e+00 4.339291249095981406e+00
2.935851641630376374e+00 2.874389192296636697e+00 3.036165675793992325e+00 3.062296861841692586e+00 2.991033854329695263e+00 0.000000000000000000e+00 0.000000000000000000e+00 3.743241369749064074e+00 3.841826514091271072e+00 3.997711654707994722e+00 4.027721837196705401e+00 4.114887663566785037e+00 4.198095028354346780e+00 4.277455052226345700e+00 4.352933047744073747e+00 4.424686987963468709e+00 4.492766645700421613e+00 4.557318639433233898e+00 4.618428217907093014e+00 4.676207045943733931e+00 4.730758155415690780e+00
2.451220707912540320e+00 2.808850688519524574e+00 2.679528403001071535e+00 0.000000000000000000e+00 3.190766200074913517e+00 3.373377852741730187e+00 3.466757264589847676e+00 3.557696254840519323e+00 3.533666837576043385e+00 3.569029224051058158e+00 3.814480038689725738e+00 3.894405964004562293e+00 3.971378684651990731e+00 4.045362917049490470e+00 4.116355653128429992e+00 4.184330027026654797e+00 4.249390456287009066e+00 4.568422509863639291e+00 4.370808462977886499e+00 4.427319327324169329e+00 4.481182480644738675e+00
2.602719490148354797e+00 2.876506658060532740e+00 2.919322439163405392e+00 2.833603706353647667e+00 0.000000000000000000e+00 0.000000000000000000e+00 3.583438998842273016e+00 3.672598259327013892e+00 3.774672632937106975e+00 3.864921010676844126e+00 3.951445743876991656e+00 4.034215618568332218e+00 4.113166932879971149e+00 4.188323503360957822e+00 4.259746789477727447e+00 4.327487790302305903e+00 4.391651679283951282e+00 4.452390248580371690e+00 4.509661081624864565e+00 4.563721817314896789e+00 4.614611098484065366e+00
2.735843762276221725e+00 2.853921009035095935e+00 2.741324411142429085e+00 0.000000000000000000e+00 3.255569101185858738e+00 3.472198109735348925e+00 3.477535123104743331e+00 3.670004293212569380e+00 3.764089194972850105e+00 3.854731683141055409e+00 3.941854192888065711e+00 4.025373735130408193e+00 4.105258836569644743e+00 4.181519056758980390e+00 4.254191424665941135e+00 4.323359389709009903e+00 4.389032904031052063e+00 4.451353553892195336e+00 4.510414958176151679e+00 4.566241637205183501e+00 4.619065018510730702e+00
2.253414650102857575e+00 2.873504238418751466e+00 2.928482279195922189e+00 2.826044829145403892e+00 0.000000000000000000e+00 3.507024570214138937e+00 3.609907808508274751e+00 3.682085969888718946e+00 3.805359329703250637e+00 3.897604365316888586e+00 3.986089920690556010e+00 4.070678009369459005e+00 4.151444702756558414e+00 4.228359119392224308e+00 4.301457033223634596e+00 4.370838313129588037e+00 4.436617795615256377e+00 4.498830304120927437e+00 4.557637103247486721e+00 4.613181304910628278e+00 4.665491145858347011e+00
2.773215009492928207e+00 2.899247609888555566e+00 2.836506530883329269e+00 0.000000000000000000e+00 0.000000000000000000e+00 3.528679166954956870e+00 3.633238543071343862e+00 3.734310708481725971e+00 3.831679781046870126e+00 3.925268398834814931e+00 4.014896651022413998e+00 4.100610921525427166e+00 4.182293130754938026e+00 4.260044276525759344e+00 4.333918068310803839e+00 4.403982851991769643e+00 4.470364919327106001e+00 4.533091568449681752e+00 4.592375286166669568e+00 4.648301319297286405e+00 4.700937422227138285e+00
2.819283901888919974e+00 2.963652913905882702e+00 3.018942106519510560e+00 3.020787231202624046e+00 3.012216991705895186e+00 0.000000000000000000e+00 0.000000000000000000e+00 0.000000000000000000e+00 0.000000000000000000e+00 3.963425233807321924e+00 4.054781496214372005e+00 4.142015919147849168e+00 4.225166755556786669e+00 4.304180608972133726e+00 4.379227170671689429e+00 4.450347811798214259e+00 4.517670251141395532e+00 4.581297201243891060e+00 4.641367748728820075e+00 4.698000285965234113e+00 4.751280780036357676e+00
2.347801959347453060e+00 2.546184966192321930e+00 2.968302766882221722e+00 3.076966111414145555e+00 3.085213599621546621e+00 3.032482827684451987e+00 0.000000000000000000e+00 0.000000000000000000e+00 3.761995636085062156e+00 3.852106620808254611e+00 3.938640132669983807e+00 4.021522076769469045e+00 4.100724924762122470e+00 4.176237210273543887e+00 4.248146574760527372e+00 4.316458037861503172e+00 4.381267646772466939e+00 4.442682560078737630e+00 4.500818330605564022e+00 4.555745761775912506e+00 4.607566036049045799e+00
