2.854492257189751747e+00 0.000000000000000000e+00 0.000000000000000000e+00 3.184555612956187609e+00 3.276951180399648500e+00 3.369086908690869464e+00 3.462507963768316710e+00 3.559066547565878036e+00 3.661611800062178901e+00 3.780276578780963792e+00 4.088590752855083110e+00 4.175452514666277537e+00 4.257539965939679760e+00 4.335558461220838211e+00 4.410477640945771327e+00 4.483665192491899099e+00 4.556614231598420162e+00 4.626496706210553533e+00 4.692794490107175420e+00 4.755701672766370791e+00 4.815232644525767824e+00
2.818429711886022648e+00 2.919180405349050211e+00 0.000000000000000000e+00 0.000000000000000000e+00 0.000000000000000000e+00 3.335278912699074283e+00 3.427196553219465702e+00 3.521929188506080610e+00 3.622103188147363984e+00 3.735473159933591525e+00 4.013550836043046743e+00 4.099480732440556885e+00 3.935349797364005919e+00 4.256546156064205277e+00 4.328617659385884942e+00 4.397598771464469536e+00 4.328290531349189507e+00 4.531566480140067021e+00 4.595840421445426038e+00 4.656800640994911866e+00 4.714593747616703467e+00
2.810014893078933262e+00 2.876284682030235906e+00 0.000000000000000000e+00 3.232127345817425113e+00 3.198976327575175915e+00 3.283154622611854201e+00 3.367759317467444724e+00 3.454541685954524599e+00 3.544768338963259158e+00 3.640985126919245918e+00 3.755999165333518519e+00 4.042628823943514860e+00 4.122270742358078444e+00 3.938231941133796266e+00 4.272238032565478960e+00 4.344797622085365241e+00 4.417205013527690127e+00 4.486652209676212699e+00 4.553053263927585803e+00 4.616429056347589821e+00 4.676888039367195660e+00
2.775888631348110369e+00 2.866671794047110922e+00 0.000000000000000000e+00 0.000000000000000000e+00 3.287516828955195702e+00 3.243280543767036228e+00 3.324399010991293757e+00 3.406704951541359438e+00 3.491156899573380379e+00 3.579295154185021755e+00 3.674890099984744918e+00 3.800547278808148466e+00 4.052002994361535215e+00 4.125923175310475699e+00 3.948598940112916456e+00 4.261402688807632622e+00 4.324814135963917394e+00 4.387125527499616595e+00 4.449388209121245552e+00 4.509191814082552874e+00 4.566115273655590556e+00
2.783441307660726061e+00 2.825497287522603873e+00 0.000000000000000000e+00 3.075460620124695676e+00 3.154109805076013906e+00 3.231153943412659935e+00 3.307015005580588252e+00 3.382015957593660804e+00 3.748828491096532378e+00 3.530877873165328751e+00 3.605227579990986975e+00 3.679737836036435450e+00 3.767484553313331208e+00 3.829310236790619548e+00 3.904136329700889085e+00 4.309136052420981855e+00 4.382180956684879725e+00 4.452329253173140877e+00 4.519588306592436489e+00 4.584017515051997727e+00 4.645633787421263428e+00
2.769718665826518489e+00 0.000000000000000000e+00 3.148923068310637507e+00 3.052979850332987688e+00 3.129324552680440075e+00 3.204101249599486945e+00 3.277682469280443822e+00 3.350434509475447520e+00 3.422648151769998037e+00 3.494695052909682520e+00 3.566782761948722236e+00 3.639085147726258018e+00 3.730982353835311294e+00 3.784490469964907344e+00 3.857440037472274152e+00 4.252925601240207243e+00 4.323923651862375372e+00 4.392466919233513956e+00 4.458223020891919575e+00 4.521229226321773709e+00 4.581478518336171035e+00
2.736112475269752764e+00 2.820456772974383242e+00 0.000000000000000000e+00 0.000000000000000000e+00 3.095278293657493851e+00 3.166739384385863332e+00 3.236860807948603647e+00 3.306012810799641599e+00 3.374655647382919899e+00 3.443217893714749511e+00 3.512025174196447885e+00 3.602679839542182183e+00 3.683919690550746306e+00 3.779445314862153182e+00 4.109926843302189603e+00 4.173794047211768721e+00 4.235059461600989117e+00 4.008348422231129859e+00 4.080842175158045926e+00 4.415400918403390662e+00 4.472087295144000940e+00
2.787864426152956376e+00 2.867473755621297471e+00 0.000000000000000000e+00 0.000000000000000000e+00 3.363676498412765170e+00 3.248234204597287622e+00 3.330580978219388477e+00 3.414301043800604951e+00 3.500542584100535315e+00 3.591234625026761051e+00 3.691681874538539798e+00 3.972629949520201986e+00 4.051223950286675368e+00 4.125270720891058396e+00 3.963345883928632407e+00 4.261443022410998260e+00 4.325437693099896563e+00 4.388521274042582299e+00 4.451306875878088931e+00 4.511351253808621564e+00 4.568580625064893930e+00
2.781235007405038484e+00 2.854838594562959742e+00 0.000000000000000000e+00 3.292400159716433627e+00 3.171538885824599863e+00 3.250885347498893019e+00 3.329107020165888997e+00 3.406562847608453293e+00 3.483616551358958979e+00 3.853672549940093006e+00 3.637611530542209870e+00 4.022609841523043350e+00 4.102507999890599777e+00 4.180427239663893069e+00 4.258066288477122541e+00 4.027721837196705401e+00 4.409111258835180180e+00 4.480194095793442521e+00 4.548367756207488455e+00 4.613657804312048860e+00 4.676174888940845875e+00
2.754704187150364358e+00 2.804557405784399826e+00 0.000000000000000000e+00 3.245452913311880572e+00 3.098766127669164039e+00 3.171342098187508451e+00 3.242743498989229423e+00 3.313338257322132829e+00 3.383440475615060894e+00 3.453452395215911075e+00 3.523681210488133431e+00 3.615203320425203870e+00 3.703367269220824820e+00 4.041704914439161911e+00 4.110461810384396841e+00 4.177281069383954382e+00 3.953912639340737112e+00 4.310224965935319119e+00 4.374301326871401940e+00 4.435757752179759095e+00 4.494661724843723505e+00
2.716747704696490295e+00 2.798553148022472126e+00 2.843009040768749607e+00 0.000000000000000000e+00 0.000000000000000000e+00 3.130135378355113573e+00 3.198909589079200533e+00 3.266588361215170710e+00 3.338224759891229798e+00 3.410949845115032186e+00 3.484636238823029419e+00 3.560756276705671741e+00 3.642211165782457183e+00 3.955147242499097882e+00 3.742955964816213843e+00 4.084882473084777921e+00 4.145364101146883584e+00 4.204489843744614319e+00 4.263835113369872865e+00 4.322499639791696602e+00 4.188869966489040308e+00
2.867293275148259823e+00 2.960602835129667376e+00 0.000000000000000000e+00 0.000000000000000000e+00 3.525946820425602368e+00 3.424633599150131769e+00 3.529900332225913484e+00 3.643588315768487629e+00 3.933177386300121814e+00 4.031569237076770840e+00 4.124902033576701932e+00 4.213813017228278390e+00 4.298659788811003857e+00 4.380291426263953625e+00 4.459899234151677661e+00 4.423188566057556059e+00 4.614325068870522628e+00 4.686162915472487533e+00 4.754433509247371958e+00 4.819244396779929218e+00 4.880594890288294074e+00
2.158332278975611196e+00 2.833583633220934317e+00 2.905830341019946417e+00 0.000000000000000000e+00 0.000000000000000000e+00 0.000000000000000000e+00 3.283269297939224618e+00 3.362309906906043810e+00 3.437535076888539542e+00 3.499526534645312381e+00 3.616340399980894738e+00 3.650263438823650564e+00 3.984967055315464801e+00 4.057799572211638228e+00 4.126575836147428511e+00 3.967521051803510890e+00 4.255085513492739224e+00 4.317157917458725791e+00 4.232672065058251221e+00 4.439049765909484968e+00 4.496127199525862927e+00
2.803633509027699589e+00 0.000000000000000000e+00 0.000000000000000000e+00 3.106379373640958619e+00 3.189881142254829438e+00 3.272114621478996010e+00 3.353454057679409850e+00 3.434018763478523528e+00 3.518326965161525877e+00 3.615706070909558090e+00 3.719648699845014228e+00 4.037029303264424662e+00 4.116920543433510993e+00 4.194169416941694095e+00 4.269884231042057721e+00 4.345726702076291303e+00 4.419273471441294454e+00 4.261080527549260033e+00 4.557224236147073171e+00 4.621773381344590703e+00 4.683389120762566193e+00
2.851724580440020862e+00 2.945425473722596887e+00 0.000000000000000000e+00 0.000000000000000000e+00 0.000000000000000000e+00 3.580379520229144408e+00 3.486604465642999529e+00 3.593979028075318105e+00 3.716858016023788291e+00 3.955588291458656869e+00 4.047721955804364669e+00 3.929598146884242027e+00 4.028623712888864894e+00 4.294390707756487124e+00 4.367750747024036428e+00 4.437972401359129293e+00 4.506288320519998614e+00 4.573753481513842978e+00 4.638218923933209226e+00 4.699280595426494678e+00 5.001712915381980373e+00
2.703227237440390063e+00 2.794597112249650461e+00 2.846205296788056671e+00 0.000000000000000000e+00 0.000000000000000000e+00 3.317475330688763435e+00 3.194644109701300305e+00 3.265294779696813698e+00 3.336971559269481524e+00 3.410106190706778229e+00 3.485510731887543567e+00 3.564863032370354290e+00 3.653408699248638314e+00 3.670563466120005724e+00 3.992263269112959367e+00 4.055291806212985684e+00 4.115677989354113109e+00 4.174593832550881345e+00 4.233382267590727110e+00 4.291757781365595825e+00 4.347766076382658440e+00
2.859982411108171529e+00 2.927890245942780467e+00 0.000000000000000000e+00 3.391660667811063679e+00 3.290302707849122044e+00 3.385431360379167920e+00 3.482718749564659877e+00 3.584674139333526632e+00 3.907940096861086232e+00 4.004501612157113755e+00 4.096624797772546955e+00 3.928108719023072570e+00 4.268414421733113251e+00 4.349446998881569826e+00 4.428818663723204985e+00 4.507722074661748124e+00 4.583170870186815016e+00 4.655111038089761344e+00 4.723536217200516418e+00 4.788616773840471019e+00 4.850323127160442560e+00
2.848409059330276438e+00 0.000000000000000000e+00 0.000000000000000000e+00 2.690824289173916473e+00 3.262574796262616594e+00 3.352962132483916058e+00 3.444380149348322817e+00 3.538644074852729471e+00 3.637911152600076914e+00 3.749036705846414463e+00 3.852134082281583716e+00 4.153715152060588167e+00 4.235348767308572349e+00 4.312882511603707947e+00 4.387287833502426793e+00 4.459966653172408257e+00 4.532437833494715740e+00 4.602090860384927318e+00 4.668245632101053033e+00 4.731050087421577288e+00 4.790583082398028658e+00
2.805659014231705051e+00 2.908385845855550045e+00 2.957172428867145264e+00 0.000000000000000000e+00 3.361032051373732621e+00 3.332731590129560217e+00 3.425112364655636288e+00 3.521199693448497037e+00 3.624627952851954937e+00 3.762515590053023828e+00 4.011586004324353638e+00 4.097535228385501327e+00 3.941636124749325454e+00 4.260550099878469332e+00 4.339978782325952800e+00 4.227860910306969977e+00 4.493341684594645891e+00 4.565214428803096247e+00 4.633856198301381291e+00 4.699442977788220510e+00 4.761937625518464223e+00
2.801081217349896679e+00 0.000000000000000000e+00 3.028009084027252218e+00 3.112463687923641142e+00 3.194755045629436019e+00 3.275398274492312911e+00 3.354790011112741777e+00 3.718306697161458896e+00 3.511260129296990495e+00 3.588979073491248339e+00 3.666728931874943864e+00 3.744617112900205491e+00 4.157550725526680147e+00 3.900930063852065199e+00 4.311996933691068179e+00 4.389063003627834192e+00 4.463304768182815963e+00 4.534368451787983645e+00 4.602312146669505388e+00 4.667233236273458097e+00 4.729104554333298793e+00
2.886653101743960725e+00 2.985944731584896150e+00 0.000000000000000000e+00 0.000000000000000000e+00 0.000000000000000000e+00 3.432910627604720766e+00 3.584501168409515159e+00 3.720545680033071623e+00 3.965493251704466093e+00 4.065040650406504419e+00 4.159733777038269409e+00 4.249689841184977723e+00 4.171111293454773161e+00 4.417201261280852442e+00 4.496589509802564777e+00 4.574977644995597892e+00 4.650272177695105924e+00 4.805184107196792453e+00 4.789566954724907788e+00 5.080114783134018985e+00 4.914340318067026203e+00
2.755288033572124817e+00 2.797682435969170989e+00 0.000000000000000000e+00 3.027401503844095565e+00 3.101309441764300345e+00 3.173683266410012305e+00 3.244892745938706025e+00 3.315329253636501772e+00 3.385264226925545294e+00 3.455042980734680302e+00 3.524923281081529414e+00 3.595058177720317882e+00 3.670360110803323472e+00 3.796690666353726762e+00 3.807335003945783392e+00 3.878358069408758269e+00 4.261929966866931707e+00 4.329331564950281930e+00 4.394095434260212762e+00 4.456236331352022795e+00 4.515784720226609927e+00
2.725010577343688567e+00 2.800061601355229968e+00 0.000000000000000000e+00 0.000000000000000000e+00 3.069260656961291911e+00 3.137484574034177243e+00 3.204436054085307184e+00 3.270498020304921649e+00 3.335951128315969960e+00 3.401242494707249708e+00 3.466516913136019173e+00 3.532076098925833296e+00 3.598043218034499890e+00 3.664447256158691157e+00 3.731162809980169914e+00 3.797949107481959796e+00 4.204634748204413519e+00 4.265155059024242412e+00 4.326566491772655176e+00 4.386055086110596690e+00 4.443046973259692223e+00
2.795482500279547811e+00 0.000000000000000000e+00 0.000000000000000000e+00 3.095321843123461036e+00 3.176269126664088560e+00 3.255614202790130474e+00 3.333796360605639109e+00 3.411163554850117130e+00 3.778575477045153619e+00 3.564738446053624443e+00 3.641535491229395571e+00 3.718515400266610094e+00 4.118107317876703810e+00 4.195611802737464480e+00 3.950870577797493510e+00 4.349116715105241227e+00 4.423066290706032078e+00 4.493978069387021712e+00 4.561949196474857082e+00 4.626944007071627674e+00 4.689073080583100683e+00
2.789925578735187539e+00 2.893518518518518157e+00 2.951946527597185455e+00 0.000000000000000000e+00 0.000000000000000000e+00 3.305853426723691868e+00 3.394950530720837634e+00 3.487139429782960764e+00 3.584649428179480068e+00 3.639410003570741292e+00 3.974895397489539572e+00 4.059502676519561426e+00 4.140872481831921803e+00 4.219701162147204698e+00 4.297232036887984385e+00 4.172838991007531639e+00 4.448645943390980406e+00 4.519774011299435124e+00 4.587815583508515260e+00 4.652881365210132181e+00 4.714982711730057119e+00
2.856207374588113801e+00 2.969162143873168791e+00 3.043655707200320304e+00 0.000000000000000000e+00 0.000000000000000000e+00 3.587146976449000491e+00 3.540339039526844367e+00 3.656963064673047104e+00 3.933910306845004090e+00 4.032258064516129004e+00 4.125781319837444450e+00 4.214424385626740488e+00 4.298522127154377870e+00 4.378648874061717322e+00 4.324250120118058760e+00 4.531473140722837911e+00 4.571288216310628982e+00 4.676271361276347349e+00 4.743180818301802937e+00 4.806503886401713110e+00 4.866446876906310059e+00
2.656042496679946741e+00 2.802474585058606138e+00 2.883465785216963173e+00 2.936857562408222933e+00 0.000000000000000000e+00 0.000000000000000000e+00 0.000000000000000000e+00 3.315375051802734951e+00 3.391425921568084423e+00 3.469571854833113811e+00 3.551161090415346333e+00 3.639545056867891315e+00 3.751380716513716518e+00 3.992483117991643127e+00 4.060424624066619081e+00 4.124306600952714064e+00 4.184789319868830404e+00 4.054119053672413209e+00 4.300517427334907161e+00 4.358099596194834113e+00 4.413640908934174156e+00
2.873019543540260567e+00 0.000000000000000000e+00 0.000000000000000000e+00 3.422409096623688640e+00 3.309751354929460820e+00 3.406420755530219946e+00 3.505278950098848156e+00 3.608905668757980578e+00 3.723290561458426851e+00 4.039850730939093637e+00 4.132886063219380013e+00 3.955804119492565274e+00 4.304866549136976417e+00 4.384957507673674648e+00 4.462661256548097199e+00 4.539764207398439666e+00 4.614579315664774306e+00 4.685717390123321557e+00 4.753179119077469927e+00 4.817121425867941120e+00 4.877646638545773961e+00
2.725747833379926988e+00 2.841283151190912903e+00 2.890412090180856985e+00 0.000000000000000000e+00 0.000000000000000000e+00 3.201804147032414338e+00 3.274918998014144211e+00 3.347070267556429446e+00 3.418803418803418648e+00 3.490523229432092034e+00 3.562522265764161311e+00 3.664269911504424382e+00 3.757985719654265200e+00 4.100069017828467111e+00 4.168745344331530767e+00 4.234423128145937909e+00 4.298404814213391489e+00 4.081576180198129400e+00 4.157917714808424314e+00 4.486316733961417391e+00 4.544098098261034835e+00
2.783789990883087651e+00 2.875477785180769352e+00 0.000000000000000000e+00 0.000000000000000000e+00 0.000000000000000000e+00 2.810247529640515829e+00 3.354227374688161678e+00 3.443289029681151359e+00 3.536779034528672039e+00 3.639784909314415451e+00 3.895944117124382267e+00 3.978461432932057562e+00 4.057018297840153664e+00 3.926295849836404006e+00 4.203446826397645886e+00 4.272797441834821797e+00 4.341115184256222115e+00 4.315748371318768761e+00 4.428577268453540938e+00 4.535334377834583819e+00 4.594390728930946466e+00
2.866291019420868835e+00 2.961493694773307706e+00 0.000000000000000000e+00 0.000000000000000000e+00 2.697426796805678428e+00 3.419185117473431568e+00 3.519037301795398864e+00 3.623819645283807844e+00 3.739922985289636070e+00 4.062129933078130861e+00 4.155700235489679706e+00 4.244249726177437232e+00 4.067002136899427356e+00 4.408351070058341925e+00 4.268355650407902324e+00 4.562727285109165365e+00 4.637512632030676762e+00 4.708521731905081609e+00 4.775780563265249690e+00 4.839434477513913535e+00 4.899592850734938665e+00
2.758991482498089898e+00 2.872777976303084735e+00 2.929013271219654602e+00 0.000000000000000000e+00 0.000000000000000000e+00 3.245632207720460460e+00 3.323524320581616287e+00 3.402092634122294790e+00 3.483179725107456104e+00 3.565966959944590453e+00 3.652124778633002222e+00 3.745785990760394757e+00 3.772704823574603683e+00 4.165187228580012224e+00 3.929083489577588573e+00 4.298844770762396017e+00 4.360059133301994905e+00 4.419462206692722717e+00 4.478743195755528816e+00 4.537454625453745116e+00 4.593130869952697815e+00
2.178633926249727626e+00 2.843371822878740129e+00 2.909715679210774120e+00 0.000000000000000000e+00 0.000000000000000000e+00 0.000000000000000000e+00 3.289036312360478664e+00 3.367790179798757055e+00 3.448204519906484578e+00 3.531293492033817483e+00 3.580724683587885870e+00 3.719059491177564070e+00 4.004473964014968246e+00 4.077542416807767189e+00 3.890374795929000928e+00 4.211689163530914826e+00 4.274506018780249050e+00 4.140986797153761501e+00 4.398051113600285333e+00 4.457733825284266871e+00 4.514672686230247756e+00
2.857449012394184695e+00 0.000000000000000000e+00 0.000000000000000000e+00 3.404077946437875646e+00 3.286414521756763296e+00 3.379263734293319832e+00 3.473524794019979822e+00 3.572532719590532757e+00 3.679967782923560637e+00 3.894920606216571546e+00 4.103206064399470776e+00 4.191374014855329122e+00 4.276097991613330151e+00 4.358396382531002367e+00 4.440189263067337855e+00 4.520021641315736360e+00 4.596281813816285755e+00 4.669014906516708585e+00 4.738295037837689350e+00 4.804146452036349935e+00 4.866747093660889867e+00
2.810784981975841035e+00 2.909876953774526598e+00 0.000000000000000000e+00 0.000000000000000000e+00 3.400793981288693146e+00 3.329012699829299482e+00 3.420712764843449882e+00 3.515495753832579506e+00 3.616389751287912180e+00 3.734904759928621587e+00 4.006963826788624949e+00 4.092192235932222033e+00 4.173422822465330029e+00 4.023279527750223572e+00 4.326406430993817942e+00 4.400530814029441906e+00 4.319062146505330269e+00 4.543983696737281974e+00 4.610800283529807864e+00 4.674471200445450059e+00 4.735075932775647090e+00
2.142474558114622507e+00 2.816841897706386710e+00 2.884723629404480238e+00 0.000000000000000000e+00 0.000000000000000000e+00 0.000000000000000000e+00 2.826955016078306571e+00 3.320076085076949290e+00 3.397068814908279499e+00 3.476447071093342167e+00 3.524095136748711443e+00 3.651470578103577669e+00 3.670868541349217029e+00 3.746201767652241443e+00 4.060005505092209255e+00 4.123994776273283591e+00 3.983270264887472933e+00 4.068039687519392267e+00 4.301574512829617447e+00 4.359613629242107713e+00 4.415315626077958022e+00
2.788097611297371436e+00 2.869581041167989621e+00 0.000000000000000000e+00 0.000000000000000000e+00 3.189114489210162606e+00 3.272675207439881717e+00 3.355986240456414027e+00 3.441298333035087254e+00 3.534303534303534278e+00 3.633546547102417978e+00 3.679278028462339645e+00 4.017983941919348823e+00 4.099172650320076272e+00 4.178738578114552737e+00 4.258300251377078460e+00 4.335737488300390297e+00 4.410264891535047305e+00 4.481862248240006785e+00 4.550610257211358700e+00 4.616518869159586202e+00 4.679585994274388483e+00
2.791600075373201761e+00 2.871952927991033633e+00 0.000000000000000000e+00 0.000000000000000000e+00 3.181827614113480251e+00 3.263503614156661570e+00 3.344924425613758689e+00 3.428227606327528321e+00 3.514716116379280386e+00 3.605127600718252001e+00 3.704364289928244958e+00 4.021319810793495542e+00 4.100069017828467111e+00 3.899639979666163381e+00 4.247171453437771582e+00 4.317458548916108363e+00 4.387648768716063685e+00 4.456175230521372654e+00 4.521724832490647827e+00 4.584268432864415210e+00 4.643888847154593158e+00
2.807923961419124925e+00 2.898390703066773266e+00 0.000000000000000000e+00 0.000000000000000000e+00 3.429896348532347261e+00 3.304374165301317667e+00 3.391291446173846591e+00 3.480325922286369167e+00 3.572904771579293648e+00 3.672369232474831158e+00 3.796926560536816098e+00 4.075176648547095937e+00 3.883145070139307542e+00 4.231157699342122491e+00 4.303778444218249177e+00 4.374179841279759451e+00 4.444135823901117277e+00 4.512760698714210150e+00 4.578214635026115253e+00 4.640435508335468029e+00 4.699637851436153646e+00
2.446337832265099266e+00 2.856386462121528247e+00 2.922788482787626929e+00 0.000000000000000000e+00 0.000000000000000000e+00 3.357153134142247364e+00 3.311600952085273608e+00 3.393137379649658225e+00 3.476761327288404591e+00 3.564011706407681945e+00 3.658376647132315362e+00 3.687469560982397532e+00 3.766662248976374361e+00 4.100810431349653840e+00 4.170112801551280945e+00 4.014535386745111900e+00 4.298844770762396017e+00 4.360653280369565010e+00 4.422490746788591665e+00 4.482109487591452002e+00 4.538952464788732044e+00
2.853046697241816698e+00 0.000000000000000000e+00 0.000000000000000000e+00 3.188414012016777654e+00 3.282283351839824892e+00 3.376143754823062615e+00 3.472005221895853921e+00 3.572434545442054077e+00 3.682473510508945225e+00 3.993830220900126626e+00 4.085674517163295327e+00 4.173535610692598041e+00 4.010140898679371624e+00 4.339889091723210690e+00 4.421137116466354655e+00 4.500699339435819901e+00 4.576690775194336425e+00 4.649191177476034831e+00 4.718335863455463297e+00 4.784100384094917224e+00 4.846614878425055117e+00
2.194845652789577883e+00 2.789127979137322466e+00 2.848231960010823016e+00 0.000000000000000000e+00 0.000000000000000000e+00 3.126367785906333907e+00 3.193379984449627784e+00 3.259567894673440325e+00 3.325366309882572757e+00 3.391097331414018701e+00 3.457034005926344022e+00 3.523384704282321866e+00 3.614047050801227456e+00 3.694332336560646191e+00 4.036888811553854595e+00 4.099872903939977498e+00 4.160443053083160869e+00 4.220080665804202269e+00 4.001434997378370717e+00 4.070312931177216598e+00 4.395906312246720127e+00
2.815870244699123504e+00 2.947120242505893994e+00 3.022124764555396137e+00 0.000000000000000000e+00 0.000000000000000000e+00 0.000000000000000000e+00 3.498998325969428169e+00 3.608404807505481759e+00 3.742489032427974038e+00 3.984255322072087768e+00 4.076274699461102990e+00 4.163804051381341687e+00 4.247082741526722494e+00 4.148889826230663935e+00 4.403770728686438041e+00 4.370360759623329372e+00 4.553859741119973492e+00 4.624516841524019206e+00 4.691726003201412531e+00 4.755505013956373261e+00 5.037714783650573125e+00
2.751380981608076315e+00 2.831159325217342815e+00 0.000000000000000000e+00 0.000000000000000000e+00 3.121076979629771042e+00 3.195160397051931778e+00 3.268019302173580165e+00 3.339990119195897389e+00 3.411543549397757502e+00 3.482961353060826326e+00 3.554551917367121838e+00 3.646521356230735478e+00 3.739741209908273856e+00 4.090376522625327915e+00 4.159791455788349523e+00 4.227234297870019475e+00 3.992098398342590837e+00 4.361310331459584688e+00 4.425757911042265569e+00 4.487462719540483036e+00 4.546456519343105462e+00
2.819065338886892036e+00 2.913126408878099038e+00 0.000000000000000000e+00 0.000000000000000000e+00 3.408861648915077591e+00 3.320616080259997105e+00 3.409292367276248292e+00 3.499934805135983318e+00 3.594287847159821414e+00 3.695981143522618861e+00 3.823108256523612969e+00 4.093355801308510067e+00 4.174174383091811436e+00 4.249777229419425595e+00 4.083468872201265754e+00 4.387828303581999378e+00 4.452483651036593493e+00 4.381550932106498486e+00 4.579262877442273449e+00 4.639150273848347439e+00 4.695840728131537745e+00
2.808298522132902431e+00 2.885820065599617124e+00 0.000000000000000000e+00 0.000000000000000000e+00 3.202718132954576635e+00 3.284141092291352315e+00 3.364195151353738478e+00 3.442945474985946941e+00 3.520977986845626351e+00 3.599114064230342969e+00 3.710912884569604220e+00 3.820673939592415636e+00 4.162117903930131035e+00 4.237056475862446270e+00 4.308278147996302820e+00 4.376975718206134403e+00 4.444753107854712226e+00 4.247622701488037222e+00 4.577440732390516409e+00 4.639053909960810351e+00 4.697560032053938350e+00
2.822108397183535455e+00 2.921892816419612071e+00 0.000000000000000000e+00 0.000000000000000000e+00 3.439451888946977398e+00 3.339757728408118798e+00 3.430291574783856490e+00 3.523210913498124874e+00 3.620539599651871221e+00 3.727505539487398600e+00 4.042290724336680796e+00 4.128364617162986860e+00 4.209393157320892698e+00 4.026039605311642511e+00 4.358158950228462558e+00 4.427853240507363175e+00 4.496280349892361805e+00 4.564312525972300527e+00 4.629085859179062901e+00 4.690559060256689783e+00 4.748756843297807784e+00
2.846510594573578690e+00 2.925809822361546519e+00 0.000000000000000000e+00 0.000000000000000000e+00 3.263503614156661570e+00 3.353547774082664912e+00 3.444546249922497250e+00 3.538103992507544149e+00 3.636213946595680646e+00 3.744253610777903862e+00 4.072701167277570811e+00 3.867136247496719914e+00 4.240592041366291198e+00 4.317458548916108363e+00 4.390702860926229079e+00 4.461589149415188693e+00 4.531846521464473199e+00 4.600731997061024536e+00 4.666099415365191128e+00 4.728067590809732934e+00 4.786652078774617181e+00
2.876869965477560243e+00 2.969900404735263955e+00 0.000000000000000000e+00 0.000000000000000000e+00 0.000000000000000000e+00 3.627999945237736501e+00 3.548270392118664684e+00 3.672496466088305933e+00 3.914441493079826362e+00 4.012535715026945837e+00 4.105904975672512336e+00 4.194400132020462912e+00 4.120737612032553621e+00 4.358021873119306555e+00 4.434438531859735910e+00 4.508720274895308577e+00 4.581948490692489884e+00 4.651840948697832268e+00 4.718159362770946608e+00 4.780975873394216258e+00 4.840371463935774443e+00
2.393034860887253146e+00 2.908667830133798482e+00 2.993595098858257142e+00 3.051961417529614806e+00 0.000000000000000000e+00 0.000000000000000000e+00 3.525062333419310079e+00 3.528996588636630793e+00 3.634863937256656463e+00 3.767226499356147063e+00 3.988133553496963302e+00 4.073910401590896235e+00 4.154803906877902797e+00 4.230998654403706816e+00 4.303131723643318196e+00 4.371913190198716492e+00 4.438587974200706832e+00 4.504535720968266155e+00 4.609794457400075096e+00 4.629181809388256852e+00 4.873026767330130404e+00
