2.818926270983382221e+00 0.000000000000000000e+00 0.000000000000000000e+00 3.189859022100175689e+00 3.294269373107547416e+00 3.377353808827989745e+00 3.535283515874116045e+00 3.760786619804985520e+00 3.858343668182444564e+00 3.789470783180261204e+00 4.048833043967581702e+00 4.019292604501607080e+00 4.224354082633817065e+00 4.306367271608734448e+00 4.384530263698176888e+00 4.458926427713942431e+00 4.529607159524529081e+00 4.596691754083852111e+00 5.005348180247387369e+00 5.115089514066496257e+00 4.777080930575364981e+00
2.795873291022450857e+00 2.890153037127892510e+00 2.930402930402930206e+00 0.000000000000000000e+00 0.000000000000000000e+00 3.355566816868228663e+00 3.494328704512575712e+00 3.701342764903045257e+00 3.793993074238097396e+00 3.884842178286507242e+00 3.974753462489978073e+00 4.061123348017620316e+00 4.143903971931957031e+00 4.223031444276753810e+00 4.298580786026200862e+00 4.370539829958684841e+00 4.438950768621397813e+00 4.503942682132512587e+00 4.565515142291888040e+00 4.623846626317278385e+00 4.678974203714279412e+00
2.779534289029872873e+00 2.833017785823855217e+00 0.000000000000000000e+00 0.000000000000000000e+00 3.212604584247062967e+00 3.311071660044523135e+00 3.417563486472725121e+00 3.477027280756044281e+00 3.744331498148635085e+00 3.836602583777448228e+00 3.925890212824574288e+00 4.012091614036786602e+00 4.095115891779737005e+00 4.174908117800849361e+00 4.251463618622804752e+00 4.324806953173501611e+00 4.394940324950900035e+00 4.461926041859730852e+00 4.525848768077679551e+00 4.586716321864260593e+00 4.644618389956695736e+00
2.751555687253946836e+00 2.838529226466169231e+00 2.870324346651171421e+00 0.000000000000000000e+00 0.000000000000000000e+00 3.267723925996481427e+00 3.366309425666392130e+00 3.480779137602160400e+00 3.686610775826756115e+00 3.770816621759668585e+00 3.709899832704516953e+00 3.936600020718947768e+00 3.924592737437860190e+00 4.091369291152933130e+00 4.164021489081389582e+00 4.260055792988771906e+00 4.299959730535856117e+00 4.363334141358174101e+00 4.423677735076998907e+00 4.481058908689806941e+00 4.535552547125077716e+00
2.749189341604398429e+00 2.784421518580658894e+00 0.000000000000000000e+00 3.073505682492892355e+00 3.157606674478818931e+00 3.241947987877932924e+00 3.326887488823737193e+00 3.430219534050178876e+00 3.623440875200334421e+00 3.803648736497046823e+00 3.892132332499304681e+00 3.758273421351169041e+00 4.060536403741199507e+00 4.140300999882692068e+00 4.217075699965433522e+00 4.290805910239108734e+00 4.361551881698098043e+00 4.429372274897916739e+00 4.494195573563066759e+00 4.556186058070662348e+00 4.615405811278122883e+00
2.735671046078520519e+00 0.000000000000000000e+00 0.000000000000000000e+00 3.050936776269259187e+00 3.132526765700919924e+00 3.214355591581183891e+00 3.296811211963917021e+00 3.395726928114540133e+00 3.498614274346238950e+00 3.760393309285385843e+00 3.846523704202326588e+00 3.718752152055643911e+00 4.010621231399015052e+00 4.088418872141513560e+00 3.959873284054909792e+00 4.235316989175640146e+00 4.304419667032310493e+00 4.370690014013958624e+00 4.434128936155471656e+00 4.494786048184105987e+00 4.552697473252902860e+00
2.720936560317582131e+00 2.785030461270669999e+00 2.801924922421703545e+00 0.000000000000000000e+00 3.097108426950474058e+00 3.175260578449643933e+00 3.265952789610100826e+00 3.351604231400342027e+00 3.443526170798897557e+00 3.499881004045862554e+00 3.777057466212504266e+00 3.856293470944581525e+00 3.932824596023017261e+00 3.842526286373004307e+00 4.077514236744622877e+00 4.145679165889351481e+00 4.211020447610763107e+00 4.053005062821578797e+00 4.333351675562647110e+00 4.390448031501464676e+00 4.444869936267403787e+00
2.756963099109288606e+00 2.834388739872245377e+00 2.869380213873803154e+00 0.000000000000000000e+00 0.000000000000000000e+00 3.274006478353244542e+00 3.375005273445739640e+00 3.499742665980442258e+00 3.686084682579424676e+00 3.770687362027121736e+00 3.854997039912987589e+00 3.937143843895700268e+00 3.940967031772347973e+00 4.092220619243147617e+00 4.165073469164799924e+00 4.234828045490249160e+00 4.301486402523537755e+00 4.365057369325425540e+00 4.425666097323163406e+00 4.483315170159053231e+00 4.538078605022140444e+00
2.743059707266294556e+00 2.803790725060281375e+00 0.000000000000000000e+00 0.000000000000000000e+00 3.175454442813594014e+00 3.262110585548849695e+00 3.539995002359996423e+00 3.469595930857892085e+00 3.730397815253807980e+00 3.822842526690390930e+00 3.912470484871780396e+00 3.999282887206431436e+00 3.885650846516791823e+00 4.163890739506995509e+00 4.241665469422380319e+00 4.316369316780400034e+00 4.388069934864587296e+00 4.456755756071472341e+00 4.522468445504254753e+00 4.585303759264708567e+00 4.645348162013348770e+00
2.727396699849993222e+00 2.763690632470601205e+00 0.000000000000000000e+00 3.053481732545535010e+00 3.101649513604962660e+00 3.180859523562562075e+00 3.271841280891054637e+00 3.359485998642207427e+00 3.424226753693273118e+00 3.699308996998673660e+00 3.782278306914692134e+00 3.862814888392241297e+00 3.760367123249514165e+00 4.016036448992874597e+00 4.088669615051755635e+00 4.158599438248207214e+00 4.225839972289573865e+00 4.290354873638833944e+00 4.352241404323226703e+00 4.411475265197531748e+00 4.468121670390101663e+00
2.447843449920619641e+00 2.775137542754462672e+00 2.794271742926999647e+00 0.000000000000000000e+00 0.000000000000000000e+00 3.146633102580238983e+00 3.227556465070284819e+00 3.292169539726679695e+00 3.371473123037697306e+00 3.625108056105518450e+00 3.535136483994842926e+00 3.778017433833176675e+00 3.852000632828675108e+00 3.923546886385291366e+00 3.992648020541485820e+00 4.059223381126675356e+00 3.998814144770860945e+00 4.184846738563705593e+00 4.472795084054141057e+00 4.300478601650827848e+00 4.354648068402535266e+00
2.832508912040235582e+00 2.922455147441425538e+00 2.968362775350163574e+00 0.000000000000000000e+00 0.000000000000000000e+00 3.483713638738895391e+00 3.690319525968012382e+00 3.793966902812363706e+00 3.896899181651171329e+00 3.996606390363270034e+00 4.000220701831825210e+00 4.184588366844340435e+00 4.272679659288254328e+00 4.356906734532980607e+00 4.437193236352217518e+00 4.513653802753328392e+00 4.586339553413742109e+00 4.655365993920638878e+00 4.720789261230688538e+00 5.204516972888575843e+00 4.841342296732785933e+00
2.614656208041834518e+00 2.796361933125004029e+00 2.880609283992945802e+00 2.891048762355791890e+00 0.000000000000000000e+00 0.000000000000000000e+00 0.000000000000000000e+00 3.426118208070255911e+00 3.630982557581902359e+00 3.559737277429171343e+00 3.794673658065406130e+00 3.874735341737818750e+00 3.952003597686033487e+00 3.971987038779136725e+00 4.098052741938788657e+00 4.166808975716383756e+00 4.232688644788672683e+00 4.295740980676093557e+00 4.356002986973476432e+00 4.413488724915522354e+00 4.468305962095016071e+00
2.777989985346102753e+00 2.813117567215927650e+00 0.000000000000000000e+00 3.105721586176715121e+00 3.200333947890214414e+00 3.297246798922898847e+00 3.399496319524902610e+00 3.646666105641112043e+00 3.557452863749555050e+00 3.834067055094174226e+00 3.923821802435571993e+00 4.010538034421479381e+00 4.094221688457023944e+00 4.056655665566556657e+00 4.252145242128302804e+00 4.326388221236385334e+00 4.397507163126902263e+00 4.465543181802567929e+00 4.530539957989538458e+00 4.592564158806755614e+00 4.651735507791657120e+00
2.820934152344548362e+00 2.916156931918404638e+00 2.968813648257719873e+00 0.000000000000000000e+00 0.000000000000000000e+00 0.000000000000000000e+00 3.634254244040172388e+00 3.732065352611063425e+00 3.826835685242765184e+00 3.822838730817541109e+00 3.950926764804053803e+00 4.098474533885354099e+00 4.245063402075972547e+00 4.262135054685942670e+00 4.338275294555120176e+00 4.410751206064782437e+00 4.479514834085661867e+00 4.544672060595627450e+00 4.606393949810930977e+00 4.664691032817472660e+00 4.719723656759806651e+00
2.199345871969691668e+00 2.768146933239215901e+00 2.804046238722476048e+00 0.000000000000000000e+00 0.000000000000000000e+00 0.000000000000000000e+00 3.223929970634203279e+00 3.310048064656272437e+00 3.365256530700955206e+00 3.601681708305339402e+00 3.529973629020535686e+00 3.752550028314695751e+00 3.707594389173825000e+00 3.896465349290286539e+00 3.964863109683153031e+00 3.977252904441265446e+00 4.019155704816856023e+00 4.155585106382978289e+00 4.214332809940386504e+00 4.270678349038408150e+00 4.324665696477112853e+00
2.830696068163161438e+00 2.886368596309671464e+00 0.000000000000000000e+00 0.000000000000000000e+00 3.310675166414256854e+00 3.427474636687688481e+00 3.494401968047188500e+00 3.768801178606913549e+00 3.870664510153582150e+00 3.969359331476322694e+00 3.930167135528710887e+00 4.155786586506160951e+00 4.243407319193204685e+00 4.327249998282837851e+00 4.407318903954879907e+00 4.483686279919983697e+00 4.556406238134358411e+00 4.625538495526344995e+00 4.691208124068658059e+00 4.753506572239522221e+00 4.812518046942675376e+00
2.818191425652587068e+00 2.866210869230876757e+00 0.000000000000000000e+00 3.311692343781262871e+00 3.278848635789679555e+00 3.386410128821805365e+00 3.509092057521037145e+00 3.742774366154229870e+00 3.839227128676932832e+00 3.935295457840558786e+00 4.027973582049127366e+00 4.117005290351798408e+00 4.202288524996728114e+00 4.283809273756140179e+00 4.361604252564146300e+00 4.435727008725907083e+00 4.506165253369383450e+00 4.573066684867926668e+00 4.970727935490996785e+00 5.079312782708371721e+00 4.753375585560760008e+00
2.752118778623799056e+00 2.884053995118211144e+00 2.909937436345118478e+00 0.000000000000000000e+00 0.000000000000000000e+00 3.369619783106513999e+00 3.590866525378977325e+00 3.697971594099680903e+00 3.796559626694645750e+00 3.892139925844491533e+00 3.984583782744004044e+00 3.964417613142392494e+00 4.159704938263045548e+00 4.242216900444748084e+00 4.321400691424110541e+00 4.397235238343890629e+00 4.469719370388451907e+00 4.539014896221614137e+00 4.605064195969537977e+00 4.668021308144323811e+00 5.118091429585297725e+00
2.762450016920006135e+00 0.000000000000000000e+00 3.022953355126717589e+00 3.110634915148791535e+00 3.198620421105331513e+00 3.286851196553701282e+00 3.375748348294557832e+00 3.492911444421614497e+00 3.775113081796404035e+00 3.869460970267338151e+00 3.737774363020952340e+00 3.827844436402104478e+00 4.133711797613471184e+00 4.215307003528620200e+00 4.293599074798651216e+00 4.368598789274050098e+00 4.440315330701023022e+00 4.508874284386997999e+00 4.574284329321161913e+00 4.636614026103444530e+00 4.695970443009565010e+00
2.854139546539877781e+00 2.953274970994620663e+00 3.007434658236523894e+00 0.000000000000000000e+00 0.000000000000000000e+00 0.000000000000000000e+00 3.719742004309286365e+00 3.824783204333827236e+00 3.928596043834860385e+00 4.029366569916338570e+00 4.126150164358314498e+00 4.218806349984008719e+00 4.307350284840905985e+00 4.391774137330080485e+00 4.472056526794498943e+00 4.548367756207488455e+00 4.916250631842070895e+00 4.689347704938087169e+00 4.754161613934516417e+00 5.257982573543469762e+00 4.873227449311569259e+00
2.727220531664465319e+00 2.758963181636340689e+00 0.000000000000000000e+00 3.025250286695230439e+00 3.104209731697509245e+00 3.183391003460207092e+00 3.263231710280568354e+00 3.344062199556911530e+00 3.626195075348149111e+00 3.712029036316017550e+00 3.795878366253951253e+00 3.877176584622841204e+00 3.754406212847021251e+00 4.031977754605491349e+00 4.105347388929478036e+00 4.175994194683480210e+00 4.243930153123737448e+00 4.309195001333798736e+00 4.371721209093180072e+00 4.431641923332594324e+00 4.488981277495009969e+00
2.694290231779862044e+00 2.758425575556105347e+00 0.000000000000000000e+00 0.000000000000000000e+00 3.070652932473550312e+00 3.145687262762752123e+00 3.221356190956392584e+00 3.306149437954595705e+00 3.387088969841083319e+00 3.473211122611298940e+00 3.750937734433607673e+00 3.829390221826130869e+00 3.692813645294797276e+00 3.978613208995854134e+00 4.049222068946584763e+00 4.117179104269305334e+00 4.182437943077020215e+00 4.245043389910715170e+00 4.304987536366729373e+00 4.362337104793032161e+00 4.417144040306439479e+00
2.767438320718426770e+00 2.793647246162226594e+00 0.000000000000000000e+00 3.093602570502499205e+00 3.180089872105080318e+00 3.266860824778096806e+00 3.355446658883894262e+00 3.469427405700962641e+00 3.531782580694306173e+00 3.835485086127187415e+00 3.925499624974589263e+00 3.799759578848465491e+00 4.096539465644614353e+00 4.177458434288578104e+00 4.255230096335618661e+00 4.329867148679390709e+00 4.401408450704225039e+00 4.469934532651152814e+00 4.535396709775841195e+00 4.597890460406672375e+00 4.657566147713340321e+00
2.389878863015130861e+00 2.865910345936348413e+00 2.896332002399817807e+00 0.000000000000000000e+00 0.000000000000000000e+00 3.313772868484638590e+00 3.461331977056313569e+00 3.666348455291301267e+00 3.762856426122584974e+00 3.856669628037987518e+00 3.947538573577354271e+00 3.917929683472523017e+00 4.119917052336679930e+00 4.201333406799271586e+00 4.279462720357819272e+00 4.354467476275063476e+00 4.426217036786012748e+00 4.494817130093837321e+00 4.560373121437208077e+00 4.622889512940639989e+00 5.054610282716647696e+00
2.745386035593929908e+00 2.936919171788793470e+00 2.995388494921771283e+00 3.042739881120860357e+00 0.000000000000000000e+00 0.000000000000000000e+00 3.688470398285209395e+00 3.795118787218040080e+00 3.895896090885689222e+00 3.887781950972292844e+00 4.018717688488076867e+00 4.160656829024741654e+00 4.268326265352205162e+00 4.462569341462073957e+00 4.430629495531293927e+00 4.505857614899368535e+00 4.577293848394479170e+00 4.644971644874585692e+00 4.708965460762033040e+00 5.196296954696495440e+00 4.826582915256079964e+00
2.583979328165374678e+00 2.325668629731047599e+00 2.851380485430140777e+00 2.905327817822110692e+00 2.904825468403106292e+00 0.000000000000000000e+00 0.000000000000000000e+00 0.000000000000000000e+00 3.499317633061553412e+00 3.504148912312177178e+00 3.735783269225446901e+00 3.812507798311405516e+00 3.887107298043951609e+00 3.959044368600681985e+00 4.015326296303857845e+00 4.094890409627851113e+00 4.158797902875024377e+00 4.219963888177875155e+00 4.278517700641777388e+00 4.334424966287805603e+00 4.387769093651446184e+00
2.844141069397041921e+00 2.897730800808604901e+00 0.000000000000000000e+00 0.000000000000000000e+00 3.330465432544197579e+00 3.449465332873404400e+00 3.696022668939035860e+00 3.798762294176151855e+00 3.731033910952656907e+00 4.000027586397147061e+00 3.961469496684875136e+00 4.187345977745285275e+00 4.275007067552007101e+00 4.358693209292188619e+00 4.438405178594596379e+00 4.514209500359085858e+00 4.586182584827263931e+00 4.654458554478005716e+00 4.719045795261804344e+00 4.780180007921440932e+00 4.837830471518124398e+00
2.448703267578447917e+00 2.805895185785334700e+00 2.831843737481178458e+00 0.000000000000000000e+00 0.000000000000000000e+00 3.219507415365448377e+00 3.307762685621788989e+00 3.399378399378399696e+00 3.505598440709813524e+00 3.549455750118315045e+00 3.830697117226296466e+00 3.912336213819469499e+00 3.991037669794146758e+00 3.905977540629141043e+00 4.139672551901144359e+00 4.052754499244401565e+00 4.276392931536328490e+00 4.340307212369875600e+00 4.401347912798294182e+00 4.459568862604113448e+00 4.514981529621015177e+00
2.758113450399926503e+00 2.853523753845296884e+00 2.887812024567532276e+00 0.000000000000000000e+00 0.000000000000000000e+00 0.000000000000000000e+00 3.411377291366430864e+00 3.457216940363007751e+00 3.690653593860980575e+00 3.778734124068437339e+00 3.865046626517030681e+00 3.948489529575571311e+00 4.028952889037080709e+00 4.106404599173151482e+00 4.264040384588932753e+00 4.252174882890921381e+00 4.320467167933771613e+00 4.623368020094399178e+00 4.448155042154822603e+00 4.507611717058578549e+00 4.901360127435363090e+00
2.832179220301060063e+00 2.914622382911985277e+00 0.000000000000000000e+00 0.000000000000000000e+00 3.342838820591886417e+00 3.463299416087718186e+00 3.530051326946292978e+00 3.817906676477529793e+00 3.746619527380976145e+00 4.020525121467559693e+00 4.116722814191715152e+00 4.208812286972000827e+00 4.296821716000544633e+00 4.380688811164498375e+00 4.460486947928961499e+00 4.536300715498339464e+00 4.608168149992433626e+00 4.676239203388897536e+00 4.740638955685331446e+00 4.801393776021839699e+00 5.333223933868023181e+00
2.231030661798061754e+00 2.832861189801699986e+00 2.872335208524530170e+00 0.000000000000000000e+00 0.000000000000000000e+00 3.267091862100314437e+00 3.360944425383532774e+00 3.461956559369093078e+00 3.719059491177564070e+00 3.803017521538908596e+00 3.885480572597136639e+00 3.967729136357624586e+00 3.904261920199674663e+00 4.122443560952773645e+00 4.194803944491053649e+00 4.263805790523346850e+00 4.293922395872381337e+00 4.391984628053801742e+00 4.451231621549439410e+00 4.507457793804293900e+00 4.560625220257468193e+00
2.388076474637223168e+00 2.801944549517365157e+00 2.878283700490009700e+00 2.890611020110393614e+00 0.000000000000000000e+00 0.000000000000000000e+00 3.326426378561182506e+00 3.429139286039204038e+00 3.646897728602000122e+00 3.729281767955801019e+00 3.811292513235578383e+00 3.891821030854630159e+00 3.861429832303618248e+00 4.044253732366367871e+00 4.116073266104136152e+00 4.152795648414789653e+00 4.250900703140787940e+00 4.313913763472283058e+00 4.374088731514267359e+00 4.431457811136806590e+00 4.486042291144145544e+00
2.827514544027935894e+00 2.876708484185119374e+00 0.000000000000000000e+00 0.000000000000000000e+00 3.304576486883643582e+00 3.418135651154841081e+00 3.671046525319830778e+00 3.592375873050962731e+00 3.877820941618020267e+00 3.977179219924296572e+00 4.072982320495384556e+00 4.165073469164799924e+00 4.253420168184416816e+00 4.338006445038145920e+00 4.418821417475057522e+00 4.495967463029312938e+00 4.569479965899403417e+00 4.639453090353349296e+00 4.705914447839370851e+00 4.769013850875009730e+00 5.256726220140770955e+00
2.778510995957266250e+00 2.881682340207200266e+00 2.914197693620682372e+00 0.000000000000000000e+00 0.000000000000000000e+00 3.364136927238524422e+00 3.494206605448166414e+00 3.530584554038711964e+00 3.788452795878163748e+00 3.736377789309808239e+00 3.974064003346580165e+00 4.061906204389611474e+00 4.086580086580085869e+00 4.227421411542939822e+00 4.305013632543169599e+00 4.379182461374242052e+00 4.449982200071199934e+00 4.517453798767967044e+00 4.581697826770791515e+00 4.642782897928070085e+00 4.700774936574102725e+00
2.539010076242845138e+00 2.781486426346239771e+00 2.860731230812168402e+00 2.873744489069256947e+00 0.000000000000000000e+00 0.000000000000000000e+00 0.000000000000000000e+00 3.375562306680168767e+00 3.580002527060606621e+00 3.509633945179517767e+00 3.599263535307390516e+00 3.693924178785930490e+00 3.887521057405727287e+00 3.959598204982147429e+00 4.029036851793962981e+00 4.095758841719399079e+00 4.159790510222173943e+00 4.221161165317279362e+00 4.279876297768941740e+00 4.336006056643380013e+00 4.389544653328852242e+00
2.760319347715304072e+00 2.833507259998479633e+00 0.000000000000000000e+00 0.000000000000000000e+00 3.202785030461270388e+00 3.283062888117407763e+00 3.374097945243210273e+00 3.466516913136019173e+00 3.729101493712319915e+00 3.656307129798903155e+00 3.911584466205968891e+00 3.998621165115476828e+00 4.082762438585564979e+00 4.163936216688510328e+00 4.242091281459278385e+00 4.317278165017512492e+00 4.389454335957860387e+00 4.458681739297448487e+00 4.524979946111602480e+00 4.588443969620390916e+00 4.649064034020208958e+00
2.762822329271747535e+00 2.832000221034163712e+00 0.000000000000000000e+00 0.000000000000000000e+00 3.184647231087695651e+00 3.288783150234412922e+00 3.389291223119116125e+00 3.513061562890828160e+00 3.724600295209060441e+00 3.815077732208793204e+00 3.903119010280536649e+00 3.988145581065935197e+00 4.070060223094486673e+00 4.148775074159354759e+00 4.182637255641417084e+00 4.296704495853338912e+00 4.365934621861550902e+00 4.432080077459121803e+00 4.495096886626740229e+00 4.555179791566015268e+00 4.612327122518330214e+00
2.775060531007832676e+00 2.862643221618681011e+00 2.895014371678487741e+00 0.000000000000000000e+00 0.000000000000000000e+00 3.333796360605639109e+00 3.444082854793249382e+00 3.678818335785879245e+00 3.598341994727044746e+00 3.863321214462618780e+00 3.953081017713892642e+00 4.039531692912015082e+00 4.122558781399573213e+00 4.202172729965623965e+00 4.278340555908250131e+00 4.351099170528554438e+00 4.420500069070313565e+00 4.486564465028955340e+00 4.549402373960875323e+00 4.951670340851279661e+00 5.056786343943472595e+00
2.166604930074572888e+00 2.821451495721974290e+00 2.886327957254186671e+00 2.907701254465397955e+00 0.000000000000000000e+00 0.000000000000000000e+00 3.352821608935268927e+00 3.465267622618494414e+00 3.666449907992860968e+00 3.595779108523379008e+00 3.832432131110987239e+00 3.913593447526399594e+00 3.991823643984390380e+00 4.028477166174682544e+00 4.139158509075105741e+00 4.208289640708647639e+00 4.274388142019992287e+00 4.570165685558958302e+00 4.397628029381651871e+00 4.454861967815334722e+00 4.509316942544364437e+00
2.818568730798500344e+00 0.000000000000000000e+00 0.000000000000000000e+00 3.194976940601210735e+00 3.301767499367746606e+00 3.384889576612485129e+00 3.657467790130357610e+00 3.760452348231561714e+00 3.862468531227368107e+00 3.802071091816560777e+00 4.056227708231345375e+00 4.147742591094796261e+00 4.235638112545002443e+00 4.319804912036230071e+00 4.400319023129176443e+00 4.477169877601062886e+00 4.550468836183122257e+00 4.620243562690498962e+00 5.023396641893751458e+00 4.749678192093505835e+00 5.232466075030809627e+00
2.530062056799892822e+00 2.744642668637179206e+00 2.809541201921725406e+00 2.807746572794339368e+00 0.000000000000000000e+00 3.138403598702792952e+00 3.219597070851686116e+00 3.300260509925357688e+00 3.384234990227158235e+00 3.485773260701664711e+00 3.714033440316183654e+00 3.790985725215568980e+00 3.865507934645305177e+00 3.769738771065159977e+00 4.007185297775320620e+00 4.074219855952158298e+00 3.957801645899580834e+00 4.200639048038783407e+00 4.260055792988771906e+00 4.316960859554873409e+00 4.371417865915430134e+00
2.316455962768234844e+00 2.910320551020690427e+00 2.982921042773700293e+00 3.018221635735743646e+00 0.000000000000000000e+00 0.000000000000000000e+00 0.000000000000000000e+00 3.752882896406785740e+00 3.852106620808254611e+00 3.949419712454529385e+00 4.043136079412769313e+00 4.133170761950029970e+00 4.219467655359415481e+00 4.302030280742169310e+00 4.380801139008296374e+00 4.455930843953302301e+00 4.527370009603512102e+00 4.595304558953642093e+00 4.659736450788385831e+00 4.720789261230688538e+00 4.778591908251035747e+00
2.727501608526589738e+00 2.788682240384408928e+00 0.000000000000000000e+00 0.000000000000000000e+00 3.123763510277181688e+00 3.204882568922392760e+00 3.298222468614255831e+00 3.388494332916110796e+00 3.454112120479430725e+00 3.740311554099451374e+00 3.825049204042033857e+00 3.907106821671418651e+00 3.797057625527273217e+00 4.062829244107175164e+00 4.136390585575027146e+00 4.207099653086700641e+00 4.274918638645265112e+00 4.339889091723210690e+00 4.402013921369025695e+00 4.461436033302903503e+00 4.518103218121700237e+00
2.786039157780362707e+00 2.878344320184214045e+00 2.918419497889484404e+00 0.000000000000000000e+00 0.000000000000000000e+00 3.351042662961902341e+00 3.421306528537117586e+00 3.518090573586727832e+00 3.788974772317061035e+00 3.877713533912681587e+00 3.965989897162577549e+00 4.051474324639831259e+00 4.071520747503605264e+00 4.211514695424637189e+00 4.286089565445823091e+00 4.357031499976172562e+00 4.424411691507894595e+00 4.488330341113106137e+00 4.548869330282373724e+00 4.970110308837131896e+00 4.660087719298244835e+00
2.772559973937936295e+00 2.836114108630087394e+00 0.000000000000000000e+00 0.000000000000000000e+00 3.206558108409546914e+00 3.294361734937056863e+00 3.406302354519607167e+00 3.476008724100327019e+00 3.775190818735928211e+00 3.866068346565412650e+00 3.760041018629294296e+00 4.041760289362634317e+00 4.124460849079685687e+00 4.063388866314505243e+00 4.177853268314065005e+00 4.302162007129297194e+00 4.420530601813798199e+00 4.486042291144145544e+00 4.548273723382261657e+00 4.607280879096697035e+00 4.663187563004464131e+00
2.802572761795327327e+00 2.887242612884143966e+00 2.923874830310835282e+00 0.000000000000000000e+00 0.000000000000000000e+00 3.372112628561793723e+00 3.490498862097370925e+00 3.723367579121561022e+00 3.817191241281188585e+00 3.909986524510727257e+00 4.001076151516614665e+00 4.088477423289075929e+00 4.172252469152691212e+00 4.252263807658256844e+00 4.328558177883127911e+00 4.401226841982202487e+00 4.470303430442077897e+00 4.535801909160258383e+00 4.597922013752589798e+00 4.656673081005568093e+00 5.138746145940389809e+00
2.809245226038894039e+00 2.878566614243989630e+00 0.000000000000000000e+00 0.000000000000000000e+00 3.265204040516318962e+00 3.386199509346601744e+00 3.506040908485320795e+00 3.747709732940981198e+00 3.843197540353574304e+00 3.938150312979314727e+00 3.874842584520004074e+00 4.119125097829221538e+00 4.203910325768592138e+00 4.284875082069179442e+00 4.362050163576880912e+00 4.435437095266364871e+00 4.505180958101816735e+00 4.866079995613673326e+00 4.633888247214479783e+00 4.693053590531073738e+00 4.748926329699372673e+00
2.847083822314193213e+00 2.938953732471240254e+00 2.996014603829324496e+00 0.000000000000000000e+00 0.000000000000000000e+00 0.000000000000000000e+00 3.678248608736521152e+00 3.779886878294514752e+00 3.879137169061109169e+00 3.899965875298590401e+00 4.037694271264619772e+00 4.161522562388158875e+00 4.340098375563179012e+00 4.330213716999580242e+00 4.408685109666041768e+00 4.483222402317481148e+00 4.848898753628136049e+00 4.621072088724583971e+00 4.684540337965822587e+00 4.744508231721781932e+00 4.801064464578431945e+00
2.604239984233789773e+00 2.869299890826638055e+00 2.969736315040678143e+00 2.999379198258964152e+00 3.043273384120002589e+00 0.000000000000000000e+00 0.000000000000000000e+00 0.000000000000000000e+00 3.774033253426333001e+00 3.863774355577633823e+00 3.952596106011353250e+00 3.997739209550460693e+00 4.141844363294975295e+00 4.198644044464328928e+00 4.273592643906339639e+00 4.345067314058706387e+00 4.413062665489849934e+00 4.477663348603313942e+00 4.538983680290495037e+00 4.597070225393665943e+00 5.043735404258847588e+00
