2.888524105085915394e+00 0.000000000000000000e+00 3.380709259003725986e+00 3.219994108095886709e+00 3.313289109148202183e+00 3.403865123581143237e+00 3.492026539401699381e+00 3.578168959735075649e+00 3.662598648293781345e+00 3.745708042867547771e+00 3.828004287364801694e+00 3.910095727522186149e+00 3.993274485077763281e+00 4.079854508239231237e+00 4.177371180316227672e+00 4.303190508391221414e+00 4.791238877481175606e+00 4.868415639270970985e+00 4.939864016521100964e+00 5.005794378424340607e+00 5.066445751374444306e+00
2.866952429567369620e+00 2.966294615140519397e+00 0.000000000000000000e+00 0.000000000000000000e+00 3.529631603352457958e+00 3.363675055260376023e+00 3.449465332873404400e+00 3.533495458419072310e+00 3.616083225546236957e+00 3.697693050391339220e+00 3.778892784414166428e+00 3.860391691885594501e+00 3.943299503974430742e+00 4.029696816539514614e+00 4.122181458427799150e+00 4.210381004969629970e+00 4.302119834854109648e+00 4.402468133697453823e+00 4.524111457655001445e+00 4.872357946747186475e+00 4.936172546653686766e+00
2.848488216985327171e+00 0.000000000000000000e+00 0.000000000000000000e+00 3.386363322229747119e+00 3.230840087163941110e+00 3.313849776843945882e+00 3.394481139414168958e+00 3.473066370298336203e+00 3.549826336927242476e+00 3.625022228909893673e+00 3.698921729420386217e+00 3.771818924752212254e+00 3.844094509809305116e+00 3.916314541894259094e+00 3.989434875914818157e+00 4.065544851917696434e+00 4.150238638721726048e+00 4.335170619929399116e+00 4.748466923536115658e+00 4.814865048148649684e+00 4.876793237513377122e+00
2.821153005233238531e+00 2.912096293317432139e+00 0.000000000000000000e+00 0.000000000000000000e+00 2.734539335296592100e+00 3.272707016126786161e+00 3.349779821763798626e+00 3.424774821055515339e+00 3.497942386831274675e+00 3.569540833487784504e+00 3.639809905776996590e+00 3.708991154406001467e+00 3.777465320769763046e+00 3.845669775832412096e+00 3.914189968686480281e+00 3.983872186390267967e+00 4.056097896328887842e+00 4.133597883597884604e+00 4.221511716425140115e+00 4.307073856061693462e+00 4.405832220401756594e+00
2.826046498804099638e+00 0.000000000000000000e+00 0.000000000000000000e+00 3.110156073286586498e+00 3.190367863285801242e+00 3.267587616538164319e+00 3.342106362534987163e+00 3.414110728668775074e+00 3.483835005574135391e+00 3.551457838624541452e+00 3.617064195933584969e+00 3.680862294080062380e+00 3.742904077686053821e+00 3.803306802387093732e+00 3.862122236168774592e+00 3.919482628293065485e+00 3.975366675268336980e+00 4.655461609557387526e+00 4.724344753923260143e+00 4.788682291452886375e+00 4.747162022703817819e+00
2.808199943836001022e+00 0.000000000000000000e+00 3.255323515466324924e+00 3.086744536812935813e+00 3.164601471188061232e+00 3.239524961573719608e+00 3.311748250762758250e+00 3.381567638397700470e+00 3.449132198338896949e+00 3.514575149886292937e+00 3.578112958273697242e+00 3.639809905776996590e+00 3.699821175309859989e+00 3.758221108675226407e+00 3.815099470048000541e+00 3.870503994913051304e+00 3.924511673700952219e+00 3.977169650706819937e+00 4.658459557035301124e+00 4.724053648817959861e+00 4.785212326706952624e+00
2.786272037670397772e+00 2.868015333389294597e+00 0.000000000000000000e+00 3.259565437509968966e+00 3.130046310457911485e+00 3.201893293425677189e+00 3.271112595871437989e+00 3.337969401947148196e+00 3.402612373009645363e+00 3.465195575638289061e+00 3.525873690760136903e+00 3.584822413412751096e+00 3.642086021948721886e+00 3.697760413032861404e+00 3.751954142782699453e+00 3.804753867013475066e+00 3.856185321255293452e+00 3.906250000000000000e+00 3.955037468776020582e+00 4.002511921274730433e+00 4.048752565373392009e+00
2.829214468602792021e+00 2.907520093040642628e+00 0.000000000000000000e+00 3.276079936350446253e+00 3.195753815799528663e+00 3.275809194569126337e+00 3.353618064822642797e+00 3.429472890016803888e+00 3.503613530818059374e+00 3.576337269641804983e+00 3.647894042708420770e+00 3.718645851604981178e+00 3.789026977872082202e+00 3.859487101731943870e+00 3.930871825993406343e+00 4.004308083179144440e+00 4.081830320389088662e+00 4.168745344331530767e+00 4.252925601240207243e+00 4.344198426434792815e+00 4.457611543156537515e+00
2.832352372267816332e+00 2.897770786330801318e+00 0.000000000000000000e+00 2.853026347698320642e+00 3.206424000780694339e+00 3.285794183445190253e+00 3.362567079782050605e+00 3.436993043526080260e+00 3.509239828468357025e+00 3.579516902891835883e+00 3.647977093457043019e+00 3.714710252600297302e+00 3.779886878294514752e+00 3.843593210567136431e+00 3.905955554337324109e+00 3.966978325251184767e+00 4.026699062256862582e+00 4.085189825153875631e+00 4.742235448553619115e+00 4.806569894392792364e+00 4.782335419342496508e+00
2.792396090645473006e+00 0.000000000000000000e+00 0.000000000000000000e+00 3.055873875750946489e+00 3.131131799774558466e+00 3.203654952432688052e+00 3.273687216599683758e+00 3.341408403642134761e+00 3.407083953329902659e+00 3.470824251343209266e+00 3.532834580216126508e+00 3.593145384190159941e+00 3.651973788474921712e+00 3.709351687755018112e+00 3.765369553906399158e+00 3.820107657579441263e+00 3.873636445385184590e+00 3.925971333521597106e+00 3.977169650706819937e+00 4.027193796756402655e+00 4.076133890635254886e+00
2.754256739101264451e+00 2.844417310707496593e+00 0.000000000000000000e+00 0.000000000000000000e+00 3.339153663677659978e+00 3.159427456798263645e+00 3.226492939472365151e+00 3.291454823031779942e+00 3.354461783595284352e+00 3.415752894676305385e+00 3.475456327415789470e+00 3.533666837576043385e+00 3.590540307267391373e+00 3.646195229675900595e+00 3.700755512729201779e+00 3.754301804150588673e+00 3.806913354652047943e+00 3.858715874481485564e+00 3.909759995610094130e+00 3.960175915182758466e+00 4.010066650073287775e+00
2.914723517654896678e+00 3.002730389726472104e+00 0.000000000000000000e+00 3.458819297444624574e+00 3.352444547830489174e+00 3.449271077510048578e+00 3.544521976036250521e+00 3.638755545603403529e+00 3.732865112227898408e+00 3.828091354665827062e+00 3.926972097829831032e+00 4.037366523270545571e+00 4.163737261353009700e+00 4.282389020507118005e+00 4.426737494466578049e+00 4.745562211569542832e+00 4.826615726609607471e+00 4.902400795431789859e+00 4.973056931283252879e+00 5.038757014570981241e+00 5.099755349574445873e+00
2.761159687068568847e+00 2.888402009200616849e+00 2.961391716367542948e+00 0.000000000000000000e+00 0.000000000000000000e+00 3.494610762030711193e+00 3.306081122965554453e+00 3.378168756764954761e+00 3.448518544584417977e+00 3.517362667678195720e+00 3.584896555052291323e+00 3.651377692891048188e+00 3.717133178569674179e+00 3.782466167941497481e+00 3.847902892923356077e+00 3.914058459258844103e+00 3.981875600713991936e+00 4.052838016994442683e+00 4.130148685352673432e+00 4.223060680535843936e+00 4.315511867657636280e+00
2.842800088750832010e+00 0.000000000000000000e+00 3.210578260817864571e+00 3.138316049348276238e+00 3.222845772817398036e+00 3.304647160068846734e+00 3.384023180558786592e+00 3.461189680116849576e+00 3.536411166738319345e+00 3.609907808508274751e+00 3.681859547478620875e+00 3.752475591536082788e+00 3.821939321501535147e+00 3.890509934695011829e+00 3.958498270761281024e+00 4.026369306782043189e+00 4.095227694659822504e+00 4.680971163840874638e+00 4.750690546804481329e+00 4.815994606086041685e+00 4.877043549938177236e+00
2.893319188217302163e+00 2.985838594096569931e+00 0.000000000000000000e+00 0.000000000000000000e+00 3.567905639389678196e+00 3.406041901266491312e+00 3.498038354961727325e+00 3.589078159078987529e+00 3.679840031105062526e+00 3.771230312463573320e+00 3.864627615524760973e+00 3.959503833209314649e+00 4.051390863083589089e+00 4.144361940942842715e+00 4.239809071823733788e+00 4.339500475278623703e+00 4.446633556349107508e+00 4.568991775814803979e+00 4.771772918143643238e+00 4.902327924885442556e+00 4.965962465600363807e+00
2.746227458049615322e+00 2.837959437945594132e+00 0.000000000000000000e+00 0.000000000000000000e+00 3.294731234052098223e+00 3.149981100113398824e+00 3.217188177532835702e+00 3.282443814339390364e+00 3.345973678340396607e+00 3.407960718036457948e+00 3.468560963427492982e+00 3.527922468715629201e+00 3.586245692989240563e+00 3.643702001233252386e+00 3.700497123387142206e+00 3.756861490082581412e+00 3.813195041459829682e+00 3.869969040247677405e+00 3.927892169023401880e+00 3.987652029233614392e+00 4.050445205714560792e+00
2.900111861457513207e+00 0.000000000000000000e+00 0.000000000000000000e+00 2.750042308343204844e+00 3.323639385126713641e+00 3.416205362745234453e+00 3.506648881310248989e+00 3.595356458850453851e+00 3.682806159319583994e+00 3.769554564302318056e+00 3.856377484264603250e+00 3.944745875318347750e+00 4.037915340656331509e+00 4.150870299139386432e+00 4.318233225720219615e+00 4.719336283488479111e+00 4.799912230176362371e+00 4.875134752844401120e+00 4.945229885446797091e+00 5.010398292346445182e+00 5.070924415815802000e+00
2.887059635385492928e+00 0.000000000000000000e+00 3.296441246195064956e+00 3.206826357324112475e+00 3.298662287166098217e+00 3.387697817354692553e+00 3.474321291335737527e+00 3.558818193236849670e+00 3.641533085428965588e+00 3.722777191785071160e+00 3.802991225462063252e+00 3.882660454409939010e+00 3.962653726632508366e+00 4.044503245885231912e+00 4.131946835617381630e+00 4.243566822264116745e+00 4.370204914052636447e+00 4.837361012252343606e+00 4.909010454118037714e+00 4.975158285001600511e+00 5.036149897897234773e+00
2.855391815472044570e+00 2.959914303433500482e+00 0.000000000000000000e+00 0.000000000000000000e+00 2.931817369230218961e+00 3.359639078773251519e+00 3.445584378142337645e+00 3.529827038475114698e+00 3.612691663713985424e+00 3.694657115293827676e+00 3.776276591280996797e+00 3.858370251965356879e+00 3.942563081009295978e+00 4.032594487860500010e+00 4.513074028300446017e+00 4.596836540671555227e+00 4.675949802303592584e+00 4.750497105589977842e+00 4.820553209402115513e+00 4.886273700147964583e+00 4.947844298795572193e+00
2.827583912710821323e+00 0.000000000000000000e+00 3.061828050520162492e+00 3.149363828506640761e+00 3.233462901172990289e+00 3.314480754855361866e+00 3.392670447070879280e+00 3.468296303489799115e+00 3.541494510683508068e+00 3.612541075286745507e+00 3.681527069643378169e+00 3.748568255180313002e+00 3.813803193886820431e+00 3.877310808003877618e+00 3.939184519695922759e+00 3.999420773543141738e+00 4.685454420175014789e+00 4.759309969029996701e+00 4.828118964851293882e+00 4.778711522838826831e+00 4.823730034173749459e+00
2.932326102589523309e+00 3.029197331552532457e+00 0.000000000000000000e+00 0.000000000000000000e+00 3.150819212995378926e+00 3.488038081168697957e+00 3.589047072815430894e+00 3.690289072644024060e+00 3.793365059659286498e+00 3.902003957746871698e+00 4.018707777585309948e+00 4.128108982077126399e+00 4.241868611540619227e+00 4.365442069219540144e+00 4.515383089206181921e+00 4.780832957696457441e+00 4.862596904609741699e+00 4.938949101385649243e+00 5.010088808971490337e+00 5.076142131979694661e+00 5.137408554127736338e+00
2.794584096021909492e+00 0.000000000000000000e+00 0.000000000000000000e+00 3.059635068980862904e+00 3.134905430352850964e+00 3.207362989820108812e+00 3.277225375486353620e+00 3.344714654031077927e+00 3.410047810262155643e+00 3.473404144465825460e+00 3.534866957311282754e+00 3.594610848812049841e+00 3.652728864139162201e+00 3.709326207763482319e+00 3.764493299201927101e+00 3.818277748465745969e+00 3.870744772766545605e+00 3.921953132660064067e+00 3.971987038779136725e+00 4.645030841638603469e+00 4.707070155810844092e+00
2.772809826838026570e+00 2.848860811782887748e+00 0.000000000000000000e+00 3.274576743537936263e+00 3.105547197416184790e+00 3.174356840033577321e+00 3.240440699935190683e+00 3.304032985262636224e+00 3.365315275097353620e+00 3.424418198336711239e+00 3.481530480799359228e+00 3.536754507628294242e+00 3.590143674788215389e+00 3.641910835028310256e+00 3.692041908158715913e+00 3.740674291176857569e+00 3.787905358483155016e+00 3.833778325460395653e+00 3.878358069408758269e+00 3.921730515191544697e+00 3.964004061365564713e+00
2.837998726361547153e+00 0.000000000000000000e+00 3.255411255411255755e+00 3.130217028380633870e+00 3.212716771079961564e+00 3.292238722331185308e+00 3.369063744061164822e+00 3.443429374560786904e+00 3.515519986765101468e+00 3.585514521333811100e+00 3.653584994106009010e+00 3.719853685755027062e+00 3.784412349569608924e+00 3.847395793971954969e+00 3.908875204015854532e+00 3.968851359673732482e+00 4.027441209597596661e+00 4.699832741246561696e+00 4.768587271959344065e+00 4.832759301359978110e+00 4.892671329635116528e+00
2.830415646537693508e+00 2.945322197210359150e+00 0.000000000000000000e+00 0.000000000000000000e+00 3.510535046841550599e+00 3.332777870354940664e+00 3.416181545647854367e+00 3.497798444508455784e+00 3.577891383474269826e+00 3.656887367869069649e+00 3.735137266294535685e+00 3.813247916580001728e+00 3.892166502785971982e+00 3.973593034361122545e+00 4.062018065653226984e+00 4.255645707030186742e+00 4.624165752186125466e+00 4.698598712031174962e+00 4.768684257813040617e+00 4.834487855075867202e+00 4.896247819100882914e+00
2.896400692310409308e+00 3.019387275038093676e+00 0.000000000000000000e+00 0.000000000000000000e+00 3.584328214177395999e+00 3.455735484183099171e+00 3.552199926169962385e+00 3.647926876273332564e+00 3.743916136278547135e+00 3.841667423358734901e+00 3.944309123117803129e+00 4.055150040551500190e+00 4.159157077498959687e+00 4.267444901779937183e+00 4.385514098742590683e+00 4.529824778141536612e+00 4.817718191015644358e+00 4.894463138574487893e+00 4.965885049964965603e+00 5.032165055013804178e+00 5.093551563720329689e+00
2.568749732421902632e+00 2.848903866865858614e+00 2.940661648870995570e+00 2.982348226434789140e+00 0.000000000000000000e+00 0.000000000000000000e+00 3.516586566639315237e+00 3.332338260102885918e+00 3.399260487412330445e+00 3.464667322643679270e+00 3.528679166954956870e+00 3.591574588553440694e+00 3.653532685065482788e+00 3.714866475082357677e+00 3.775854112184821254e+00 3.836923763812924548e+00 3.898635477582845787e+00 3.961478041117409976e+00 4.026491537425544109e+00 4.095259910181926699e+00 4.171995650181584026e+00
2.913187026607108265e+00 0.000000000000000000e+00 0.000000000000000000e+00 3.248660791429065053e+00 3.345530580240460239e+00 3.439851735370099473e+00 3.531953793733897840e+00 3.622296946335329171e+00 3.711328655658725495e+00 3.799680826810547529e+00 3.888237059674206186e+00 3.978597887227329100e+00 4.074670055318826201e+00 4.201970104015980922e+00 4.322825893040936229e+00 4.773335731530995218e+00 4.855198823810988884e+00 4.931202871055893056e+00 5.001575838962961207e+00 5.066549816508735482e+00 5.126382414457764547e+00
2.783983741534949541e+00 2.894096731737905159e+00 0.000000000000000000e+00 0.000000000000000000e+00 3.407865910908648210e+00 3.237828863522068890e+00 3.310115572333068190e+00 3.379963027343211301e+00 3.447586344800005698e+00 3.513160298478099186e+00 3.576813830346810441e+00 3.638679159465114221e+00 3.698870099869492556e+00 3.757462738494509846e+00 3.814543815237368296e+00 3.870236499094640958e+00 3.924481758167827739e+00 3.977342860669565106e+00 4.028816279149168622e+00 4.078867319285436999e+00 4.127569411958944556e+00
2.826495569468194802e+00 2.918794954654435170e+00 0.000000000000000000e+00 0.000000000000000000e+00 3.460494989203255045e+00 3.289135574056943234e+00 3.369674335015830025e+00 3.448639898652214875e+00 3.526336896546955479e+00 3.603179112647851845e+00 3.679584554076007485e+00 3.756163522871621030e+00 3.833673343647739706e+00 3.913402004220883690e+00 3.997601439136517776e+00 4.092992796332678651e+00 4.188783673357274751e+00 4.288748502341792168e+00 4.411480878987564580e+00 4.698544132267421958e+00 4.762496376361452732e+00
2.921231090245174578e+00 3.005437745502327118e+00 0.000000000000000000e+00 3.514308749250625308e+00 3.359109835893487883e+00 3.454493951181091038e+00 3.547653331663848775e+00 3.638985203748840824e+00 3.729024238657550949e+00 3.818357273276358210e+00 3.907940096861086232e+00 3.999613830388789815e+00 4.097819820946109637e+00 4.227349588174330819e+00 4.343898890582011951e+00 4.488981277495009969e+00 4.892603898922938122e+00 4.968772644146164374e+00 5.039035266344075836e+00 5.103659461770831740e+00 5.073671075275452580e+00
2.811101037999058416e+00 2.924539741641878798e+00 0.000000000000000000e+00 0.000000000000000000e+00 3.464595300622934193e+00 3.283865738799921719e+00 3.359892483440530153e+00 3.433429240456783216e+00 3.504672897196261072e+00 3.573858598909973150e+00 3.641099612082848491e+00 3.706604750048954955e+00 3.770475778184306126e+00 3.832886163280950331e+00 3.894026840970724823e+00 3.954104638095369939e+00 4.013424212019513604e+00 4.072560605223921826e+00 4.132715262806250678e+00 4.196593191887503238e+00 4.269296185865875337e+00
2.761316085728243941e+00 2.894519474468220110e+00 2.964760716231030546e+00 0.000000000000000000e+00 0.000000000000000000e+00 3.359017247525295069e+00 3.314644380972530335e+00 3.386769022352675851e+00 3.457049615576082591e+00 3.525670406227744191e+00 3.592847469806262239e+00 3.658805986635002672e+00 3.723778393810253107e+00 3.788087497933770642e+00 3.852080123266563572e+00 3.916314541894259094e+00 3.981684252438781879e+00 4.049416609471516715e+00 4.121671750061824291e+00 4.204576785221946444e+00 4.302602733177163685e+00
2.899331082900159728e+00 0.000000000000000000e+00 0.000000000000000000e+00 3.227911611359441935e+00 3.322351117140563304e+00 3.414086940769075262e+00 3.503517256539899094e+00 3.590961825313517597e+00 3.676827660843866141e+00 3.761506791229533686e+00 3.845519969235840385e+00 3.929679420889347963e+00 4.015591572796443742e+00 4.107788366743345243e+00 4.653072396332284200e+00 4.738360115368768000e+00 4.818263253617090847e+00 4.892806196635678617e+00 4.962231901637536247e+00 5.003118382005222742e+00 5.086714738412257297e+00
2.856286966274913741e+00 2.958725775432713423e+00 0.000000000000000000e+00 0.000000000000000000e+00 2.505153458543288636e+00 3.356233347260560329e+00 3.441639625212467912e+00 3.525264394829612069e+00 3.607528634758538466e+00 3.688776555775667543e+00 3.769601930036187820e+00 3.850731639011412355e+00 3.933448806508822226e+00 4.020360742199478032e+00 4.119238215546005222e+00 4.251788151226502777e+00 4.382360996987126889e+00 4.737449192573876644e+00 4.808550977509719715e+00 4.875000858274799675e+00 4.936951021331742240e+00
2.742500316442344044e+00 2.866190832383761489e+00 2.936426369108794621e+00 0.000000000000000000e+00 0.000000000000000000e+00 3.456473127684938973e+00 3.266111659323706284e+00 3.335348439682307653e+00 3.402872302008389305e+00 3.468921928443078340e+00 3.533740290875328149e+00 3.597520478193491300e+00 3.660476706697264770e+00 3.723008190618019242e+00 3.785409349961094350e+00 3.848118270165889143e+00 3.911734504990954431e+00 3.976975405546833819e+00 4.045081738548233830e+00 4.118672689081398275e+00 4.195892221515136633e+00
2.837468424512958443e+00 2.915825107387704840e+00 0.000000000000000000e+00 3.368208323684819927e+00 3.218448707722877611e+00 3.300942831796331856e+00 3.381199152630089966e+00 3.459561189258753888e+00 3.536264041048398088e+00 3.611537473173916268e+00 3.685679769030734132e+00 3.758953618688960496e+00 3.831732216657086632e+00 3.904644471845458042e+00 3.978779840848805538e+00 4.497904385456774179e+00 4.575263077626963160e+00 4.648523751905552892e+00 4.717755169018706951e+00 4.783087004352609917e+00 4.844597591347957533e+00
2.839964535077025065e+00 2.916011749393682351e+00 0.000000000000000000e+00 3.366389407094665831e+00 3.214782408151569904e+00 3.295775228129441903e+00 3.374353535840454832e+00 3.450750883392225798e+00 3.525166927022132413e+00 3.597893848293422181e+00 3.669064250160954277e+00 3.738938972207219713e+00 3.807730384996157902e+00 3.875781212150574362e+00 3.943463190884372693e+00 4.011564371775186544e+00 4.081717365286031907e+00 4.158145875937286462e+00 4.321400691424110541e+00 4.786390241234068199e+00 4.848832524056354565e+00
2.858995725452732728e+00 2.945611389697373461e+00 0.000000000000000000e+00 3.341607790719877347e+00 3.251411890271917127e+00 3.336182989636981233e+00 3.418569670449884246e+00 3.498854296730286251e+00 3.577365796174322377e+00 3.654302941713867714e+00 3.730028804111320540e+00 3.804885472947264091e+00 3.879379022257936960e+00 3.954351521037843042e+00 4.031211139807868271e+00 4.112969564025226177e+00 4.210003243772990622e+00 4.337468845957891617e+00 4.789108199637396091e+00 4.856527241013714580e+00 4.919040787046525587e+00
2.797339729916849205e+00 2.906051506303363841e+00 2.966765328862486673e+00 0.000000000000000000e+00 0.000000000000000000e+00 2.374185619418045068e+00 3.335348439682307653e+00 3.409549521967240704e+00 3.481991141814535062e+00 3.552942323902942068e+00 3.622607859665745167e+00 3.691270493515899975e+00 3.759321408310150936e+00 3.827201837056881217e+00 3.895411615160668362e+00 3.964886409482339502e+00 4.036776425225676590e+00 4.113618132828729124e+00 4.199077579679218353e+00 4.282566500659653386e+00 4.376906347881988069e+00
2.889379065391580959e+00 0.000000000000000000e+00 3.382459531287750121e+00 3.221274116719782921e+00 3.315532919009290591e+00 3.407249793131262194e+00 3.496791179858482757e+00 3.584556885512064639e+00 3.670995670995670590e+00 3.756522689397044257e+00 3.841882103116115665e+00 3.928244074898520566e+00 4.018095284280240875e+00 4.120369734510843429e+00 4.621606008087810302e+00 4.706696660321854075e+00 4.786553886339858011e+00 4.861315567849586294e+00 4.931135325420686222e+00 4.996201518023967836e+00 5.056751788655109436e+00
2.499548692597169719e+00 2.845542561682339766e+00 2.905488606333965329e+00 0.000000000000000000e+00 3.269826045254391911e+00 3.159224936815501206e+00 3.225286244154168536e+00 3.289082346025458570e+00 3.350785340314136107e+00 3.410546244222951717e+00 3.468536901764098346e+00 3.524850193866760684e+00 3.579590825233361251e+00 3.632857801562129119e+00 3.684752078756360572e+00 3.735343962923252548e+00 3.784672763430428244e+00 3.832833696083665309e+00 3.879835938366034132e+00 3.925747294038472557e+00 3.970644613615203600e+00
2.869681465357345029e+00 2.997184041040510838e+00 0.000000000000000000e+00 0.000000000000000000e+00 3.481469876581892553e+00 2.563107872204826609e+00 3.511334588050225580e+00 3.603129179110164948e+00 3.694657115293827676e+00 3.786887729106708012e+00 3.881718492229630613e+00 3.983160844155397839e+00 4.096112858323092354e+00 4.201449155577596350e+00 4.314891168856073378e+00 4.450842530582156620e+00 4.748109357904225725e+00 4.824425376477480043e+00 4.895794376636180445e+00 4.962273128951125045e+00 5.024204444384094081e+00
2.803437013778892872e+00 2.878202878202877901e+00 0.000000000000000000e+00 3.329518260326708834e+00 3.155813007559924888e+00 3.230129548812755491e+00 3.301828387469561310e+00 3.371149837290420503e+00 3.438245669529579107e+00 3.503314135171872401e+00 3.566456108584871387e+00 3.627864792269857031e+00 3.687597843103148421e+00 3.745760007768983879e+00 3.802465380281105922e+00 3.857727027235553052e+00 3.911611309360417010e+00 3.964185633244480478e+00 4.015452569197324628e+00 4.065432796328706466e+00 4.114154061355751679e+00
2.869641294838145118e+00 2.959434607064592715e+00 0.000000000000000000e+00 0.000000000000000000e+00 2.758394465318780853e+00 3.353178676520905732e+00 3.436969417846119867e+00 3.518673600799442358e+00 3.598615916955016925e+00 3.677133778289646937e+00 3.754588942040271604e+00 3.831470052956389871e+00 3.908376488323725972e+00 3.986363886292406455e+00 4.067030171849258302e+00 4.153168867846166457e+00 4.235551304823062857e+00 4.320750576100076401e+00 4.413306117945605678e+00 4.523753184026278795e+00 4.933128699846524690e+00
2.858000257220023155e+00 2.921491554233506704e+00 0.000000000000000000e+00 3.406136606931835065e+00 3.242161901148552960e+00 3.324191805867198646e+00 3.403463197449486000e+00 3.480173451844839505e+00 3.554534766084269659e+00 3.626783453655866296e+00 3.697038184126451910e+00 3.765427794435534103e+00 3.832125529483415338e+00 3.897222716022371358e+00 3.960863885260027750e+00 4.023139991398803517e+00 4.084175550325348958e+00 4.144075698449424472e+00 4.203099268936340671e+00 4.261637018503752650e+00 4.953867112514706683e+00
2.870766494654072520e+00 2.971460161702715652e+00 0.000000000000000000e+00 0.000000000000000000e+00 3.289911172398344963e+00 3.373284959968056995e+00 3.458747518348655348e+00 3.542158633143491997e+00 3.623769138030759951e+00 3.703957747444955206e+00 3.783128647391392541e+00 3.861776003199757223e+00 3.940709604269792887e+00 4.021271137673070761e+00 4.106157868082834561e+00 4.203649594795743738e+00 4.301956365871145493e+00 4.404892183381167392e+00 4.863480059731754679e+00 4.931473072102244615e+00 4.994048189144443484e+00
2.890295656097114030e+00 0.000000000000000000e+00 0.000000000000000000e+00 3.467911415670797748e+00 3.300965532418232318e+00 3.389900862695179207e+00 3.476326218452339134e+00 3.560570786886143591e+00 3.642937169644023143e+00 3.723727037016605568e+00 3.803333102828296397e+00 3.882199095515718845e+00 3.961084086170951757e+00 4.041234288845507727e+00 4.125441387267070326e+00 4.222826801797124219e+00 4.337170237374015080e+00 4.846001010737353454e+00 4.918671139013943261e+00 4.985555547967190471e+00 5.046888320545609652e+00
2.915514090466268637e+00 3.007623977058124343e+00 0.000000000000000000e+00 0.000000000000000000e+00 3.611436670391670489e+00 3.453921236780116200e+00 3.551952529199138731e+00 3.649911506862522081e+00 3.749036705846414463e+00 3.851513644862430308e+00 3.957126580292145146e+00 4.058413641772769864e+00 4.161580290755742872e+00 4.268708302637648444e+00 4.382961238186549480e+00 4.511914926108715918e+00 4.743050400065990324e+00 4.849925543396587102e+00 4.921966325547055376e+00 4.989065062875887691e+00 5.051401422583858825e+00
2.822486751952808071e+00 2.963575588407594719e+00 3.048569251021963744e+00 0.000000000000000000e+00 0.000000000000000000e+00 3.596201857576574401e+00 3.445709402651818021e+00 3.531220140417929976e+00 3.615856923322972705e+00 3.700161271179931877e+00 3.784878708655456503e+00 3.871092615890835198e+00 3.960616188497536161e+00 4.048332978818297789e+00 4.135706309709259010e+00 4.225488702012994757e+00 4.319654427645788886e+00 4.421752257511796458e+00 4.540826155158653954e+00 4.817674759455535138e+00 4.882308850732002270e+00
