0.000000000000000000e+00 2.999211835029398809e+00 3.091508656224236873e+00 3.179122838542026042e+00 3.262529501596556525e+00 3.342036553524803999e+00 3.418016434381059732e+00 3.490616401790481049e+00 3.560131998740261317e+00 3.626684184235556607e+00 3.690448006461765296e+00 3.751563151313046518e+00 3.810157186302831622e+00 3.866350797522723148e+00 3.920220082530949224e+00 3.971868216151807296e+00 4.021382662293991217e+00 4.068881333489651198e+00 4.114436185094769272e+00 4.158148237984684137e+00 4.200089510104313639e+00
0.000000000000000000e+00 0.000000000000000000e+00 3.051268405180060483e+00 3.133792027633080846e+00 3.212178345728151641e+00 3.286828210776600478e+00 3.358028837072638328e+00 3.426018555316495462e+00 3.491046492525053502e+00 3.553363153714309330e+00 3.613068189713872780e+00 3.670385528985657952e+00 3.725448261112529025e+00 3.778406748921436353e+00 3.829363559776364667e+00 3.878492374606956616e+00 3.925917252684431702e+00 3.971732223074394330e+00 4.016008641342732055e+00 4.058916200579255396e+00 4.100468426393116594e+00
0.000000000000000000e+00 2.931446040453955071e+00 3.013441350021724752e+00 3.090907813674456772e+00 3.164317504866857700e+00 3.234019128879102478e+00 3.300352725197505777e+00 3.363582696083141865e+00 3.423930535297299738e+00 3.481680217912221043e+00 3.536975261978902996e+00 3.590032380684217816e+00 3.640985126919245918e+00 3.690036900369003448e+00 3.737334588339515484e+00 4.536020123434729712e+00 4.521972676322676854e+00 4.597480306315702592e+00 3.911450255959814548e+00 3.951774485402699710e+00 4.008957947413531286e+00
0.000000000000000000e+00 3.124197254872012053e+00 2.986318494339884388e+00 3.060869565217390953e+00 3.131436842398262144e+00 3.198398019774442602e+00 3.262076624097723254e+00 3.322658409507045274e+00 3.380472139275452204e+00 3.435670505455844292e+00 3.488443675314814918e+00 3.539036965588070238e+00 3.587542947028548035e+00 3.634152648388742524e+00 3.679022629459947513e+00 3.722315280104224300e+00 3.764132606969804673e+00 3.804648588821250232e+00 3.843988962260264763e+00 3.882283614683351036e+00 3.919600063263720457e+00
0.000000000000000000e+00 2.917173614520409242e+00 2.997351178028718532e+00 3.073011970778449342e+00 3.144566189624328878e+00 3.212335367812399589e+00 3.276631344116006428e+00 3.337690874196868052e+00 3.395726928114540133e+00 3.450965234976222984e+00 3.503565393017599838e+00 3.553685032018004897e+00 3.601556980787078643e+00 3.647198882443210000e+00 4.470610891783704410e+00 4.550249229560074049e+00 4.505878438331854419e+00 3.811160463714287072e+00 3.848083173569165627e+00 3.883656740224973980e+00 3.917956613785708253e+00
0.000000000000000000e+00 2.902243930062999855e+00 2.980646592358453972e+00 3.054664611710473210e+00 3.124578359454334819e+00 3.190742592159281354e+00 3.253412546856213172e+00 3.312845381752565377e+00 3.369201288719492204e+00 3.422695966806833745e+00 3.473452403281717782e+00 3.521661671891616052e+00 3.567459282940684151e+00 3.610985729662164356e+00 3.652376456643534830e+00 4.539483186717196972e+00 4.620339146685423337e+00 4.577103387056506101e+00 3.799103411594864088e+00 3.831732216657086632e+00 3.862948119227133770e+00
0.000000000000000000e+00 0.000000000000000000e+00 2.949541767618244936e+00 3.019896199846898277e+00 3.086333155635363479e+00 3.149165471150144668e+00 3.208682975146657679e+00 3.265135989440411279e+00 3.318716856963303652e+00 3.369619783106513999e+00 3.418008804790681143e+00 3.464091230306640679e+00 3.507951356407857713e+00 3.549801628732512260e+00 3.589747129928135383e+00 3.627991348636014468e+00 3.664578326838102917e+00 3.699745128668913807e+00 3.733510329378578074e+00 3.766091481785811990e+00 3.797601884735750222e+00
0.000000000000000000e+00 2.906090740911378312e+00 2.984756422556230859e+00 3.059060729307887527e+00 3.129400719762165384e+00 3.196131291514966222e+00 3.259588043553644177e+00 3.320006216181851322e+00 3.377641421142627554e+00 3.432698512955004500e+00 3.485392106611993501e+00 3.535896280375775635e+00 3.584402335375982407e+00 3.631057185725149239e+00 3.676011596776207480e+00 3.719418117698920057e+00 3.761414849229955060e+00 3.802176227411616871e+00 3.841773801846795067e+00 3.880373624546134881e+00 3.918056643904623826e+00
0.000000000000000000e+00 2.924465240641710650e+00 3.005563787849134361e+00 3.082117414663873678e+00 3.154552018562785776e+00 3.223184506292215978e+00 3.288299948926404426e+00 3.350177280214411191e+00 3.409075097054280690e+00 3.465123531653903299e+00 3.518503187349946604e+00 3.569467325645250266e+00 3.618096046534282184e+00 3.664599279525952547e+00 4.489012279175126352e+00 4.474396128614795742e+00 3.792449577659024129e+00 3.831657853853602358e+00 3.869354025164620126e+00 3.905650639550291459e+00 3.940682360261329453e+00
0.000000000000000000e+00 2.873120208546481535e+00 2.947389104484943623e+00 3.017353289967651175e+00 3.083326909735604193e+00 3.145665273253456906e+00 3.204636970364074688e+00 3.260469923899244282e+00 3.313382540588935665e+00 3.363535075364207483e+00 3.411116061483626893e+00 3.456284908477575080e+00 3.499219674012695069e+00 3.540068718981015383e+00 3.578925634054853866e+00 3.615932354250110947e+00 3.651294487234248098e+00 3.685059517187673439e+00 3.717420935963982487e+00 3.748490191450664977e+00 3.778354835607215634e+00
0.000000000000000000e+00 3.084061709271110008e+00 2.911531049398976556e+00 2.977426949176014137e+00 3.039534674873410225e+00 3.098128042189618903e+00 3.153490914442287352e+00 3.205820655241865325e+00 3.255321064697774602e+00 3.302208263951829537e+00 3.346603546005340934e+00 3.388705726206696855e+00 3.428635403109562496e+00 3.466547813598771732e+00 3.502626970227670888e+00 3.536950732356856975e+00 3.569663353286836482e+00 3.600883601437583348e+00 3.630777824326211878e+00 3.659437551352956230e+00 3.687007819239224382e+00
0.000000000000000000e+00 3.015026048422720262e+00 3.109431250475051645e+00 3.199109812921621554e+00 3.284531255459659960e+00 3.366008806578142387e+00 3.443929385671876453e+00 3.518500274443021603e+00 3.589895823984646572e+00 3.658376647132315362e+00 3.724060881499002829e+00 3.787096329959374508e+00 4.526159142498576315e+00 3.905661153060804747e+00 3.961386902403936094e+00 4.014896651022413998e+00 4.066245339324727759e+00 4.115508608272171465e+00 4.162821838163361932e+00 4.208182879483072014e+00 4.251700680272108457e+00
2.775800711743772187e+00 0.000000000000000000e+00 2.961082910321488626e+00 3.032976728796735078e+00 3.100906310344341499e+00 3.165188431924365275e+00 3.226100556151682675e+00 3.283842794759825434e+00 3.338619480844670306e+00 3.390581104083919772e+00 3.439948330572013546e+00 3.486869543220089795e+00 3.531464657655661199e+00 3.573858598909973150e+00 3.614223359003586378e+00 3.652653342522397484e+00 3.689343366491016241e+00 3.724368614113248377e+00 3.757854960716497938e+00 3.789925815711348456e+00 3.820744558912407385e+00
0.000000000000000000e+00 2.925381866811542775e+00 3.006320263996867581e+00 3.082722043564467551e+00 3.155082838452746952e+00 3.223839592955209721e+00 3.289225729968272560e+00 3.351604231400342027e+00 3.411234797379614658e+00 3.468296303489799115e+00 3.522999661515718639e+00 3.575603383070893315e+00 3.626220362622035953e+00 3.675042991068952158e+00 3.722197641671758372e+00 4.467261843398418364e+00 4.487567398502783078e+00 4.580947423217073933e+00 4.617149996265540679e+00 4.661685062041544647e+00 4.719626807480265640e+00
0.000000000000000000e+00 2.984883696138839415e+00 3.075202683813250903e+00 3.160903743609476901e+00 3.242407936310829353e+00 3.320146934162192309e+00 3.394315560512333629e+00 3.465219590965478602e+00 3.533054845480806616e+00 3.598018322216378628e+00 3.660246272419008573e+00 3.719930561296188376e+00 3.777135283250808495e+00 3.832020638168293747e+00 3.884653537462627870e+00 3.935213951369040064e+00 3.983790095473589865e+00 4.030408739037982357e+00 4.075261092998839985e+00 4.118389984075559340e+00 4.159877976912677688e+00
0.000000000000000000e+00 2.060823740689492478e+00 2.887466283549189328e+00 2.949997541668715417e+00 3.008886711916590517e+00 3.064493662069926572e+00 3.117118648870753184e+00 3.167018940150226669e+00 3.214467900742821627e+00 3.259655863566063516e+00 3.302788396671913151e+00 3.344062199556911530e+00 3.383674117655182556e+00 3.421763814498501866e+00 3.458508276210304988e+00 3.494060097833682654e+00 3.528581510232886131e+00 3.562198784661590789e+00 3.595107887804978919e+00 3.627409262450036032e+00 3.659235426922306633e+00
0.000000000000000000e+00 2.995471960989201765e+00 3.086636267976148318e+00 3.173114066552618961e+00 3.255415667041747341e+00 3.333865825791619386e+00 3.408837934105075629e+00 3.480585295223244557e+00 3.549406344389850254e+00 3.615454678189769844e+00 3.678975337239405619e+00 4.355341417935839843e+00 4.450195466277787837e+00 4.538733968297630206e+00 3.910511042048284480e+00 3.963425233807321924e+00 4.014563173996704926e+00 4.064032622472033118e+00 4.111870284198768211e+00 4.158148237984684137e+00 4.202896553624825948e+00
0.000000000000000000e+00 2.987537699880498110e+00 3.078020832604635437e+00 3.163844985657235931e+00 3.245452913311880572e+00 3.323222252861859793e+00 3.397445675537003940e+00 3.468368479467258680e+00 3.536239521290241772e+00 3.601232729665154508e+00 3.663459411634593987e+00 3.723162205766764377e+00 3.780432481475881179e+00 3.835406279107993477e+00 3.888186855151152699e+00 3.938879456706281257e+00 3.987597197681693739e+00 4.034473883737591748e+00 4.079544197366964831e+00 4.122946257395534886e+00 4.164757819332805866e+00
0.000000000000000000e+00 2.964113059740992373e+00 3.042308835832866709e+00 3.123264852859522378e+00 3.200044522358571619e+00 3.273026086714299510e+00 3.342502002019427820e+00 3.408743078164565787e+00 3.471981112422748428e+00 3.532418598530236320e+00 3.590267613024386240e+00 3.645693610406047114e+00 3.698844285634526052e+00 4.464500353725796344e+00 4.546926346682465869e+00 4.520547945205479756e+00 4.606964079432311010e+00 3.935458480913025525e+00 3.977779301831149361e+00 4.018652088659779409e+00 4.816073475644913060e+00
0.000000000000000000e+00 2.943443829280257606e+00 3.027009177341460244e+00 3.105975897627033966e+00 3.180859523562562075e+00 3.252032520325203180e+00 3.319795161575136433e+00 3.384500398383901043e+00 3.446335630890420276e+00 3.505540128124054799e+00 3.562351425968171448e+00 3.616913242771389925e+00 3.669419885486405519e+00 3.720029198719748464e+00 4.489459972383018638e+00 4.488113404268541551e+00 4.545172819866537317e+00 4.612387357928143139e+00 4.664467050341946752e+00 4.708097928436910884e+00 4.768783130948020421e+00
0.000000000000000000e+00 3.034315348118724387e+00 3.131698354814463681e+00 3.224359333819323936e+00 3.312720848056537104e+00 3.397210127846029604e+00 3.478115696040513072e+00 3.555652804179258997e+00 3.630062395978165046e+00 3.701505045919613934e+00 3.770133560472243239e+00 3.836067403191607994e+00 3.899408931698774339e+00 4.669527896995707472e+00 4.018679932929617671e+00 4.074698196082764845e+00 4.128449835894119069e+00 4.180000411147580586e+00 4.229355889898079646e+00 4.276599413692015794e+00 4.321847281009254083e+00
0.000000000000000000e+00 2.870605697802236289e+00 2.943938990369113551e+00 3.012976821099246028e+00 3.078150031830869437e+00 3.139783145644074125e+00 3.198175649368707685e+00 3.253642665157731262e+00 3.306389774110264579e+00 3.356666829837970489e+00 3.404669260700389000e+00 3.450584183902334789e+00 3.494597352493045594e+00 3.536877145532091760e+00 3.577546766104120035e+00 3.616812614329532938e+00 3.654769128923704535e+00 3.691553308119327248e+00 3.727354562844604757e+00 3.762227238525206907e+00 3.796347070485510233e+00
2.746981841745671726e+00 0.000000000000000000e+00 2.931077799179298005e+00 2.998981741083259767e+00 3.063042993985297002e+00 3.123602365418882254e+00 3.180903514898383744e+00 3.235243503699879231e+00 3.286828210776600478e+00 3.335835209740638518e+00 3.382496987463620375e+00 3.426980829888867763e+00 3.469403332014959762e+00 3.510003510003509852e+00 3.548862972137945881e+00 3.586182164260936389e+00 3.622052728729146853e+00 3.656685525044846230e+00 3.690165361183638026e+00 3.722623208487580548e+00 3.754197401261131883e+00
0.000000000000000000e+00 2.928911142414817093e+00 3.010508775983141039e+00 3.087545962331938565e+00 3.160511862454523868e+00 3.229685621027314379e+00 3.295413196756764140e+00 3.357981373482911813e+00 3.417611636284098697e+00 3.474514436607484491e+00 3.528874496616431600e+00 3.580897290224838603e+00 3.630733819257960349e+00 3.678537469027408857e+00 4.477015690218064670e+00 4.483840927120339437e+00 4.571412975989847638e+00 3.852186115620614526e+00 3.891861838904718152e+00 3.930248433072005998e+00 3.967425349759865938e+00
0.000000000000000000e+00 3.185904450569999824e+00 3.018942106519510560e+00 3.096890440462281013e+00 3.170773737721867658e+00 3.240932285202041019e+00 3.307744256239921299e+00 3.371451375414550533e+00 3.432321484959567126e+00 3.490616401790481049e+00 3.546510438335049198e+00 3.600185548024398496e+00 3.651822810801127694e+00 3.701596484854301483e+00 4.472487322218628769e+00 4.474426929166379630e+00 4.525910839556460452e+00 4.599626537785588276e+00 4.657953281423803382e+00 4.694090278400971705e+00 4.756630403022498399e+00
0.000000000000000000e+00 0.000000000000000000e+00 3.112937367700161495e+00 3.203208779577454646e+00 3.289220454752223688e+00 3.371358588708012860e+00 3.449902487450099642e+00 3.525118195139483657e+00 3.597221837903648911e+00 3.666373817940328461e+00 3.732710293294255077e+00 3.796402391043251168e+00 3.857546324998278209e+00 3.916275621883589242e+00 4.708815179004223417e+00 4.026715172385064712e+00 4.078641743170003053e+00 4.128449835894119069e+00 4.176222914455892443e+00 4.222096097675770210e+00 4.266094184350315288e+00
2.754178936886930273e+00 0.000000000000000000e+00 3.167006826659159557e+00 2.988954769468174177e+00 3.052004741253876663e+00 3.111667369672998174e+00 3.168233181962191836e+00 3.222010534573573448e+00 3.273185645339889316e+00 3.322024314390726651e+00 3.368693153303038201e+00 3.413397235844850552e+00 3.456308800453467445e+00 3.497628607803908718e+00 3.537490462648262390e+00 3.576070586131723239e+00 3.613545235332133121e+00 3.649986915141246957e+00 3.685623287575972462e+00 3.720545680033071623e+00 3.754928343450779415e+00
0.000000000000000000e+00 3.015808447069054488e+00 3.110161935764788499e+00 3.199799664716643566e+00 3.285220004892880574e+00 3.366795154563381409e+00 3.444854764923110935e+00 3.519664364806172507e+00 3.591408246425857431e+00 3.660347387686038623e+00 3.726630918614521004e+00 3.790410949463484336e+00 4.500543527179820202e+00 4.592532678954547976e+00 3.967982486146268251e+00 4.022944656766523686e+00 4.075936774621422565e+00 4.127058370362218120e+00 4.176365877036833929e+00 4.223937956583457165e+00 4.269766609047772832e+00
2.793549693757114483e+00 0.000000000000000000e+00 2.980832553464351165e+00 3.055170698781483729e+00 3.125542628928633437e+00 3.192145902348709541e+00 3.255323515466324924e+00 3.315275661644376370e+00 3.372147438544332854e+00 3.426135935369372110e+00 3.477414194804743452e+00 3.526117468109378539e+00 3.572385460391175993e+00 3.616334705685990691e+00 3.658124141548698027e+00 3.697819655965815855e+00 3.735602365881498077e+00 3.771592366297049637e+00 4.760590589209328094e+00 3.838584051032230438e+00 3.869862067059181676e+00
0.000000000000000000e+00 2.914015721808632442e+00 2.994241307996016843e+00 3.069988766632012922e+00 3.141668295679856726e+00 3.209623287910186473e+00 3.274029285147052271e+00 3.335232562987256788e+00 3.393328301050546614e+00 3.448585045555808470e+00 3.501081834286794425e+00 3.551037459963793275e+00 3.598541206756952882e+00 3.643763664113740308e+00 3.686828284233591546e+00 3.727878907239118966e+00 3.766968480747366677e+00 4.710862292619648173e+00 4.646807920380067181e+00 3.874172414508775475e+00 3.906919359813564530e+00
0.000000000000000000e+00 0.000000000000000000e+00 3.132439543916802016e+00 3.225518656537165629e+00 3.314344899016053780e+00 3.399260487412330445e+00 3.480561066443910612e+00 3.558475330185451035e+00 3.633148019934329120e+00 3.704791063764346859e+00 3.773505796524181388e+00 3.839361130307917147e+00 3.902466219276789605e+00 3.962912604111862969e+00 4.020744314735686942e+00 4.075964932884746261e+00 4.128677103044898544e+00 4.178883621516455094e+00 4.226718403547671699e+00 4.272149718175930033e+00 4.315304948216340364e+00
2.818072297644795832e+00 0.000000000000000000e+00 3.227481301657241008e+00 3.087177688124890462e+00 3.160795146118062338e+00 3.230745459397956765e+00 3.297337400049459522e+00 3.360791226277272337e+00 3.421357650574648801e+00 3.479229002852967767e+00 3.534572975070864320e+00 3.587567698092379409e+00 3.638348189921775333e+00 3.687114218604905069e+00 3.733975023855951036e+00 3.779081751844878934e+00 3.822523699646937612e+00 3.864520937422364355e+00 3.905133158067238153e+00 3.944500190304833787e+00 3.982727539512849635e+00
2.782236490101658966e+00 0.000000000000000000e+00 2.965515293586013623e+00 3.037667071688942677e+00 3.105868711478600552e+00 3.170467781844247046e+00 3.231728699813659844e+00 3.289911172398344963e+00 3.345227475468331768e+00 3.397916868923623213e+00 3.448106004630313581e+00 3.496014543420500331e+00 3.541765049029139245e+00 3.585539244416557025e+00 3.627485176142309253e+00 3.667718540663233995e+00 3.706423781513181304e+00 3.743708489898919467e+00 3.779679070886162950e+00 3.814517359521728324e+00 3.848347615742489847e+00
0.000000000000000000e+00 2.997727304415721772e+00 3.089171750928506377e+00 3.175918254625793580e+00 3.258412944912022713e+00 3.337110757315572496e+00 3.412303792531929059e+00 3.484296276680998616e+00 3.553271743289782236e+00 3.619501601458727347e+00 3.683138868233969188e+00 4.366781958952249632e+00 4.460854287910398952e+00 4.548806627473412689e+00 3.915023387113391706e+00 3.968005346365098163e+00 4.019125493728778586e+00 4.068544633313795345e+00 4.116327412682404763e+00 4.162475285302993377e+00 4.207070637405685432e+00
0.000000000000000000e+00 3.201536737634063989e+00 3.040080700324045093e+00 3.120838881491344363e+00 3.197486497570605213e+00 3.270361479316703512e+00 3.339827442248817224e+00 3.406112930021757634e+00 3.469499628763538901e+00 3.530169102021887273e+00 3.588359912499223370e+00 3.644214637366264053e+00 3.697915213083642794e+00 4.435727008725907083e+00 4.519224083988040874e+00 4.596597145993413847e+00 4.563747251379496106e+00 3.939102852048678827e+00 4.189416572233096048e+00 4.025010583001963127e+00 4.750070562642416228e+00
2.746846409026559854e+00 0.000000000000000000e+00 2.928686484111875377e+00 2.996578325679282173e+00 3.060614070477594595e+00 3.121142905784044963e+00 3.178441872516842182e+00 3.232751208842605806e+00 3.284255836541887685e+00 3.333171304172713789e+00 3.379662878627856859e+00 3.423930535297299738e+00 3.466108392141639349e+00 3.506335466927006372e+00 3.544792977139560541e+00 3.581587883212684176e+00 3.616888085135981257e+00 3.650841760119030610e+00 3.683548438661968571e+00 3.715144718646586686e+00 3.745785990760394757e+00
0.000000000000000000e+00 2.924424515032934213e+00 3.005626812987103769e+00 3.082268549652543488e+00 3.154751055088964140e+00 3.223410368169523199e+00 3.288527150902289087e+00 3.350364352123293088e+00 3.409098815164227858e+00 3.464954460598517638e+00 3.518114842305676060e+00 3.568707921845296394e+00 3.616913242771389925e+00 4.422791195881274895e+00 4.507427010414888358e+00 4.469811580250309113e+00 3.788504987050201223e+00 3.826779104394534059e+00 3.863454480227392018e+00 3.898608336060037871e+00 3.932390479475681211e+00
0.000000000000000000e+00 2.133300825892177066e+00 3.006341282659003245e+00 3.083154066610141797e+00 3.155879403328400556e+00 3.224879242293589687e+00 3.290463955417714192e+00 3.352868448809382063e+00 3.412351318978244397e+00 3.469114473839407964e+00 3.523364744245170765e+00 3.575259206292456415e+00 3.624923055878531031e+00 3.672572810488313078e+00 3.718316841909562687e+00 3.762330182096780717e+00 4.608009683697961378e+00 4.570165685558958302e+00 3.885165605183920512e+00 3.923431143783426833e+00 3.960561148979633739e+00
0.000000000000000000e+00 3.185264688571131764e+00 3.036493126483740479e+00 3.117118648870753184e+00 3.193579516658682671e+00 3.266293243637677701e+00 3.335487502345264144e+00 3.401502214447360117e+00 3.464499275919651566e+00 3.524655309444003404e+00 3.582240515842633588e+00 3.637355642447940074e+00 3.690162982198380348e+00 3.740829771463010101e+00 3.789444674107757205e+00 3.836174427363780559e+00 3.881180433306072874e+00 3.924484653199487472e+00 3.966293463965876231e+00 4.006659344151313640e+00 4.045695791104955141e+00
2.785197034836387253e+00 0.000000000000000000e+00 2.976128679498625917e+00 3.049520047128946310e+00 3.118957020772253674e+00 3.184757473794984417e+00 3.247269184797252795e+00 3.306696059520528586e+00 3.363282563782251433e+00 3.417229812191838523e+00 3.468729404419161000e+00 3.517969235014140938e+00 3.565087309687251071e+00 3.610258688920671588e+00 3.653635367190354533e+00 3.695362668470189238e+00 3.735602365881498077e+00 3.774439495734883465e+00 3.812058580943864960e+00 3.848532746890247935e+00 3.884033846580662974e+00
3.136762860727729141e+00 2.995033816021341444e+00 3.086484704363868570e+00 3.173223512206562624e+00 3.255646068807372284e+00 3.334213195148719500e+00 3.409122533604207916e+00 3.480682213713887752e+00 3.549076216411747975e+00 3.614539998636022045e+00 3.677159290377637113e+00 3.737101808342040865e+00 3.794542757597709315e+00 3.849564518013899761e+00 3.902275863030117087e+00 3.952788449536067006e+00 4.001186558772600321e+00 4.047555345174147945e+00 4.092050325283321577e+00 4.134680320299901624e+00 4.175565412628004403e+00
2.747930244847630821e+00 0.000000000000000000e+00 2.915638489272583733e+00 2.981886771518126533e+00 3.044350653843492793e+00 3.103277060575968083e+00 3.158980982934482373e+00 3.211662524087468551e+00 3.261555970382295833e+00 3.308810588193882296e+00 3.353660623233339688e+00 3.396221184102912627e+00 3.436662313561069215e+00 3.475166460473456453e+00 3.511840410954187863e+00 3.546814473784868138e+00 3.580256263727184418e+00 3.612315216183171973e+00 3.643062371977288993e+00 3.672649158062504693e+00 3.701241286661137497e+00
0.000000000000000000e+00 0.000000000000000000e+00 3.086679574599432652e+00 3.173683266410012305e+00 3.256448807931877631e+00 3.335278912699074283e+00 3.410546244222951717e+00 3.482427669977294471e+00 3.551111637201723514e+00 3.616837770915060091e+00 3.679712288156186339e+00 3.739871182214835166e+00 3.797450874794591869e+00 3.852583638902839169e+00 3.905340038642312273e+00 3.955833466351124983e+00 4.004142216085605277e+00 4.050389592558267360e+00 4.094663057811089857e+00 4.137046562459060439e+00 4.177624369932061654e+00
0.000000000000000000e+00 3.129346314325451406e+00 2.967543357188701325e+00 3.039744661448438023e+00 3.107970909392288483e+00 3.172523190454842990e+00 3.233707617789519873e+00 3.291774678023288825e+00 3.346906900206392255e+00 3.399354816330777851e+00 3.449274962402903100e+00 3.496845845047767298e+00 3.542183235055111901e+00 3.585514521333811100e+00 3.626953847012296617e+00 3.666627463731519487e+00 3.704694671414164198e+00 3.741322210982859442e+00 3.776564699419782123e+00 3.810605955630689934e+00 3.843514070006863292e+00
0.000000000000000000e+00 0.000000000000000000e+00 3.053901358986104153e+00 3.137069001575505389e+00 3.216108508704467184e+00 3.291362624126388692e+00 3.363144059246244044e+00 3.431661885217772934e+00 3.497150850630515784e+00 3.559766424556911613e+00 3.619699360064471350e+00 3.677082755175667295e+00 3.732091145959319789e+00 3.784776939010040309e+00 3.835274941272352134e+00 3.883764477425619699e+00 3.930302633302763748e+00 3.975025871935631283e+00 4.018011776931070145e+00 4.059390953750463993e+00 4.099271858151297465e+00
2.821573336820155653e+00 0.000000000000000000e+00 3.040975375171496964e+00 3.122250290936958717e+00 3.199421322056532180e+00 3.272775383158436746e+00 3.342641661850012103e+00 3.409264851175151989e+00 3.472849264450525553e+00 3.533642353821530246e+00 3.591730730709988162e+00 3.647331135582521089e+00 3.700600474794022876e+00 3.751641343087600777e+00 3.800626066766634281e+00 3.847633705271257476e+00 3.892808731013867707e+00 3.936300982003508420e+00 3.978188552419492652e+00 4.018596401277636510e+00 4.057548415492957972e+00
2.842564561747608742e+00 0.000000000000000000e+00 3.069795998102307966e+00 3.154861641789997950e+00 3.235733513249296145e+00 3.312789437723009822e+00 3.386267275254146725e+00 3.456424364264804705e+00 3.523510798524270626e+00 3.587666705763035147e+00 3.649020378375343654e+00 3.707745690620103396e+00 3.763984247028892227e+00 3.817827170434746176e+00 3.869380760886087511e+00 3.918764695367607853e+00 3.966100279714440013e+00 4.011481135664141995e+00 4.054982817869415612e+00 4.096738579473255371e+00 4.136846895296405258e+00
0.000000000000000000e+00 0.000000000000000000e+00 3.079033183580355271e+00 3.164905328049317124e+00 3.246618681182044774e+00 3.324515115933622589e+00 3.398930377420003257e+00 3.470149771664145621e+00 3.538398562438858530e+00 3.603853350890567686e+00 3.666728931874943864e+00 3.727171077152441114e+00 3.785323954906467669e+00 3.841325806163955914e+00 3.895299903313091949e+00 4.673764373543742856e+00 3.997628992459644426e+00 4.046195204915783883e+00 4.093157489437572849e+00 4.138587500086220672e+00 4.182579897561075732e+00
0.000000000000000000e+00 3.009539540450310913e+00 3.103298461453584345e+00 3.192338387869114502e+00 3.277156822412963244e+00 3.358122809349573856e+00 3.435528865313526303e+00 3.509633945179517767e+00 3.580630893121677705e+00 3.648713126947149554e+00 3.714085494043447344e+00 3.776824034334764324e+00 3.837061906882729634e+00 3.894905873108066352e+00 3.950459847387498780e+00 4.003881729405456724e+00 4.055122169146705424e+00 4.104404930851210942e+00 4.151731964184391721e+00 4.197199573399386985e+00 4.240882103477523479e+00
2.832802470756496493e+00 0.000000000000000000e+00 3.039878970400061942e+00 3.120990394285119596e+00 3.198042241966656540e+00 3.271317505724805397e+00 3.341175815455722287e+00 3.407865910908648210e+00 3.471595406384957894e+00 3.532565404409472087e+00 3.591011422178639112e+00 3.647049747161262623e+00 3.700858878569932120e+00 3.752579898680342474e+00 3.802333941706764087e+00 3.850279145238029166e+00 3.896556674391419062e+00 3.941254563557915702e+00 3.984501662498969310e+00 4.026379729260672669e+00 4.067030171849258302e+00
