2.822825365908737449e+00 2.785953081692716271e+00 0.000000000000000000e+00 0.000000000000000000e+00 3.432141656393589368e+00 3.541199425075857388e+00 3.646921857685887947e+00 3.749140821894981990e+00 3.847633705271257476e+00 3.942290401560317292e+00 4.032987052720875099e+00 4.119747322164240444e+00 4.394940324950900035e+00 4.281229188469223068e+00 4.356063225146238338e+00 4.427074326427558049e+00 4.494350946579453776e+00 4.558011049723757147e+00 4.618205379175339687e+00 4.675017531315742048e+00 4.728521206389671327e+00
2.257287032250078429e+00 2.871651199439677615e+00 2.954043522907904062e+00 2.886856354252480106e+00 0.000000000000000000e+00 0.000000000000000000e+00 3.589994960199382135e+00 3.687214923660994792e+00 3.781862188941834901e+00 3.872939907187761044e+00 3.960285974334567971e+00 4.043953592146362297e+00 4.123796366935400748e+00 4.199916001679965483e+00 4.272326350606394207e+00 4.341055358791670926e+00 4.406256884776381888e+00 4.467998817698774161e+00 4.526376429923463007e+00 4.581478518336171035e+00 4.633503689513759127e+00
2.746382169641913507e+00 2.847677059530341559e+00 2.757916945331190917e+00 0.000000000000000000e+00 3.345227475468331768e+00 3.447158507242480407e+00 3.546341130737229896e+00 3.588390501319261183e+00 3.736093430010515970e+00 3.826326517834159890e+00 3.913374656706196220e+00 3.997105544261053023e+00 4.077486057070982106e+00 4.154491697940756900e+00 4.228153960255351507e+00 4.298510774009262292e+00 4.365590957769728497e+00 4.429494899159780452e+00 4.490283716849616802e+00 4.548085669395518060e+00 4.602944510473416351e+00
2.128127981213766340e+00 2.828294255734366658e+00 2.880750962592394160e+00 2.781363438621014428e+00 0.000000000000000000e+00 0.000000000000000000e+00 3.493034888432465124e+00 3.566309349902955450e+00 3.673973020560385105e+00 3.759974376470915924e+00 3.842828321644730316e+00 3.922513161063895470e+00 3.998951998786524520e+00 4.240853095480755286e+00 4.142044513171700970e+00 4.208725170246382596e+00 4.272238032565478960e+00 4.332666240277290193e+00 4.390026408752615517e+00 4.444474834015958109e+00 4.496029659961818581e+00
2.712458530682078539e+00 2.760651513757246711e+00 0.000000000000000000e+00 3.102699348433136439e+00 3.317735369132619461e+00 3.420187482113815847e+00 3.517726582976962835e+00 3.485773260701664711e+00 3.704923431582413329e+00 3.585514521333811100e+00 3.880718954248365993e+00 3.964086764818381514e+00 4.044364623462797681e+00 4.121501875283353655e+00 4.195496375366246866e+00 4.266417104203796384e+00 4.579192695162459081e+00 4.672897196261682318e+00 4.765456655063815106e+00 4.519897822915881491e+00 4.576151318070251328e+00
2.740688685874911990e+00 2.664908761939491999e+00 0.000000000000000000e+00 3.086610284585467934e+00 3.176171654432523805e+00 3.273778427889806331e+00 3.482597460489931684e+00 3.459513315666752131e+00 3.664649956784788110e+00 3.561863402538512080e+00 3.835826620636747286e+00 3.917095027350944392e+00 3.995398403218362038e+00 4.070678009369459005e+00 4.142952227006614585e+00 4.212242679529858869e+00 4.510754047718309678e+00 4.602185694758316181e+00 4.688976079326442559e+00 4.460211482642916003e+00 4.515228634759051118e+00
2.407744439172585516e+00 2.795814665445827352e+00 2.746962493396724714e+00 0.000000000000000000e+00 3.120124804992199685e+00 3.238433161555574369e+00 3.430837741959832154e+00 3.518747888751266650e+00 3.604178074121307862e+00 3.559742055614124379e+00 3.766968480747366677e+00 3.844164558200650728e+00 3.918495297805642430e+00 3.989873975015133301e+00 4.058357809587354481e+00 4.123909741362127512e+00 4.186570032394443253e+00 4.246400832842486039e+00 4.303425663444789606e+00 4.357743505940829820e+00 4.409383719728547035e+00
2.715574866310160207e+00 2.853861413705495398e+00 2.857282236764162597e+00 0.000000000000000000e+00 0.000000000000000000e+00 3.399378399378399696e+00 3.493010486017478655e+00 3.585020131266890786e+00 3.674125835343703628e+00 3.760236198540471086e+00 3.752985329239167722e+00 3.923107100823852278e+00 3.999724156954692855e+00 4.073094792651859919e+00 4.143188597944978291e+00 4.210090413417075794e+00 4.273857777042490369e+00 4.334514431180982896e+00 4.392135332669937497e+00 4.446816079686943368e+00 4.498674621246202321e+00
2.636344084529516518e+00 2.828174272098646469e+00 2.687026295795266861e+00 0.000000000000000000e+00 3.332963004110653937e+00 3.434348984806439464e+00 3.419668565722609799e+00 3.512790068639918495e+00 3.722746684648235771e+00 3.617164838375336089e+00 3.900835196678717587e+00 3.985268249780123728e+00 4.066581659027466600e+00 4.144697505027993500e+00 4.219671972385358849e+00 4.291489008250733761e+00 4.609232020605978697e+00 4.705882352941175739e+00 4.488578294616468511e+00 4.548399101346601192e+00 4.605412390621455465e+00
2.686499632373734237e+00 2.756768219410475673e+00 0.000000000000000000e+00 0.000000000000000000e+00 3.164000703111266688e+00 3.341501447983961093e+00 3.432509988604066198e+00 3.521248317050436505e+00 3.504738406325351718e+00 3.538570417551309077e+00 3.772653066823975276e+00 3.851179423698507964e+00 3.926972097829831032e+00 3.999972413983352126e+00 4.070172533923852143e+00 4.137531548678058613e+00 4.202114834843108326e+00 4.503349799427728506e+00 4.323092864151952597e+00 4.379592489346467943e+00 4.433470657244972912e+00
2.420934480709553416e+00 2.738802511271225537e+00 2.816127964854723054e+00 2.681832164632943272e+00 0.000000000000000000e+00 3.284623072031084945e+00 3.370732411999807443e+00 3.396974612814219530e+00 3.536509257333055878e+00 3.615932354250110947e+00 3.693045229352044601e+00 3.767639402657898096e+00 3.839682772390586418e+00 3.909167696313514462e+00 3.976032198885315339e+00 4.040263313712514126e+00 4.101893823521232108e+00 4.160974222764689756e+00 4.217457553330430819e+00 4.271472762471666407e+00 4.323003870117750225e+00
2.764187190756558277e+00 2.946073158532992231e+00 2.965661872179973013e+00 2.894616014213562405e+00 0.000000000000000000e+00 0.000000000000000000e+00 3.680044438272461527e+00 3.784855074458421953e+00 3.885893512639562619e+00 3.982996724328556226e+00 4.076049410009119356e+00 4.165046926195367760e+00 4.446542300298943928e+00 4.330819624799785217e+00 4.671677269542038324e+00 4.480682149912762036e+00 4.549904176260530342e+00 4.615457710868724028e+00 4.677461514121805664e+00 4.736083464891206241e+00 4.791337262229888871e+00
2.652094107465644779e+00 2.662145689425676753e+00 2.893089749289075918e+00 2.942701399885093938e+00 2.816028836135282098e+00 0.000000000000000000e+00 0.000000000000000000e+00 3.513509789602766720e+00 3.619808707032174500e+00 3.703444902522535109e+00 3.784282156077557246e+00 3.862255419227134556e+00 3.937252626561949409e+00 4.009345923601222772e+00 4.078387999861750046e+00 4.144505077018719064e+00 4.207651027080717476e+00 4.267914917051008672e+00 4.325378298959162926e+00 4.380051602482941675e+00 4.432040885577168687e+00
2.752895834656841068e+00 2.784623310081728587e+00 0.000000000000000000e+00 0.000000000000000000e+00 3.342059822870829588e+00 3.346976912832170026e+00 3.543241440640284345e+00 3.639784909314415451e+00 3.622296946335329171e+00 3.824118366892868881e+00 3.911638152883288644e+00 3.996003996003996139e+00 4.077063408701420144e+00 4.154865693966442564e+00 4.229385213791955422e+00 4.300657584417747259e+00 4.368750260044658162e+00 4.433729597916147291e+00 4.495667811018472904e+00 4.554662751016300248e+00 4.610768553182118090e+00
2.767438320718426770e+00 2.926380624573236222e+00 2.992449284943804688e+00 2.989813279042121241e+00 2.971768202080237398e+00 0.000000000000000000e+00 0.000000000000000000e+00 0.000000000000000000e+00 1.632131705932444055e+00 3.948516881641474185e+00 3.995618597537871963e+00 4.080249517631518330e+00 4.160925498970000191e+00 4.237693601082662020e+00 4.310610259252417364e+00 4.379721887660133817e+00 4.445185308662554569e+00 4.507034440677025522e+00 4.565451979745994038e+00 4.620506896786029216e+00 4.672319256826395595e+00
2.255109231853417828e+00 2.732161859020448169e+00 2.838751800833173355e+00 2.776987107837351587e+00 0.000000000000000000e+00 0.000000000000000000e+00 3.351346822504293943e+00 3.396856867543379455e+00 3.514599370128661526e+00 3.592946769111712957e+00 3.668988051559666452e+00 3.742696543550432686e+00 3.813961874250209938e+00 3.882741215298000093e+00 3.948989943692850613e+00 4.012759214043296829e+00 4.073994793572754958e+00 4.132715262806250678e+00 4.188956263176327077e+00 4.242797509067268713e+00 4.294253319388553258e+00
2.786932075497989381e+00 2.894151695902304589e+00 2.817496654222722885e+00 0.000000000000000000e+00 3.439537838425954952e+00 3.549778821473431378e+00 3.656761213492758955e+00 3.760298089084880058e+00 3.860285247506324957e+00 3.956465002637643558e+00 4.048780828324711756e+00 4.137246248896733647e+00 4.221736495550152846e+00 4.302328808948843175e+00 4.379092569911527733e+00 4.452054794520546643e+00 4.521384091578579678e+00 4.587124557547873849e+00 4.649445485251684218e+00 4.708391322711756644e+00 4.764173415912339671e+00
2.795990549551941928e+00 2.836290685206323214e+00 0.000000000000000000e+00 0.000000000000000000e+00 3.417587322843432585e+00 3.525421816720370582e+00 3.630017452006981227e+00 3.684246435150440035e+00 3.828803742481621697e+00 3.922648131580758424e+00 4.012702278246310428e+00 4.098844681575345206e+00 4.181060481438832355e+00 4.259411926353394051e+00 4.333947882556891784e+00 4.404740602072981126e+00 4.471841160201989851e+00 4.535432191799937840e+00 4.595525193080648663e+00 4.652340195535121126e+00 4.705946543175354435e+00
2.668763208574663981e+00 2.842583284223662687e+00 2.943216936111169080e+00 2.801218530060576306e+00 0.000000000000000000e+00 3.411994902897410142e+00 3.537196043888974017e+00 3.691039131979023669e+00 3.787722270429596527e+00 3.881153534275437078e+00 3.971188343877522620e+00 4.057771664374139498e+00 4.140901060070671491e+00 4.220500741991259019e+00 4.296604296604296991e+00 4.369295641800982288e+00 4.438617336556451853e+00 4.504691809777259692e+00 4.567600487210717652e+00 4.627359435324017944e+00 4.684163394640766143e+00
2.754295641856818744e+00 0.000000000000000000e+00 3.038347139156299281e+00 3.153017300468839768e+00 3.367211605197875102e+00 3.471330283191124355e+00 3.572679990930888838e+00 3.671148238195179658e+00 3.766581519096567909e+00 3.643650938240116766e+00 3.947753524050667373e+00 4.033323597724648657e+00 4.115480379447291170e+00 4.194198254938496184e+00 4.269501983252534494e+00 4.341444253788426799e+00 4.683163339095460564e+00 4.779070402534272510e+00 4.537704196688849834e+00 4.596880981948666012e+00 4.653167917775784979e+00
2.147670887950825502e+00 2.963882968963911235e+00 3.031905517362946778e+00 3.007708126407677707e+00 0.000000000000000000e+00 0.000000000000000000e+00 0.000000000000000000e+00 3.814570271319979611e+00 3.916768665850673514e+00 4.014813276572179568e+00 4.108575967569640497e+00 4.198037245537004303e+00 4.493325683158323258e+00 4.609563123495012071e+00 4.440928709216314552e+00 4.513653802753328392e+00 4.582481242604763416e+00 4.647507090865597768e+00 4.708880394437980677e+00 4.766740585687342602e+00 4.821169064624326595e+00
2.685246689373489204e+00 2.740592389585748467e+00 0.000000000000000000e+00 2.713432921081945448e+00 3.146655105622722548e+00 3.350785340314136107e+00 3.335325263699153275e+00 3.424352626136028643e+00 3.619405582237070984e+00 3.527629640389283949e+00 3.786079617812471376e+00 3.865401207937877004e+00 3.941963236006030602e+00 4.015708908748120365e+00 4.086608392092758280e+00 4.154693072049302494e+00 4.433913898934474851e+00 4.523367304278695045e+00 4.609246009906438957e+00 4.399351095713381454e+00 4.453878005497755588e+00
2.104923415869718983e+00 2.774791023551038460e+00 2.638710597632292210e+00 0.000000000000000000e+00 3.116192428344886522e+00 3.321408554010946368e+00 3.409502073533914324e+00 3.496161214985944898e+00 3.464235235429426574e+00 3.662244333886124803e+00 3.741477745136078337e+00 3.818016949268099314e+00 3.891847603441212389e+00 3.962874126603399549e+00 4.031109041499572498e+00 4.096596353334906127e+00 4.159272404614019258e+00 4.454953565676295746e+00 4.276481421447243747e+00 4.331117359530863631e+00 4.383201380708435124e+00
2.733925917617698875e+00 2.739475846954615879e+00 0.000000000000000000e+00 3.135014630068273522e+00 3.342502002019427820e+00 3.444546249922497250e+00 3.544029352901934438e+00 3.517312210701070807e+00 3.734698111902620798e+00 3.616957388147298502e+00 3.913456700396935606e+00 3.998097457072151695e+00 4.079495774322293933e+00 4.157687217190650486e+00 4.232583957812933839e+00 4.304300134682939039e+00 4.629533660855564392e+00 4.724441796931166060e+00 4.500668176121531694e+00 4.560121050486067418e+00 4.616741545161379356e+00
2.578540963956178711e+00 2.818866674653455195e+00 2.946941349013802114e+00 2.835800248997094375e+00 0.000000000000000000e+00 0.000000000000000000e+00 3.504124354365087068e+00 3.613394575738835268e+00 3.754562836780809931e+00 3.846338766286840460e+00 3.934942287513115922e+00 4.020211962210008316e+00 4.102150500253777032e+00 4.180745269246848750e+00 4.255961778717445299e+00 4.327933720786448113e+00 4.396570674873598428e+00 4.462109822819916083e+00 4.524514642974663658e+00 4.583923427953722651e+00 4.640402896157336698e+00
2.609474508255107850e+00 2.887689988871828817e+00 3.050936776269259187e+00 3.064749804970466673e+00 2.978396237523636803e+00 0.000000000000000000e+00 0.000000000000000000e+00 3.784215616196442422e+00 3.884626590269010471e+00 3.980975129381691513e+00 4.073207271020166331e+00 4.161294503680357693e+00 4.245179666958808440e+00 4.324932894890400448e+00 4.400621587799276035e+00 4.472395001926569691e+00 4.540326353154839012e+00 4.604494536457975684e+00 4.665120910185978076e+00 4.722243133926920855e+00 4.776037935387029698e+00
2.776314478124065399e+00 2.196128956692337209e+00 2.810508491248779439e+00 2.967502398156008248e+00 2.972567448970925064e+00 2.738422956632027727e+00 0.000000000000000000e+00 3.484150598925487952e+00 3.567231828101392832e+00 3.601556980787078643e+00 3.725782414307003965e+00 3.801072593575495429e+00 3.873556062806944755e+00 3.943299503974430742e+00 4.010205281025505997e+00 4.074332396467069906e+00 4.135620791144256181e+00 4.194198254938496184e+00 4.250068549492733716e+00 4.303314246052403647e+00 4.353955879913749882e+00
2.800546448087431806e+00 2.888056126905412579e+00 0.000000000000000000e+00 0.000000000000000000e+00 3.463347394523755174e+00 3.495745677510469829e+00 3.683718645755878818e+00 3.788452795878163748e+00 3.889321035670629367e+00 3.986172106417050109e+00 4.078895518054297398e+00 4.167463722569890727e+00 4.455686484189167906e+00 4.332159753548245007e+00 4.408442166749324542e+00 4.480750008616825930e+00 4.549245583440745477e+00 4.614007299772742599e+00 4.675210384467300528e+00 4.732932291630940647e+00 4.787311542971324663e+00
2.837422768899009018e+00 2.756183745583038469e+00 2.861829476843610998e+00 0.000000000000000000e+00 0.000000000000000000e+00 3.379217125044826187e+00 3.472728661818737184e+00 3.563645335051192742e+00 3.651847972879861182e+00 3.594909055714177182e+00 3.819683174642859669e+00 3.899124089624152134e+00 3.975477580398803390e+00 4.048749691197056855e+00 4.118927156773231957e+00 4.186024169142825713e+00 4.250068549492733716e+00 4.311170722360604834e+00 4.369295641800982288e+00 4.424625808012720540e+00 4.477169877601062886e+00
2.360404219222541844e+00 2.841873973286384025e+00 2.917679749913164589e+00 2.870786595527174079e+00 0.000000000000000000e+00 0.000000000000000000e+00 0.000000000000000000e+00 3.591903427098446233e+00 3.682060863102340598e+00 3.769344064330138799e+00 3.853617583506516731e+00 3.934752145130226086e+00 4.012785565041719238e+00 4.253420168184416816e+00 4.159272404614019258e+00 4.227810812285199837e+00 4.293190862999508361e+00 4.355581366408097566e+00 4.414950124860308023e+00 4.471472008585226199e+00 4.525197120329105260e+00
2.712703800567580981e+00 2.938953732471240254e+00 2.912015530749497483e+00 0.000000000000000000e+00 0.000000000000000000e+00 3.510051824882825855e+00 3.701292025086535098e+00 3.806939704996781249e+00 3.908580362469399994e+00 4.006050517678424683e+00 4.099284674824243524e+00 4.188189306156638203e+00 4.272826888486109809e+00 4.353293992454290162e+00 4.429556213836826295e+00 4.501821506240217374e+00 4.570162379254232299e+00 4.634689614144795300e+00 4.695602466212077886e+00 4.752949928705750615e+00 4.806899961544800703e+00
2.543055339709808571e+00 2.790139646489306458e+00 2.904464374265028681e+00 2.759629381774027390e+00 0.000000000000000000e+00 3.423269851472005687e+00 3.519416621500819797e+00 3.561351121825603538e+00 3.702513517667276766e+00 3.682294416807937676e+00 3.872511392790213502e+00 3.952432132579828838e+00 4.028788768556327504e+00 4.101722723543888449e+00 4.171185450905147363e+00 4.237199836068989534e+00 4.299882100006935381e+00 4.359318562393611707e+00 4.415559327179146898e+00 4.468736035199889045e+00 4.518907519872922052e+00
2.462091039436905326e+00 2.739398877548869571e+00 2.904587831902292638e+00 2.923874830310835282e+00 2.753255057995985133e+00 0.000000000000000000e+00 3.458083092796601310e+00 3.547826086956521241e+00 3.634892222016473440e+00 3.719136333895795676e+00 3.800468494116183038e+00 3.878868478652369944e+00 3.954214360041623522e+00 4.026506698332753764e+00 4.095714771646546737e+00 4.161897825408385820e+00 4.225049696281263145e+00 4.285260087640479831e+00 4.342581423401688845e+00 4.397053973837528495e+00 4.448824825811397154e+00
2.781022303798875939e+00 2.871671312703993451e+00 0.000000000000000000e+00 0.000000000000000000e+00 3.444237790177033354e+00 3.555022689409517600e+00 3.662623959089181369e+00 3.766819897179767729e+00 3.867456732827800892e+00 3.964307324231654661e+00 4.057353092872124201e+00 4.146510020732550039e+00 4.231732443513308795e+00 4.313059670838240045e+00 4.390568510019414283e+00 4.464316375799283421e+00 4.534430757181232785e+00 4.600984748078917441e+00 4.664115121335583147e+00 4.723928085141856137e+00 4.780512138343865125e+00
2.338326635001826581e+00 2.869360132690410126e+00 2.934846409704558567e+00 2.819225744344357576e+00 0.000000000000000000e+00 0.000000000000000000e+00 3.585044847532179002e+00 3.683830071174376997e+00 3.779419343755368033e+00 3.871627881251641146e+00 3.960396039603960361e+00 4.159676099887688494e+00 4.127285484336951527e+00 4.205330428667943821e+00 4.279862229196812251e+00 4.350900092456626567e+00 4.418492410389575298e+00 4.482789536479562464e+00 4.543827279486683857e+00 4.601711561972004816e+00 4.656593597531310635e+00
2.236684512042020678e+00 2.745744096650191590e+00 2.881540569982780742e+00 2.921312364802358896e+00 2.839860278874279054e+00 0.000000000000000000e+00 0.000000000000000000e+00 3.484106326727194780e+00 3.565526840874650993e+00 3.605727559546509919e+00 3.726013786251008764e+00 3.801414126054892595e+00 3.874038408323648319e+00 3.943899755754979974e+00 4.010981791525763285e+00 4.075232944459409978e+00 4.136704287693993898e+00 4.195467519515801769e+00 4.251525749159980272e+00 4.304927753591489825e+00 4.355792166488056338e+00
2.471646681637783782e+00 2.860112590773694841e+00 2.802160465719068849e+00 0.000000000000000000e+00 3.331413143812941069e+00 3.432863007748462092e+00 3.531709208758638585e+00 3.556090488825669471e+00 3.721571330117160681e+00 3.812296388715602724e+00 3.900074519280992913e+00 3.984802786613811598e+00 4.066469546278490554e+00 4.144991813641166978e+00 4.220372638148017330e+00 4.292677522986595662e+00 4.361914257228314717e+00 4.428115767551597415e+00 4.491400695130630893e+00 4.551849706198791701e+00 4.609499697286587150e+00
2.704970904223222394e+00 2.854656222802436805e+00 2.800394855674650074e+00 0.000000000000000000e+00 3.261163519511302233e+00 3.431120260765140095e+00 3.453730374177148565e+00 3.623945919576276431e+00 3.716039527650086161e+00 3.805069736550807935e+00 3.890915407330206133e+00 3.973537633584061091e+00 4.052865857009397388e+00 4.128875982328410466e+00 4.201593850519688367e+00 4.271031385191920826e+00 4.337229955801561232e+00 4.400319023129176443e+00 4.460333907458363889e+00 4.517361039814377754e+00 4.571506550218339626e+00
2.327369156011311890e+00 2.869675726642888947e+00 2.880730721939222860e+00 0.000000000000000000e+00 0.000000000000000000e+00 3.469364153985346810e+00 3.569828648224884660e+00 3.627652292950033441e+00 3.761388648964921533e+00 3.852239113985003627e+00 3.939565680162559147e+00 4.023403936116528357e+00 4.103662692837369619e+00 4.180315511026438280e+00 4.253479964051233075e+00 4.323122529644267686e+00 4.389333918577856153e+00 4.452268259437096809e+00 4.511925840346187933e+00 4.568451772150171841e+00 4.621932795717468956e+00
2.545644825976891124e+00 2.787864426152956376e+00 2.926768081503522190e+00 2.927318854721347119e+00 2.786999467191278335e+00 0.000000000000000000e+00 6.753049423880470581e-01 3.566040323686737512e+00 3.654013209602470447e+00 3.739068418027848395e+00 3.821089635815420937e+00 3.900075948847424812e+00 3.975865797091339360e+00 4.048498216566733809e+00 4.117994262261326810e+00 4.184330027026654797e+00 4.247564501322224295e+00 4.307769270319469435e+00 4.364996882145084633e+00 4.419370653997803267e+00 4.470918395421778158e+00
2.827334671605077343e+00 2.787446484601145080e+00 0.000000000000000000e+00 3.190912281821372432e+00 3.432646570505859973e+00 3.542475645479937096e+00 3.649148415076596486e+00 3.752501667778519234e+00 3.852371616276269783e+00 3.948571586910138098e+00 4.041023354328075357e+00 4.129700114943320344e+00 4.214504693734662411e+00 4.295473125580234530e+00 4.372692190232933207e+00 4.446238140514805259e+00 4.516155519973723997e+00 4.582575270508734810e+00 4.645602049530315192e+00 4.705368894101922272e+00 4.761937156035074281e+00
2.205223623458066662e+00 2.727272727272727071e+00 2.846431546792557832e+00 2.762607051023226568e+00 0.000000000000000000e+00 3.291731450743090814e+00 3.380312782411335704e+00 3.382693037865451391e+00 3.547431242435624021e+00 3.506754008219831409e+00 3.527995683393517101e+00 3.780380512482129696e+00 3.852954734662143554e+00 3.922918100481761705e+00 3.990230814213477029e+00 4.054899211700102590e+00 4.116920543433510993e+00 4.176337283737615813e+00 4.233142032324550108e+00 4.287452976322194687e+00 4.339291249095981406e+00
2.956289153234320732e+00 2.872818234688228944e+00 3.036444394229343313e+00 3.062318174858367659e+00 2.991033854329695263e+00 0.000000000000000000e+00 0.000000000000000000e+00 3.743253636060463130e+00 3.841852870755952942e+00 3.997684100245375127e+00 4.027749807293004913e+00 4.114881923811914533e+00 4.198095028354346780e+00 4.277455052226345700e+00 4.352941976643745825e+00 4.424688399828458962e+00 4.492791112442307444e+00 4.557327093649670147e+00 4.618428217907093014e+00 4.676207045943733931e+00 4.730758155415690780e+00
2.451529754566849739e+00 2.808830964552553322e+00 2.679528403001071535e+00 0.000000000000000000e+00 3.190766200074913517e+00 3.373368659999577801e+00 3.466781301568371720e+00 3.557701027547766959e+00 3.532271804852371577e+00 3.571803760899254332e+00 3.814490904173052588e+00 3.894405964004562293e+00 3.971378207584634445e+00 4.045362917049490470e+00 4.116327412682404763e+00 4.184330027026654797e+00 4.249369448404428873e+00 4.570732078921307284e+00 4.370811305831910687e+00 4.427340530599733981e+00 4.481168906119511242e+00
2.602847656030164991e+00 2.871369643319863663e+00 2.919302147772294465e+00 2.833546425239296340e+00 0.000000000000000000e+00 0.000000000000000000e+00 3.583414304714257259e+00 3.672623708518407692e+00 3.774672632937106975e+00 3.864910825966579200e+00 3.951438187243667244e+00 4.034193265679448359e+00 4.113160720012270843e+00 4.188323503360957822e+00 4.259733835340675512e+00 4.327487790302305903e+00 4.391683249845605097e+00 4.452390725113570369e+00 4.509675303378156919e+00 4.563715694341683893e+00 4.614579315664774306e+00
2.738302533280907447e+00 2.853901143648677419e+00 2.741305142407287398e+00 0.000000000000000000e+00 3.255569101185858738e+00 3.472198109735348925e+00 3.477535123104743331e+00 3.670029706466869435e+00 3.764062957438206070e+00 3.854731683141055409e+00 3.941826933051181481e+00 4.025380364331035743e+00 4.105261693037753901e+00 4.181519056758980390e+00 4.254209609024413474e+00 4.323359868240459924e+00 4.389051059293989532e+00 4.451323070180243313e+00 4.510380814921727932e+00 4.566241637205183501e+00 4.619063145310292384e+00
2.253660380650507999e+00 2.873504238418751466e+00 2.928482279195922189e+00 2.825812224777663140e+00 0.000000000000000000e+00 3.507010582920170094e+00 3.609911591221785176e+00 3.682089759622064307e+00 3.805359329703250637e+00 3.897604365316888586e+00 3.986069735241052125e+00 4.070706095019938964e+00 4.151444702756558414e+00 4.228359119392224308e+00 4.301493034356440148e+00 4.370841629838278841e+00 4.436618741941297017e+00 4.498854836950593850e+00 4.557664818280379393e+00 4.613171962768988443e+00 4.665491145858347011e+00
2.767645514285308472e+00 2.899227108480592729e+00 2.836486907191531959e+00 0.000000000000000000e+00 0.000000000000000000e+00 3.528679166954956870e+00 3.633247643530419513e+00 3.734310708481725971e+00 3.831684547861223145e+00 3.925268398834814931e+00 4.014896651022413998e+00 4.100573396846658447e+00 4.182293130754938026e+00 4.260085064279186540e+00 4.333918068310803839e+00 4.404013156989305955e+00 4.470334174673149086e+00 4.533091568449681752e+00 4.592375286166669568e+00 4.648269544948083087e+00 4.700912930917018784e+00
2.821013731284336856e+00 2.963632001580603692e+00 3.018942106519510560e+00 3.020787231202624046e+00 3.012216991705895186e+00 0.000000000000000000e+00 0.000000000000000000e+00 0.000000000000000000e+00 0.000000000000000000e+00 3.963400050567517763e+00 4.054787742170479881e+00 4.142015919147849168e+00 4.225131353882009222e+00 4.304190094897143659e+00 4.379212426015259396e+00 4.450347335702215190e+00 4.517670251141395532e+00 4.581290556387481949e+00 4.641353090936392256e+00 4.697981940404717172e+00 4.751280780036357676e+00
2.408102556838302544e+00 2.187921263065771615e+00 2.968302766882221722e+00 3.076944594018140133e+00 3.085207830818420760e+00 3.032482827684451987e+00 0.000000000000000000e+00 0.000000000000000000e+00 3.762017556081928227e+00 3.852106620808254611e+00 3.938640132669983807e+00 4.021511679424174091e+00 4.100713524153202449e+00 4.176222914455892443e+00 4.248147529110257281e+00 4.316436572749362099e+00 4.381280977025657997e+00 4.442685881283103377e+00 4.500823997008682298e+00 4.555714315296846451e+00 4.607534350200118034e+00
