2.792867017636954774e+00 2.846727998611351840e+00 2.889521607983536189e+00 2.922369345737168000e+00 2.946334619431778101e+00 2.962432225751113979e+00 2.971665514858326862e+00 2.974955029749549951e+00 2.973144895870785565e+00 2.967044611635053730e+00 2.957297992476083603e+00 2.944496245767286524e+00 2.929094979391724252e+00 2.911559601755457471e+00 2.892212189616252704e+00 2.871329425524017598e+00 2.849121636646653410e+00 2.825836624255568363e+00 2.801552059841152076e+00 2.776433066605917155e+00 2.750596535623663019e+00
2.763194252555954300e+00 2.812484619224738580e+00 2.851221852876952401e+00 2.880609283992945802e+00 2.901694727897031534e+00 2.915553087362465767e+00 2.923142734920861407e+00 2.925353539677782777e+00 2.922996855996064625e+00 2.916779306517934156e+00 2.907338954188644742e+00 2.895173533877060557e+00 2.880750962592394160e+00 2.864448698422457529e+00 2.846550120110529214e+00 2.827294703063373937e+00 2.806919055471737590e+00 2.785573514767020864e+00 2.763370461695433988e+00 2.740457586148743019e+00 2.716918039639137472e+00
2.731991621892359223e+00 2.775753790638769924e+00 2.809422804084900971e+00 2.834329957485050677e+00 2.851618467359401166e+00 2.862388907893909984e+00 2.867614145031333717e+00 2.868135711787338060e+00 2.864788948901947574e+00 2.858198498400105869e+00 2.848963255322697563e+00 2.837503280863168609e+00 2.824220515137821685e+00 2.809403072082259367e+00 2.793315595779300331e+00 2.776136614394623781e+00 2.758015925774012445e+00 2.739071805820878502e+00 2.719456666503963671e+00 2.699189532827116267e+00 2.678405867769162008e+00
2.718679418899701439e+00 2.761687603563284910e+00 2.794935576734955962e+00 2.819522372910028718e+00 2.836565403587909096e+00 2.847044281954600020e+00 2.851856489016874718e+00 2.851968571306344291e+00 2.847914423644635651e+00 2.840535129105785650e+00 2.830299390450155883e+00 2.817695125387432942e+00 2.803142322543570764e+00 2.786951493109262046e+00 2.769414304379934855e+00 2.750747859574321552e+00 2.731130688104875137e+00 2.710705200383669133e+00 2.689560964561494849e+00 2.667864865623859050e+00 2.645613155659523485e+00
2.725671633446087316e+00 2.769277633929189797e+00 2.802847693256348194e+00 2.827554518785565296e+00 2.844515981323324283e+00 2.854695974878675102e+00 2.859195101710635623e+00 2.858696713196023254e+00 2.854044180603915404e+00 2.845982539897117913e+00 2.835069813594159438e+00 2.821786948203003131e+00 2.806544862619629210e+00 2.789653176368847909e+00 2.771382280208066540e+00 2.751959050849323241e+00 2.731570653125546588e+00 2.710336367008073566e+00 2.688381240758689117e+00 2.665750022799177721e+00 2.642574009927507461e+00
2.719854941069809406e+00 2.763762118033902038e+00 2.797824870510925876e+00 2.823044512354348612e+00 2.840436734467660873e+00 2.850904640716481087e+00 2.855388832574275337e+00 2.854675601801300200e+00 2.849510240427426844e+00 2.840606469481234075e+00 2.828620116318377953e+00 2.814001372683596180e+00 2.797202797202797075e+00 2.778589189150677985e+00 2.758464596167855998e+00 2.737072595586996560e+00 2.714610870972457235e+00 2.691256250088527313e+00 2.667134585014914183e+00 2.642347547258742768e+00 2.616953728126054202e+00
2.698844468434172583e+00 2.740014753925597457e+00 2.771753064519481669e+00 2.795111350248415061e+00 2.811022017329950273e+00 2.820397111913357513e+00 2.824041061557034826e+00 2.822825365908737449e+00 2.817476808644018504e+00 2.808594298553574120e+00 2.796733415370846743e+00 2.782395781887994524e+00 2.765996680803982866e+00 2.747875548716398608e+00 2.728322081919619002e+00 2.707613381310342238e+00 2.685913417170562312e+00 2.663377162241722385e+00 2.640141568672222494e+00 2.616323102132991352e+00 2.591962115321297944e+00
2.716388178835853484e+00 2.758835347047338793e+00 2.791541628864540048e+00 2.815691850683860853e+00 2.832352372267816332e+00 2.842524161455372234e+00 2.847143134912919038e+00 2.847103592905850800e+00 2.843135215350156120e+00 2.835859092386755265e+00 2.825832242056653953e+00 2.813513304401038084e+00 2.799297376358533818e+00 2.783538155349264187e+00 2.766447951764496871e+00 2.748272023964931865e+00 2.729162147220803192e+00 2.709292874559739772e+00 2.688723634588306322e+00 2.667602667602667399e+00 2.645944741532976874e+00
2.729868966289617838e+00 2.773771219349828066e+00 2.807529794909948695e+00 2.832411072654797746e+00 2.849497862876602561e+00 2.859777938243095008e+00 2.864408674267829191e+00 2.864068514107283470e+00 2.859613882379198557e+00 2.851816815981302877e+00 2.841191595755259591e+00 2.828234262643974706e+00 2.813325556661062432e+00 2.796811634736400265e+00 2.778945568294368229e+00 2.759928666459082525e+00 2.739976253539135875e+00 2.719134339180633742e+00 2.697579986796055707e+00 2.675378073164549342e+00 2.652593957670184466e+00
2.696431485804707595e+00 2.736976553234193865e+00 2.768031998449901998e+00 2.790684694489792950e+00 2.805934551576584113e+00 2.814621961087850899e+00 2.817595886310005682e+00 2.815810777515750818e+00 2.809995152758361758e+00 2.800708579270555276e+00 2.788505779178227506e+00 2.773885644786161730e+00 2.757255470324154523e+00 2.739014095387921621e+00 2.719361856417693790e+00 2.698576146007172216e+00 2.676829225339710572e+00 2.654298566678773508e+00 2.631036272746019478e+00 2.607212819031244688e+00 2.582860972272638111e+00
2.674988854213106837e+00 2.713175598116081666e+00 2.742365325251558961e+00 2.763527110909554718e+00 2.777546315584812131e+00 2.785243778461709674e+00 2.787406639745559467e+00 2.784918594687232130e+00 2.778588199335917164e+00 2.768606767859243423e+00 2.755774761342839163e+00 2.740534615060291390e+00 2.723311546840958108e+00 2.704433848124688566e+00 2.684212699767367649e+00 2.662817260661780150e+00 2.640518397990351485e+00 2.617422389982159814e+00 2.593651861821444360e+00 2.569354735106663679e+00 2.544564260563380031e+00
2.802160465719068849e+00 2.856704895416730672e+00 2.899931644468380476e+00 2.933083788426889438e+00 2.957225840521034765e+00 2.973514971302122500e+00 2.982933359848296107e+00 2.986433061236098752e+00 2.984926123078453841e+00 2.979230507320395294e+00 2.969960966227300769e+00 2.957767308220480285e+00 2.943051944866826641e+00 2.926278679272888983e+00 2.907718929959433929e+00 2.887669650591972115e+00 2.866351135005138051e+00 2.843938855314610770e+00 2.820556213685338598e+00 2.796303287054513920e+00 2.771323200238759998e+00
2.709443452525687857e+00 2.752565532233248291e+00 2.786174999651727990e+00 2.811160306416473187e+00 2.828494251085434730e+00 2.839000948641780209e+00 2.843529583110821157e+00 2.842859222998037616e+00 2.837782653534423272e+00 2.828893350720677713e+00 2.816782389476500725e+00 2.801944549517365157e+00 2.784855953325813704e+00 2.765878982156534160e+00 2.745310666218265805e+00 2.723425650479741389e+00 2.700455524208162039e+00 2.676584115177640832e+00 2.651909025563007116e+00 2.626572394014254019e+00 2.600670551271868636e+00
2.723387614871092488e+00 2.765271032013330021e+00 2.797242922616784533e+00 2.820695442461338853e+00 2.836820546883648930e+00 2.846629174477539603e+00 2.851460304108241139e+00 2.851805906090031151e+00 2.848556493996666994e+00 2.842445334923254130e+00 2.833844606131022292e+00 2.823303547480907394e+00 2.811081282415280658e+00 2.797476676038213483e+00 2.782705485408187851e+00 2.766938630720113146e+00 2.750312848086469586e+00 2.732929700639085357e+00 2.714894327959234577e+00 2.696259294999148182e+00 2.677100494233937145e+00
2.783015257881151339e+00 2.835761021427286810e+00 2.877677643954069886e+00 2.909876953774526598e+00 2.933370582483586730e+00 2.949106841927873202e+00 2.958100617679581212e+00 2.961208172934556959e+00 2.959272156690019084e+00 2.953067322903849323e+00 2.943216936111169080e+00 2.930300704667549994e+00 2.914830086733968706e+00 2.897198903304219808e+00 2.877756993977265587e+00 2.856784514834375788e+00 2.834527377991312047e+00 2.811145850474466634e+00 2.786815575512251897e+00 2.761668047500690282e+00 2.735805379014268457e+00
2.647271916624867050e+00 2.679622878338070002e+00 2.703414620620814723e+00 2.719835972969014470e+00 2.729826225009517771e+00 2.734788614864627654e+00 2.735172210650339775e+00 2.731647183251500799e+00 2.725030118753943853e+00 2.715973497816500437e+00 2.704895861509331478e+00 2.692143083953446148e+00 2.678074807556290793e+00 2.662873240226204086e+00 2.646792505398063433e+00 2.629951594674703408e+00 2.612509796911738125e+00 2.594561238657560054e+00 2.576176095948247369e+00 2.557417576562688755e+00 2.538321605347397369e+00
2.780558336113891471e+00 2.830876368551794364e+00 2.870284158131654717e+00 2.900091836241481147e+00 2.921559685326644118e+00 2.935790077029539535e+00 2.943897720582050237e+00 2.946851429573759340e+00 2.945446129894174536e+00 2.940435184407292457e+00 2.932407995699135128e+00 2.921881413355781110e+00 2.909266368171206985e+00 2.894907786595870558e+00 2.879058959014539010e+00 2.861949336516379283e+00 2.843716453032468117e+00 2.824519655126150219e+00 2.804478752567850730e+00 2.783693125669826074e+00 2.762215721965280757e+00
2.781970052092389345e+00 2.833924915159371949e+00 2.874993864342362038e+00 2.906312926864710988e+00 2.928989855693670208e+00 2.944083443736462247e+00 2.952548330404217491e+00 2.955332263784513636e+00 2.953316504117063257e+00 2.947202964044123519e+00 2.937638138936295107e+00 2.925178122453528040e+00 2.910340225870795106e+00 2.893477677878304455e+00 2.874913226704437719e+00 2.854894751867866898e+00 2.833663927458203169e+00 2.811396441183528605e+00 2.788194783287559986e+00 2.764212660093983143e+00 2.739533576847428709e+00
2.752079937337256421e+00 2.798611888503302669e+00 2.834682688385406379e+00 2.861537360947168818e+00 2.880366438813288354e+00 2.892395820840769627e+00 2.898490714477961028e+00 2.899611314007193741e+00 2.896571700494486201e+00 2.890113746619599411e+00 2.880816505706760289e+00 2.869139258222532796e+00 2.855471361711610978e+00 2.840162741325077622e+00 2.823502837620351702e+00 2.805619656171311149e+00 2.786737914266007810e+00 2.766977892556119922e+00 2.746403927357615959e+00 2.725157395308536401e+00 2.703298735852143420e+00
2.738379441089734634e+00 2.782492556832410369e+00 2.816405562400985829e+00 2.841499757432947249e+00 2.858939905083194954e+00 2.870002870002869688e+00 2.875558454492534111e+00 2.876486477005647302e+00 2.873643780313437368e+00 2.867714431598015867e+00 2.859175162833512029e+00 2.848527797462725886e+00 2.836094980820907718e+00 2.822194841578501645e+00 2.807037242366612784e+00 2.790782046899092705e+00 2.773629187113292094e+00 2.755638460234016929e+00 2.736938138180286639e+00 2.717618529977422703e+00 2.697733194187094785e+00
2.818886539816772618e+00 2.876143442392950611e+00 2.921901740618607857e+00 2.957267484844003924e+00 2.983334952197260304e+00 3.001137640547463015e+00 3.011795029837783133e+00 3.016210377166585577e+00 3.015322043406612362e+00 3.009897663479441654e+00 3.000697836706210708e+00 2.988290072622397986e+00 2.973219784653938103e+00 2.955893841184046078e+00 2.936672749774504876e+00 2.915836463229219078e+00 2.893620625163207283e+00 2.870223877462442008e+00 2.845779570079057130e+00 2.820456772974383242e+00 2.794310783245312457e+00
2.684620656036510677e+00 2.721791078108425133e+00 2.749673916875241986e+00 2.769507720002769346e+00 2.782492556832410369e+00 2.789539940489814018e+00 2.791716476137982461e+00 2.789899134415909643e+00 2.784679976008910707e+00 2.776650505136803559e+00 2.766271349940418567e+00 2.754005356540418337e+00 2.740207272088529766e+00 2.725138353177930739e+00 2.708983845901592691e+00 2.691961660798662503e+00 2.674191936607576370e+00 2.655764056330153000e+00 2.636754938570736062e+00 2.617260141883049673e+00 2.597347897201181866e+00
2.682573859023684282e+00 2.720765721142442306e+00 2.749751464771453158e+00 2.770639532870174726e+00 2.784429470401514450e+00 2.792116209308485697e+00 2.794447432950726729e+00 2.792356104162041941e+00 2.786530341028444102e+00 2.777604177516682871e+00 2.765964803097880509e+00 2.752177042609345925e+00 2.736592451214976407e+00 2.719551483201539721e+00 2.701280975873295631e+00 2.681997606832904335e+00 2.661884614306929020e+00 2.641027288236007742e+00 2.619598847376507056e+00 2.597639658234868421e+00 2.575236242158048139e+00
2.730499681441703963e+00 2.774021290613405633e+00 2.807431270573207627e+00 2.832019782694287002e+00 2.848943458895305092e+00 2.859287322634833206e+00 2.864088521292052825e+00 2.864128536500174071e+00 2.860212353326915480e+00 2.853106754904212394e+00 2.843312174351901866e+00 2.831317199544157504e+00 2.817462771696180646e+00 2.802081946886536112e+00 2.785418335016189850e+00 2.767645514285308472e+00 2.748970854036519640e+00 2.729448651372422763e+00 2.709215610785529638e+00 2.688343202382720953e+00 2.666909963715987875e+00
2.732508442750444022e+00 2.775734528749670194e+00 2.808850688519524574e+00 2.833272291288032818e+00 2.850171357863344745e+00 2.860711270504671333e+00 2.865890313290740288e+00 2.866531496888764519e+00 2.863488427316282614e+00 2.857421629984806533e+00 2.848824686108158311e+00 2.838167678946471817e+00 2.825796698056558309e+00 2.811950790861160066e+00 2.796909415096318074e+00 2.780809632724567493e+00 2.763801289773934577e+00 2.746026842412384372e+00 2.727520683698517523e+00 2.708423911106676574e+00 2.688761683730868768e+00
2.806450729677189670e+00 2.862009270117830795e+00 2.906292815920948680e+00 2.940414598458382489e+00 2.965455887119576417e+00 2.982465875041615533e+00 2.992454739122070606e+00 2.996390394826696557e+00 2.995138124625607468e+00 2.989494063718930228e+00 2.980139498910829410e+00 2.967673555908849625e+00 2.952610599872053321e+00 2.935338682172709657e+00 2.916241381465203286e+00 2.895562021526031593e+00 2.873543078615933499e+00 2.850369505217566157e+00 2.826215979425147129e+00 2.801198913134821833e+00 2.775385885383679252e+00
2.673155351451385719e+00 2.709556396984750037e+00 2.736957345572445188e+00 2.756534400135706164e+00 2.769335151863416389e+00 2.776370312272250729e+00 2.778510995957266250e+00 2.776466668517644454e+00 2.770927429410623422e+00 2.762545409340166014e+00 2.751827495695859493e+00 2.739167995280202383e+00 2.724909868365892329e+00 2.709350825282520692e+00 2.692705602244866103e+00 2.675189727271446660e+00 2.656952475510589107e+00 2.638052119354033387e+00 2.618671837953755244e+00 2.598825611777596301e+00 2.578612845673505571e+00
2.799865606450890443e+00 2.853603196035578993e+00 2.896093805184714043e+00 2.928613265903798002e+00 2.952320031491413310e+00 2.968342284380997231e+00 2.977736227969945304e+00 2.981535774879851441e+00 2.980499020693178736e+00 2.975473596214063932e+00 2.967086532959386069e+00 2.955873038215215409e+00 2.942350938399780791e+00 2.926829268292682862e+00 2.909637998452923924e+00 2.891029347473522026e+00 2.871208778895915081e+00 2.850310058118517009e+00 2.828474250277543955e+00 2.805836139169472165e+00 2.782453846046828883e+00
2.724338823923885933e+00 2.769728992670870582e+00 2.805442558563612909e+00 2.832299543999773572e+00 2.851202025048853006e+00 2.863068511134542860e+00 2.868637397236312836e+00 2.868797973649040323e+00 2.864168552826444891e+00 2.855511136493432023e+00 2.843430980914336104e+00 2.828444493501475865e+00 2.811022017329950273e+00 2.791580592931717675e+00 2.770397942801937408e+00 2.747818918733255344e+00 2.724034364741216407e+00 2.699266225786516316e+00 2.673608668120734499e+00 2.647253474520185446e+00 2.620285257000410706e+00
2.730308524863309216e+00 2.775984954161548224e+00 2.811713598852820795e+00 2.838450621343763913e+00 2.857204082944634127e+00 2.868838120561172822e+00 2.874369040942232001e+00 2.874510106356873873e+00 2.869982780103318643e+00 2.861549843312697128e+00 2.849814762040467020e+00 2.835351158240947633e+00 2.818547416904409797e+00 2.799806813329880129e+00 2.779476346656289731e+00 2.757781894808299050e+00 2.734942040266761687e+00 2.711129185305679812e+00 2.686542488702744258e+00 2.661213513362092886e+00 2.635290095582683456e+00
2.824479766133075387e+00 2.883506343713956088e+00 2.931083786102373523e+00 2.968157878388359538e+00 2.995720399429385949e+00 3.014751247966795500e+00 3.026176426085640525e+00 3.030991892096688289e+00 3.030052612731730211e+00 3.024200476998893272e+00 3.014138412039730319e+00 3.000572202140872946e+00 2.984018153933699402e+00 2.964929124075224465e+00 2.943753285438934331e+00 2.920763849288585678e+00 2.896298389375529858e+00 2.870505208916769302e+00 2.843615372584703760e+00 2.815760014834247649e+00 2.787048585224461750e+00
2.738321759828117763e+00 2.784855953325813704e+00 2.821351991874506027e+00 2.848884071263793061e+00 2.868456770257601374e+00 2.881014116969172978e+00 2.887486618964448581e+00 2.888666563332252579e+00 2.885332657743247431e+00 2.878182673340306419e+00 2.867814725179412605e+00 2.854716348246847168e+00 2.839374506572112988e+00 2.822108397183535455e+00 2.803299483492070365e+00 2.783170169982117859e+00 2.761902738532792334e+00 2.739706781125527790e+00 2.716709855387444250e+00 2.693030013110803811e+00 2.668782964736949204e+00
2.707524836333594642e+00 2.749499450100109765e+00 2.781892660671687612e+00 2.805777095038684443e+00 2.822148219224473120e+00 2.831961098524617526e+00 2.836055254657010138e+00 2.835329589776216075e+00 2.830494784295586097e+00 2.822207954393119334e+00 2.810962754743499659e+00 2.797300604916256095e+00 2.781621328616464162e+00 2.764271437279389954e+00 2.745517941959750630e+00 2.725595437772559304e+00 2.704722587992454574e+00 2.683030861734476247e+00 2.660654521012169038e+00 2.637657190110924255e+00 2.614145277684142066e+00
2.781679856465319123e+00 2.831998753920548229e+00 2.871389752640277848e+00 2.901133514308804617e+00 2.922538474149790844e+00 2.936734351401241838e+00 2.944764629169997150e+00 2.947678703021370694e+00 2.946293282451315942e+00 2.941279456563605343e+00 2.933288635601742911e+00 2.922837100545595757e+00 2.910298908992823730e+00 2.896032435563278273e+00 2.880283090680912927e+00 2.863268455860272788e+00 2.845167379115083328e+00 2.826076205144871345e+00 2.806131397102669123e+00 2.785437731539511574e+00 2.764036343534280959e+00
2.750488388002227946e+00 2.796889858477372925e+00 2.832921379349419233e+00 2.859818830477089069e+00 2.878809156017413162e+00 2.891008962127782578e+00 2.897370980760077153e+00 2.898790790127546924e+00 2.896132284289861136e+00 2.890014312451832712e+00 2.881095097219391388e+00 2.869822071031595812e+00 2.856585474611225806e+00 2.841696208466833351e+00 2.825417455429039215e+00 2.807983095941761764e+00 2.789536448780623790e+00 2.770201159222638765e+00 2.750123755569000572e+00 2.729353143305035978e+00 2.707999287368608510e+00
2.684544793042789923e+00 2.723710951413186976e+00 2.753751103265666522e+00 2.775618963028755548e+00 2.790295352763089820e+00 2.798631469211555256e+00 2.801453954602438845e+00 2.799610854091280743e+00 2.793822857661710124e+00 2.784640210204635480e+00 2.772617628302880277e+00 2.758202203803560515e+00 2.741825493352830545e+00 2.723844112306187615e+00 2.704510839394759003e+00 2.684046440885597296e+00 2.662686650830687896e+00 2.640537242279997088e+00 2.617746946535962849e+00 2.594397503768887780e+00 2.570583950987532784e+00
2.731436735722990061e+00 2.775811577910090922e+00 2.809995152758361758e+00 2.835172738085359079e+00 2.852511253504762312e+00 2.862888584755467036e+00 2.867513865478630297e+00 2.866952429567369620e+00 2.862308975782073883e+00 2.854119678110990765e+00 2.843049454845266943e+00 2.829534683021377006e+00 2.814020686483778011e+00 2.796850746059936554e+00 2.778272484416740795e+00 2.758523129155467490e+00 2.737764299553533398e+00 2.716123325927834564e+00 2.693774545248323271e+00 2.670733678654512389e+00 2.647105946932491349e+00
2.731092436974789539e+00 2.775464890369136572e+00 2.809738553827566321e+00 2.835172738085359079e+00 2.852848673773274779e+00 2.863768439874831984e+00 2.868978643602877465e+00 2.869219572276340724e+00 2.865349537700312421e+00 2.858019183582422240e+00 2.847826396502869617e+00 2.835250671600002548e+00 2.820699808742793468e+00 2.804498415458395399e+00 2.786912658157293166e+00 2.768175914030392981e+00 2.748441976954313581e+00 2.727864082423462122e+00 2.706552706552706411e+00 2.684619197092350529e+00 2.662108389844756839e+00
2.753265090010589056e+00 2.801081217349896679e+00 2.838489923360771883e+00 2.866651750755117689e+00 2.886632778067223182e+00 2.899491208328443204e+00 2.906232484759578405e+00 2.907620735489587549e+00 2.904544228601461775e+00 2.897730800808604901e+00 2.887749068357145621e+00 2.875114829281291584e+00 2.860312122839941296e+00 2.843655803901495638e+00 2.825457370911915955e+00 2.805954234886429255e+00 2.785360147067015735e+00 2.763820876060350429e+00 2.741478570775838453e+00 2.718414119024716413e+00 2.694729676065127144e+00
2.713590915732564834e+00 2.756203224051053002e+00 2.789147427360141318e+00 2.813473725672244630e+00 2.830275456558809744e+00 2.840515449632811329e+00 2.845009437104474070e+00 2.844693605683836335e+00 2.840279317224561950e+00 2.832391505588792047e+00 2.821610716477501057e+00 2.808416825225199975e+00 2.793198561502740151e+00 2.776331771646711744e+00 2.758093944922985319e+00 2.738667883852393015e+00 2.718300434928069720e+00 2.697101325838230590e+00 2.675208560667394320e+00 2.652705061082023974e+00 2.629689909808743398e+00
2.786233221651818415e+00 2.838372020574735366e+00 2.879476356689866012e+00 2.910663423355994706e+00 2.933145239575112750e+00 2.947947666909989106e+00 2.956122693168540927e+00 2.958640951719107903e+00 2.956383037236675726e+00 2.950080424811580837e+00 2.940373427425282848e+00 2.927849424886720175e+00 2.912984977320331126e+00 2.896134719710668826e+00 2.877617052337537285e+00 2.857700457232072999e+00 2.836577669042300354e+00 2.814407018170085983e+00 2.791327345936175597e+00 2.767409846302314236e+00 2.742808917645403355e+00
2.675851469659960902e+00 2.713779738502967387e+00 2.742673896073756445e+00 2.763507528786536938e+00 2.777237759324576061e+00 2.784739626844889848e+00 2.786951493109262046e+00 2.784468236178595735e+00 2.777989985346102753e+00 2.768204404213206793e+00 2.755677402032135070e+00 2.740842774013999339e+00 2.724110473157034473e+00 2.705781828538877942e+00 2.686153909731453737e+00 2.665432150723173521e+00 2.643839140252093767e+00 2.621491983194110365e+00 2.598515334751982042e+00 2.574978363029032380e+00 2.551002819892306039e+00
2.790003417754186810e+00 2.843470420972327606e+00 2.885941943294760392e+00 2.918429884722019363e+00 2.942082994760290671e+00 2.957871459357437338e+00 2.966765328862486673e+00 2.969715805103767536e+00 2.967604797857802623e+00 2.961187780624190857e+00 2.951107694841738294e+00 2.937987478577174461e+00 2.922288012357103337e+00 2.904443799012489169e+00 2.884793702907460400e+00 2.863628426750480127e+00 2.841151234480210785e+00 2.817559581076995112e+00 2.793003526166951467e+00 2.767625873753681187e+00 2.741517113393365346e+00
2.707355677116596748e+00 2.748898678414096963e+00 2.780790300603431575e+00 2.804124867680357180e+00 2.819999436000113047e+00 2.829283777162848956e+00 2.832900337184235173e+00 2.831843737481178458e+00 2.826747929924229297e+00 2.818270849920031296e+00 2.806938752596418674e+00 2.793257077415119305e+00 2.777639291488315898e+00 2.760397497239602593e+00 2.741825493352830545e+00 2.722114035638754537e+00 2.701492218991490279e+00 2.680043980208905996e+00 2.657918849540809703e+00 2.635196250899171311e+00 2.611953122315015197e+00
2.770201159222638765e+00 2.821491299226206007e+00 2.862229048134314890e+00 2.893457257990529108e+00 2.916160388821384952e+00 2.931282366242793813e+00 2.939735423811856929e+00 2.942392164830006873e+00 2.940064681422991377e+00 2.933452533944236329e+00 2.923246943067983050e+00 2.909957597760718606e+00 2.894110837386264734e+00 2.876103090758589165e+00 2.856306864889718522e+00 2.834969346893936315e+00 2.812341377086962524e+00 2.788641861697306545e+00 2.763997165131112599e+00 2.738571729513376685e+00 2.712439665604874151e+00
2.758093944922985319e+00 2.806938752596418674e+00 2.845345084839862260e+00 2.874409343933594041e+00 2.895193977996525891e+00 2.908687973960317308e+00 2.915876949992709743e+00 2.917547267823723089e+00 2.914643595959308442e+00 2.907801909456586564e+00 2.897650833074614241e+00 2.884714447611524957e+00 2.869480624007054725e+00 2.852292965271593594e+00 2.833503343533945618e+00 2.813344861185446799e+00 2.792028757896205970e+00 2.769709322557506681e+00 2.746573649372407999e+00 2.722665140112536353e+00 2.698135446399409609e+00
2.780500351038169171e+00 2.833081897314946751e+00 2.874893068001738605e+00 2.906996864596238517e+00 2.930382484685262856e+00 2.946024620348612899e+00 2.954833262980160136e+00 2.957725649819367586e+00 2.955540230532137880e+00 2.949024013481252648e+00 2.938809782038274143e+00 2.925483749634314012e+00 2.909576053479426605e+00 2.891437114768896421e+00 2.871490303467499672e+00 2.849993048797441642e+00 2.827194786652813541e+00 2.803240546071258166e+00 2.778356602069875780e+00 2.752662671776737735e+00 2.726224179511376633e+00
2.780423041365743586e+00 2.831798262691765711e+00 2.872315085959282754e+00 2.903199048856692333e+00 2.925562278798949478e+00 2.940517531085470981e+00 2.949003307096566218e+00 2.952050269198869703e+00 2.950412003961981888e+00 2.944867866583461780e+00 2.936036350926249927e+00 2.924444877695537404e+00 2.910542400365896842e+00 2.894723836285716168e+00 2.877264132847395128e+00 2.858457548419481853e+00 2.838449638807282849e+00 2.817424049806559250e+00 2.795521574437750623e+00 2.772879813434958152e+00 2.749557603231787439e+00
2.799708830281649963e+00 2.854298503929881825e+00 2.897710808461315235e+00 2.931118710307767383e+00 2.955561028816720004e+00 2.972076306331213669e+00 2.981742030774351182e+00 2.985435340446251473e+00 2.984056611816863658e+00 2.978343190231034221e+00 2.969016195276436676e+00 2.956647299480867463e+00 2.941712076428481648e+00 2.924628154420366055e+00 2.905740609496810567e+00 2.885308968502043214e+00 2.863588425515271041e+00 2.840727510315391502e+00 2.816901408450704469e+00 2.792223657114934365e+00 2.766801223068027671e+00
2.755911075935949750e+00 2.804243298884458113e+00 2.842208881556143929e+00 2.870887104115171784e+00 2.891416723672240341e+00 2.904785287954132045e+00 2.911954961763257632e+00 2.913813557558223799e+00 2.911147615978041170e+00 2.904664753276392286e+00 2.894994416796481396e+00 2.882634587396558867e+00 2.868075521325190724e+00 2.851618467359401166e+00 2.833583633220934317e+00 2.814252472766959112e+00 2.793783830976078075e+00 2.772387025228721935e+00 2.750142663650676056e+00 2.727215512961266075e+00 2.703664176449661838e+00
