0.000000000000000000e+00 2.999211835029398809e+00 3.091494175343928230e+00 3.179122838542026042e+00 3.262529501596556525e+00 3.342059822870829588e+00 3.418016434381059732e+00 3.490620702173259815e+00 3.560134866285522559e+00 3.626659367729573979e+00 3.690440392553511195e+00 3.751577367756897541e+00 3.810157186302831622e+00 3.866335266500966039e+00 3.920193121092701460e+00 3.971848651661904928e+00 4.021402037964761256e+00 4.068881333489651198e+00 4.114422795297004498e+00 4.158145875937286462e+00 4.200060591038035085e+00
0.000000000000000000e+00 0.000000000000000000e+00 3.051275294378718250e+00 3.133792027633080846e+00 3.212200776514622547e+00 3.286815760281570409e+00 3.358028837072638328e+00 3.426022388007523123e+00 3.491059396884578003e+00 3.553338396259936971e+00 3.613068189713872780e+00 3.670385528985657952e+00 3.725448261112529025e+00 3.778390405687177100e+00 3.829363559776364667e+00 3.878492374606956616e+00 3.925917252684431702e+00 3.971710274187366885e+00 4.016009583968634722e+00 4.058916200579255396e+00 4.100468426393116594e+00
0.000000000000000000e+00 2.931446040453955071e+00 3.013441350021724752e+00 3.090907813674456772e+00 3.164334434990506928e+00 3.234038963138985867e+00 3.300352725197505777e+00 3.363558645046458739e+00 3.423963552257370146e+00 3.481675939530252339e+00 3.536975261978902996e+00 3.590019745108597782e+00 3.640997633351537921e+00 3.690062116045620844e+00 3.737334588339515484e+00 4.536051298616504468e+00 4.521972676322676854e+00 4.600352922597345184e+00 3.911433959628413781e+00 3.951734334439365171e+00 4.033719157431273850e+00
0.000000000000000000e+00 3.134818076057652725e+00 2.986318494339884388e+00 3.060868574845355017e+00 3.131436842398262144e+00 3.198398019774442602e+00 3.262053983523157008e+00 3.322673090501307769e+00 3.380476026215936791e+00 3.435670505455844292e+00 3.488453219842321928e+00 3.539012407361145751e+00 3.587542947028548035e+00 3.634152648388742524e+00 3.679022629459947513e+00 3.722315280104224300e+00 3.764132606969804673e+00 3.804648588821250232e+00 3.844003354766563518e+00 3.882256700359108859e+00 3.919592362394311191e+00
0.000000000000000000e+00 2.917173120333391267e+00 2.997372071462926169e+00 3.073011970778449342e+00 3.144566189624328878e+00 3.212335367812399589e+00 3.276608501056183620e+00 3.337667665649141746e+00 3.395726928114540133e+00 3.450947249806324280e+00 3.503559616570436130e+00 3.553685032018004897e+00 3.601532036320065355e+00 3.647228807496457392e+00 4.470610891783704410e+00 4.550249229560074049e+00 4.505088702466194306e+00 3.811134054908047020e+00 3.848083173569165627e+00 3.883629806858767353e+00 3.917946995774214347e+00
0.000000000000000000e+00 2.902216049254752406e+00 2.980667253557737872e+00 3.054643405094311870e+00 3.124566032495486478e+00 3.190744067643774162e+00 3.253405692767747937e+00 3.312858030229829165e+00 3.369202736617732619e+00 3.422688316311163437e+00 3.473451930149562106e+00 3.521672371775908861e+00 3.567459282940684151e+00 3.611010805255409295e+00 3.652377908732695300e+00 4.539451964344667800e+00 4.620339146685423337e+00 4.580507547582585381e+00 3.799103411594864088e+00 3.831711242240784632e+00 3.862948119227133770e+00
0.000000000000000000e+00 0.000000000000000000e+00 2.949521053962189665e+00 3.019874991221293659e+00 3.086311507031879398e+00 3.149175053056753715e+00 3.208705357142857206e+00 3.265158672817206842e+00 3.318721739010190852e+00 3.369619783106513999e+00 3.418016434381059732e+00 3.464091230306640679e+00 3.507959560242190022e+00 3.549801628732512260e+00 3.589771911415474470e+00 3.627975110721693319e+00 3.664599279525952547e+00 3.699719780483292642e+00 3.733536142704047656e+00 3.766117270044302856e+00 3.797608197309912281e+00
0.000000000000000000e+00 2.906091721790152071e+00 2.984763821885954016e+00 3.059082986518692149e+00 3.129389838523483736e+00 3.196153498745856858e+00 3.259588043553644177e+00 3.320007193348919028e+00 3.377633175250909670e+00 3.432698512955004500e+00 3.485389248271247187e+00 3.535896280375775635e+00 3.584402335375982407e+00 3.631031352559179304e+00 3.676011596776207480e+00 3.719402649898943647e+00 3.761429616812906218e+00 3.802176227411616871e+00 3.841774760238329200e+00 3.880373624546134881e+00 3.918037406946611068e+00
0.000000000000000000e+00 2.924456300776763662e+00 3.005584795934771680e+00 3.082117414663873678e+00 3.154552018562785776e+00 3.223161921845330014e+00 3.288299948926404426e+00 3.350200663060547868e+00 3.409075097054280690e+00 3.465123531653903299e+00 3.518527461761885800e+00 3.569467325645250266e+00 3.618096046534282184e+00 3.664573941422131220e+00 4.489012279175126352e+00 4.476029142392815352e+00 3.792449577659024129e+00 3.831684547861223145e+00 3.869354025164620126e+00 3.905661153060804747e+00 3.940682360261329453e+00
0.000000000000000000e+00 2.873120208546481535e+00 2.947389104484943623e+00 3.017332117044417839e+00 3.083305303285121202e+00 3.145665273253456906e+00 3.204636970364074688e+00 3.260468940489353873e+00 3.313384000497007431e+00 3.363536518396484709e+00 3.411129834423757501e+00 3.456302461733793852e+00 3.499214392062957923e+00 3.540044146432884897e+00 3.578897138285778379e+00 3.615932354250110947e+00 3.651275137624985678e+00 3.685085139372701324e+00 3.717446044426986784e+00 3.748464170929965977e+00 3.778363968401681650e+00
0.000000000000000000e+00 3.084018476074324333e+00 2.911531049398976556e+00 2.977426949176014137e+00 3.039534674873410225e+00 3.098133374641777849e+00 3.153490914442287352e+00 3.205820655241865325e+00 3.255321064697774602e+00 3.302214547631004748e+00 3.346603546005340934e+00 3.388705237970096373e+00 3.428626286592014072e+00 3.466564980760564740e+00 3.502626970227670888e+00 3.536926203075045017e+00 3.569638848654177465e+00 3.600883601437583348e+00 3.630783564196363944e+00 3.659462818476834745e+00 3.687033468524560043e+00
0.000000000000000000e+00 3.015004908147524532e+00 3.109430762163881035e+00 3.199109812921621554e+00 3.284531255459659960e+00 3.366035301295222215e+00 3.443929385671876453e+00 3.518503187349946604e+00 3.589906028930418991e+00 3.658390730200718810e+00 3.724060881499002829e+00 3.787070253595995251e+00 4.526159142498576315e+00 3.905650639550291459e+00 3.961386902403936094e+00 4.014889114206582121e+00 4.066245339324727759e+00 4.115542100600589670e+00 4.162821838163361932e+00 4.208202545617605317e+00 4.251700680272108457e+00
2.775811577910090922e+00 0.000000000000000000e+00 2.961085823285152241e+00 3.032974783988714673e+00 3.100924764674264367e+00 3.165188431924365275e+00 3.226100556151682675e+00 3.283842794759825434e+00 3.338619480844670306e+00 3.390596745027124825e+00 3.439972480220158335e+00 3.486871927194113763e+00 3.531440204408068162e+00 3.573856190829905355e+00 3.614223359003586378e+00 3.652685777705972026e+00 3.689331001311761504e+00 3.724369098771647568e+00 3.757857338070510700e+00 3.789914692465649271e+00 3.820744558912407385e+00
0.000000000000000000e+00 2.925395285119013256e+00 3.006299245628631045e+00 3.082722043564467551e+00 3.155104959824996502e+00 3.223816999327203003e+00 3.289243474000979717e+00 3.351604231400342027e+00 3.411211049539138340e+00 3.468272245498182027e+00 3.522999661515718639e+00 3.575603383070893315e+00 3.626212728690868747e+00 3.675042991068952158e+00 3.722212648630019327e+00 4.462599979403384154e+00 4.483500717360114685e+00 4.579850027000607504e+00 4.626912054141777197e+00 4.667916088983020906e+00 4.719626807480265640e+00
0.000000000000000000e+00 2.984867416354296754e+00 3.075181191073587783e+00 3.160889263512801417e+00 3.242405018679072271e+00 3.320122014484032213e+00 3.394315560512333629e+00 3.465224001980128143e+00 3.533054845480806616e+00 3.598018322216378628e+00 3.660246272419008573e+00 3.719924759257699165e+00 3.777148253068933315e+00 3.832004904966278325e+00 3.884680485030106212e+00 3.935241119817736166e+00 3.983790095473589865e+00 4.030436746464681086e+00 4.075261092998839985e+00 4.118389984075559340e+00 4.159875612899706532e+00
0.000000000000000000e+00 2.050455860276079179e+00 2.887466283549189328e+00 2.949997541668715417e+00 3.008886711916590517e+00 3.064493662069926572e+00 3.117120611786871720e+00 3.167040744667666718e+00 3.214467900742821627e+00 3.259655863566063516e+00 3.302788396671913151e+00 3.344038902319229845e+00 3.383650751999115691e+00 3.421763814498501866e+00 3.458498023715414593e+00 3.494060097833682654e+00 3.528581510232886131e+00 3.562229407573847872e+00 3.595132743362832173e+00 3.627404010676887225e+00 3.659235426922306633e+00
0.000000000000000000e+00 2.995471960989201765e+00 3.086636267976148318e+00 3.173135955079431803e+00 3.255388707264364800e+00 3.333865825791619386e+00 3.408837934105075629e+00 3.480585295223244557e+00 3.549406344389850254e+00 3.615479815888642978e+00 3.678971553914287096e+00 4.355340477013481149e+00 4.450164998425326424e+00 4.538733968297630206e+00 3.910511042048284480e+00 3.963425233807321924e+00 4.014563173996704926e+00 4.064032622472033118e+00 4.111870761811174724e+00 4.158145875937286462e+00 4.202896553624825948e+00
0.000000000000000000e+00 2.987563398874452325e+00 3.078020832604635437e+00 3.163838699249619690e+00 3.245447554273054980e+00 3.323225190046940281e+00 3.397445675537003940e+00 3.468392538793970470e+00 3.536239521290241772e+00 3.601232729665154508e+00 3.663484734328233738e+00 3.723187876197107560e+00 3.780453654438532318e+00 3.835398637387465559e+00 3.888186855151152699e+00 3.938885088210294594e+00 3.987624613269164175e+00 4.034473883737591748e+00 4.079544197366964831e+00 4.122946257395534886e+00 4.164757819332805866e+00
0.000000000000000000e+00 2.960456756185239957e+00 3.042308835832866709e+00 3.123269779525546408e+00 3.200044522358571619e+00 3.273003293894804155e+00 3.342502002019427820e+00 3.408719365004278412e+00 3.471957003284471543e+00 3.532418598530236320e+00 3.590267613024386240e+00 3.645669015318821149e+00 3.698844285634526052e+00 4.464500353725796344e+00 4.546926346682465869e+00 4.520547945205479756e+00 4.606710671067106411e+00 3.935458480913025525e+00 3.977780259044215949e+00 4.018662943159759138e+00 4.824259131633356290e+00
0.000000000000000000e+00 2.943464457666673972e+00 3.026996585829432096e+00 3.105975897627033966e+00 3.180859523562562075e+00 3.252032520325203180e+00 3.319800535317836587e+00 3.384492118968351893e+00 3.446326904784880352e+00 3.505524706938134116e+00 3.562323193517968889e+00 3.616913242771389925e+00 3.669419885486405519e+00 3.720033066960594770e+00 4.489446347662725323e+00 4.486998060236222940e+00 4.545047619703471042e+00 4.608199844559228708e+00 4.659225609296526294e+00 4.713565504898008740e+00 4.771870505068407375e+00
0.000000000000000000e+00 3.034315348118724387e+00 3.131676560444837332e+00 3.224336732905757952e+00 3.312751980602779422e+00 3.397233681145352957e+00 3.478115696040513072e+00 3.555667105896132885e+00 3.630062395978165046e+00 3.701520365216675934e+00 3.770144567907158351e+00 3.836067403191607994e+00 3.899422746168468734e+00 4.669527896995707472e+00 4.018679932929617671e+00 4.074726337235401452e+00 4.128478242919659813e+00 4.179990386022111259e+00 4.229355889898079646e+00 4.276599413692015794e+00 4.321817633015942128e+00
0.000000000000000000e+00 2.870605697802236289e+00 2.943938990369113551e+00 3.012976821099246028e+00 3.078150031830869437e+00 3.139761238600922155e+00 3.198157861072021824e+00 3.253630913647250988e+00 3.306399950404000698e+00 3.356670183178286582e+00 3.404692917543896247e+00 3.450582725960352981e+00 3.494610762030711193e+00 3.536852617270936694e+00 3.577522153117948189e+00 3.616812614329532938e+00 3.654765251616530541e+00 3.691550451189499871e+00 3.727325436925370550e+00 3.762227238525206907e+00 3.796323778101423407e+00
2.746962493396724714e+00 0.000000000000000000e+00 2.931077799179298005e+00 2.998981741083259767e+00 3.063042993985297002e+00 3.123590046159719691e+00 3.180925511022598240e+00 3.235243503699879231e+00 3.286805225320987400e+00 3.335835209740638518e+00 3.382473151619358909e+00 3.426957821003138616e+00 3.469403332014959762e+00 3.509979353062628427e+00 3.548862972137945881e+00 3.586195257784152712e+00 3.622052728729146853e+00 3.656692802644069928e+00 3.690139668305180809e+00 3.722615945439092577e+00 3.754197401261131883e+00
0.000000000000000000e+00 2.928911142414817093e+00 3.010508775983141039e+00 3.087567628256857599e+00 3.160489665198794373e+00 3.229679349008979905e+00 3.295401162505346093e+00 3.357981852906403386e+00 3.417611159546642963e+00 3.474514436607484491e+00 3.528874496616431600e+00 3.580907444074651558e+00 3.630733819257960349e+00 3.678537469027408857e+00 4.477065215916644192e+00 4.477200716352114362e+00 4.575231361131329777e+00 3.852212614620523112e+00 3.891861838904718152e+00 3.930221333517203597e+00 3.967412494613211660e+00
0.000000000000000000e+00 3.186367886953208384e+00 3.018942106519510560e+00 3.096891409223230696e+00 3.170755767252434243e+00 3.240932285202041019e+00 3.307721462288529590e+00 3.371451375414550533e+00 3.432345046782863118e+00 3.490616401790481049e+00 3.546518501004847224e+00 3.600185548024398496e+00 3.651813617051160143e+00 3.701596484854301483e+00 4.472487322218628769e+00 4.467446064180017551e+00 4.527059469099389055e+00 4.604557824999312210e+00 4.649000464900045593e+00 4.693183151472485548e+00 4.753604816986214843e+00
0.000000000000000000e+00 0.000000000000000000e+00 3.112937367700161495e+00 3.203208779577454646e+00 3.289220454752223688e+00 3.371354722706073836e+00 3.449917546970627136e+00 3.525118195139483657e+00 3.597223789639995228e+00 3.666348455291301267e+00 3.732710293294255077e+00 3.796402391043251168e+00 3.857546324998278209e+00 3.916260726775542711e+00 4.708804782507812980e+00 4.026715172385064712e+00 4.078613547909883508e+00 4.128449835894119069e+00 4.176237210273543887e+00 4.222110237936340660e+00 4.266064830423923482e+00
2.754178936886930273e+00 0.000000000000000000e+00 3.154927997532144701e+00 2.988940918601175945e+00 3.051994894844902717e+00 3.111667369672998174e+00 3.168233181962191836e+00 3.222010534573573448e+00 3.273185645339889316e+00 3.322029206173437110e+00 3.368693153303038201e+00 3.413397235844850552e+00 3.456326841552102014e+00 3.497653074786818195e+00 3.537514999757229717e+00 3.576070586131723239e+00 3.613545235332133121e+00 3.650019302986698300e+00 3.685648917601406893e+00 3.720551484008648657e+00 3.754928343450779415e+00
0.000000000000000000e+00 3.015787295820679947e+00 3.110161935764788499e+00 3.199821922953852482e+00 3.285242968182072065e+00 3.366790817078046505e+00 3.444854764923110935e+00 3.519644446898226864e+00 3.591397546582538958e+00 3.660347387686038623e+00 3.726630918614521004e+00 3.790410949463484336e+00 4.500542110754249592e+00 4.592501199533895573e+00 3.968005346365098163e+00 4.022944656766523686e+00 4.075936774621422565e+00 4.127058370362218120e+00 4.176353486559102102e+00 4.223893612382821239e+00 4.269766609047772832e+00
2.793549693757114483e+00 0.000000000000000000e+00 2.980816317840185636e+00 3.055194872827512675e+00 3.125532761266124115e+00 3.192161162501821359e+00 3.255321064697774602e+00 3.315260558759539844e+00 3.372124231809454642e+00 3.426142163923422412e+00 3.477414194804743452e+00 3.526117468109378539e+00 3.572379204550230281e+00 3.616340399980894738e+00 3.658124141548698027e+00 3.697819655965815855e+00 3.735602365881498077e+00 3.771566503003537907e+00 4.760590589209328094e+00 3.838587399836860481e+00 3.869863943730820655e+00
0.000000000000000000e+00 2.914001421464107899e+00 2.994241307996016843e+00 3.069988766632012922e+00 3.141690229343386598e+00 3.209623287910186473e+00 3.274052092258608049e+00 3.335232562987256788e+00 3.393329280190025887e+00 3.448567085186644121e+00 3.501081834286794425e+00 3.551015112300853094e+00 3.598541206756952882e+00 3.643753065657627133e+00 3.686812136439358234e+00 3.727840061854531317e+00 3.766977558579989172e+00 4.710894455482047327e+00 4.656386096578925660e+00 3.874172414508775475e+00 3.906919359813564530e+00
0.000000000000000000e+00 0.000000000000000000e+00 3.132430623780843693e+00 3.225535018091043593e+00 3.314340516755048593e+00 3.399260487412330445e+00 3.480561066443910612e+00 3.558445726725322888e+00 3.633172925321158875e+00 3.704796339112357728e+00 3.773507234842507607e+00 3.839350601269728269e+00 3.902493414542362871e+00 3.962929230426953886e+00 4.020741480187449923e+00 4.075964932884746261e+00 4.128648693282688242e+00 4.178913203972753010e+00 4.226686754790812905e+00 4.272149718175930033e+00 4.315294936488602850e+00
2.818072297644795832e+00 0.000000000000000000e+00 3.227481301657241008e+00 3.087156027672143921e+00 3.160800455155265087e+00 3.230751252775352800e+00 3.297360051109080370e+00 3.360803231972441463e+00 3.421357650574648801e+00 3.479229002852967767e+00 3.534572975070864320e+00 3.587567698092379409e+00 3.638360678245348812e+00 3.687110418521815980e+00 3.733975023855951036e+00 3.779051458084020432e+00 3.822550266536004937e+00 3.864520937422364355e+00 3.905125991696468457e+00 3.944500190304833787e+00 3.982750569945340047e+00
2.782236490101658966e+00 0.000000000000000000e+00 2.965496789677311895e+00 3.037667071688942677e+00 3.105868711478600552e+00 3.170467781844247046e+00 3.231721453712615766e+00 3.289911172398344963e+00 3.345227475468331768e+00 3.397916868923623213e+00 3.448109401615094605e+00 3.496024129421442250e+00 3.541740452926102289e+00 3.585539244416557025e+00 3.627478491790263160e+00 3.667718540663233995e+00 3.706398341729927104e+00 3.743682535720970872e+00 3.779686286038258736e+00 3.814543815237368296e+00 3.848360598385087261e+00
0.000000000000000000e+00 2.997730289923343783e+00 3.089150062485080728e+00 3.175896327697267374e+00 3.258435534972719427e+00 3.337110757315572496e+00 3.412303792531929059e+00 3.484271996209111766e+00 3.553264125966696607e+00 3.619481161296609795e+00 3.683113273106323415e+00 4.366781958952249632e+00 4.460884902306619715e+00 4.548806627473412689e+00 3.915023387113391706e+00 3.967977723633831832e+00 4.019128325998991613e+00 4.068544633313795345e+00 4.116327412682404763e+00 4.162504162504162331e+00 4.207070637405685432e+00
0.000000000000000000e+00 3.201135707277016795e+00 3.040080700324045093e+00 3.120832978693221627e+00 3.197486497570605213e+00 3.270361479316703512e+00 3.339804203978542052e+00 3.406089253440844900e+00 3.469475554075245771e+00 3.530169102021887273e+00 3.588365253366730734e+00 3.644214637366264053e+00 3.697920946667762276e+00 4.435739779031916186e+00 4.519247887593978774e+00 4.596597145993413847e+00 4.558784505576005230e+00 3.939102852048678827e+00 4.197979464310292563e+00 4.025038515454760102e+00 4.763449842253871580e+00
2.746846409026559854e+00 0.000000000000000000e+00 2.928686484111875377e+00 2.996557443309314284e+00 3.060614070477594595e+00 3.121141921791119156e+00 3.178463834609325023e+00 3.232743474777572956e+00 3.284255836541887685e+00 3.333171304172713789e+00 3.379683275395905184e+00 3.423930535297299738e+00 3.466084364493431824e+00 3.506335949059951052e+00 3.544792977139560541e+00 3.581611584757784961e+00 3.616888085135981257e+00 3.650839342006416910e+00 3.683548438661968571e+00 3.715126875087620739e+00 3.745785990760394757e+00
0.000000000000000000e+00 2.924424515032934213e+00 3.005626812987103769e+00 3.082268549652543488e+00 3.154751055088964140e+00 3.223410368169523199e+00 3.288530027077896101e+00 3.350364352123293088e+00 3.409098815164227858e+00 3.464955440673033404e+00 3.518104164028088121e+00 3.568707921845296394e+00 3.616908021346581403e+00 4.422760631901925699e+00 4.507409487750247301e+00 4.472938720739525920e+00 3.788531083175477931e+00 3.826783383559865026e+00 3.863454480227392018e+00 3.898608336060037871e+00 3.932390479475681211e+00
0.000000000000000000e+00 2.131449537932189386e+00 3.006341282659003245e+00 3.083154066610141797e+00 3.155872667398463172e+00 3.224856634090940588e+00 3.290463955417714192e+00 3.352868448809382063e+00 3.412375082697864936e+00 3.469138543516873341e+00 3.523364744245170765e+00 3.575234624772250402e+00 3.624931161163044369e+00 3.672572810488313078e+00 3.718332783768424132e+00 3.762358301922286152e+00 4.608013878253562012e+00 4.566968363364610539e+00 3.885165605183920512e+00 3.923431143783426833e+00 3.960561148979633739e+00
0.000000000000000000e+00 3.185264688571131764e+00 3.036493126483740479e+00 3.117099019845530172e+00 3.193579516658682671e+00 3.266293243637677701e+00 3.335510680583158472e+00 3.401478601922876432e+00 3.464499275919651566e+00 3.524676258485658131e+00 3.582215354358361914e+00 3.637361883192642864e+00 3.690165361183638026e+00 3.740829771463010101e+00 3.789444674107757205e+00 3.836168215976270002e+00 3.881153534275437078e+00 3.924484653199487472e+00 3.966293463965876231e+00 4.006659344151313640e+00 4.045702487409493564e+00
2.785197034836387253e+00 0.000000000000000000e+00 2.976128679498625917e+00 3.049520047128946310e+00 3.118952599009023885e+00 3.184780993227032120e+00 3.247269184797252795e+00 3.306696059520528586e+00 3.363275830659062215e+00 3.417229812191838523e+00 3.468729404419161000e+00 3.517955645615219673e+00 3.565086830432130149e+00 3.610280443860138799e+00 3.653635367190354533e+00 3.695365054164470919e+00 3.735602365881498077e+00 3.774428942880308391e+00 3.812032159689492161e+00 3.848549096990434126e+00 3.884033846580662974e+00
3.125368967169735335e+00 2.995054677160966516e+00 3.086484704363868570e+00 3.173192866662435385e+00 3.255659305644066137e+00 3.334190034939533476e+00 3.409122533604207916e+00 3.480682213713887752e+00 3.549085240676692621e+00 3.614524829005171025e+00 3.677159290377637113e+00 3.737127671354224301e+00 3.794568936968759854e+00 3.849564518013899761e+00 3.902275863030117087e+00 3.952784668647602473e+00 4.001186558772600321e+00 4.047565877623939379e+00 4.092043703026748247e+00 4.134680320299901624e+00 4.175568747259783109e+00
2.747910883136281956e+00 0.000000000000000000e+00 2.915634046275277225e+00 2.981886771518126533e+00 3.044350653843492793e+00 3.103290192897697253e+00 3.158980982934482373e+00 3.211662524087468551e+00 3.261533337034363988e+00 3.308838735472129589e+00 3.353664926952985237e+00 3.396244723691232537e+00 3.436691237840074908e+00 3.475166460473456453e+00 3.511840410954187863e+00 3.546814473784868138e+00 3.580278980954319401e+00 3.612315216183171973e+00 3.643062371977288993e+00 3.672649158062504693e+00 3.701241286661137497e+00
0.000000000000000000e+00 0.000000000000000000e+00 3.086701228366784289e+00 3.173683266410012305e+00 3.256452731880672857e+00 3.335302088038077706e+00 3.410546244222951717e+00 3.482403415541269531e+00 3.551111637201723514e+00 3.616837770915060091e+00 3.679712288156186339e+00 3.739871182214835166e+00 3.797450874794591869e+00 3.852583638902839169e+00 3.905351028292873394e+00 3.955804119492565274e+00 4.004142216085605277e+00 4.050417398945518777e+00 4.094668741298828962e+00 4.137046562459060439e+00 4.177632953168734176e+00
0.000000000000000000e+00 3.141712163313179484e+00 2.967543357188701325e+00 3.039765661701715693e+00 3.107981154332454476e+00 3.172545070830516956e+00 3.233720676831796759e+00 3.291777559882336224e+00 3.346906900206392255e+00 3.399354816330777851e+00 3.449271077510048578e+00 3.496821389357074761e+00 3.542207837308477547e+00 3.585514521333811100e+00 3.626957188218547845e+00 3.666627463731519487e+00 3.704694671414164198e+00 3.741322210982859442e+00 3.776567100505640262e+00 3.810605955630689934e+00 3.843546685115690309e+00
0.000000000000000000e+00 0.000000000000000000e+00 3.053890514474020268e+00 3.137069001575505389e+00 3.216108508704467184e+00 3.291368386406648749e+00 3.363134441299291399e+00 3.431660923887161374e+00 3.497163800158071378e+00 3.559786971179685455e+00 3.619707917414971554e+00 3.677108266555659366e+00 3.732065352611063425e+00 3.784772598246389119e+00 3.835291656497332280e+00 3.883764477425619699e+00 3.930302633302763748e+00 3.975006276325698806e+00 4.018006115541511214e+00 4.059390953750463993e+00 4.099300339755569844e+00
2.821551006588321364e+00 0.000000000000000000e+00 3.040963155966853293e+00 3.122246352175511941e+00 3.199399069392183659e+00 3.272775383158436746e+00 3.342641661850012103e+00 3.409264851175151989e+00 3.472873385982093719e+00 3.533617870406296824e+00 3.591751647980167661e+00 3.647331135582521089e+00 3.700600474794022876e+00 3.751667407736772208e+00 3.800626066766634281e+00 3.847633705271257476e+00 3.892808731013867707e+00 3.936300982003508420e+00 3.978168925615219731e+00 4.018580827963873503e+00 4.057548415492957972e+00
2.842543868771535642e+00 0.000000000000000000e+00 3.069774580871117653e+00 3.154861641789997950e+00 3.235733513249296145e+00 3.312775330396475759e+00 3.386269712927257647e+00 3.456452159245663402e+00 3.523510798524270626e+00 3.587666705763035147e+00 3.649006850493992538e+00 3.707747131645621419e+00 3.763978045742598422e+00 3.817827170434746176e+00 3.869407496977025573e+00 3.918791637161144426e+00 3.966100279714440013e+00 4.011481135664141995e+00 4.054982817869415612e+00 4.096767025886012270e+00 4.136846895296405258e+00
0.000000000000000000e+00 0.000000000000000000e+00 3.079054730197828604e+00 3.164913070387666227e+00 3.246596254671299420e+00 3.324514136111149654e+00 3.398930377420003257e+00 3.470149771664145621e+00 3.538374013071170054e+00 3.603853350890567686e+00 3.666728931874943864e+00 3.727171077152441114e+00 3.785329744279946063e+00 3.841318619918982158e+00 3.895305132235358681e+00 4.673764373543742856e+00 3.997628992459644426e+00 4.046210514566357830e+00 4.093157489437572849e+00 4.138587500086220672e+00 4.182551219110830942e+00
0.000000000000000000e+00 3.009539540450310913e+00 3.103277060575968083e+00 3.192338387869114502e+00 3.277156822412963244e+00 3.358122809349573856e+00 3.435528865313526303e+00 3.509641190800611099e+00 3.580650714408676549e+00 3.648755636639013478e+00 3.714085494043447344e+00 3.776804823119640275e+00 3.837057604699348978e+00 3.894893516393328703e+00 3.950459847387498780e+00 4.003865801463482477e+00 4.055150040551500190e+00 4.104404930851210942e+00 4.151721603245148273e+00 4.197199573399386985e+00 4.240882103477523479e+00
2.832802470756496493e+00 0.000000000000000000e+00 3.039870667320699216e+00 3.120987934544371178e+00 3.198042241966656540e+00 3.271317505724805397e+00 3.341175815455722287e+00 3.407842209950898926e+00 3.471595406384957894e+00 3.532565404409472087e+00 3.591018229698425213e+00 3.647048299305684971e+00 3.700860792806623056e+00 3.752550028314695751e+00 3.802333941706764087e+00 3.850305618008429853e+00 3.896546685499975737e+00 3.941254563557915702e+00 3.984501662498969310e+00 4.026407680719755078e+00 4.067002136899427356e+00
