4.947705501573644860e+00 4.951905466089622010e+00 4.956322408772690480e+00 4.960830112238781453e+00 4.965551486561976091e+00 4.970419102977418291e+00 4.975502560310692601e+00 4.980691292659962244e+00 4.986100391374728602e+00 4.991657777413089470e+00 4.997398614419890528e+00 5.003358418664582530e+00 4.923887790838795020e+00 4.903596651933174400e+00 5.022359821121431089e+00 5.022981862218919069e+00 4.949133901567225102e+00 4.298272371814425341e+00 4.264187018989388456e+00 4.231585665330132251e+00 4.200060591038035085e+00
4.823162202944884847e+00 4.826812604099391280e+00 4.830622061655065913e+00 4.834602132672376484e+00 4.838765423564786339e+00 4.843017061257246070e+00 4.847475216429527833e+00 4.852114482175410082e+00 4.856892683193783533e+00 4.861814894957407596e+00 4.866947258743367755e+00 4.872224204660865254e+00 4.877652223396472309e+00 4.805382027871215378e+00 4.789337566195486673e+00 4.779592505598950325e+00 4.783163265306122902e+00 4.808385824878588011e+00 4.158638184615811362e+00 4.129160128829795440e+00 4.100468426393116594e+00
4.770893401646994825e+00 4.773765047737651201e+00 4.776739356178608453e+00 4.779755686202210363e+00 4.782831713640081084e+00 4.785997538629835901e+00 4.789206496900698440e+00 4.792485382919582371e+00 4.795801618240489006e+00 4.799221154966851088e+00 4.802678522421647500e+00 4.806206872875827152e+00 4.809806508355320531e+00 4.736180990754149889e+00 4.733646622989057029e+00 4.726784882629759821e+00 4.729007319680894383e+00 4.725503822098679585e+00 4.741616272677294575e+00 4.720498594112374491e+00 4.033719157431273850e+00
4.661237695703435158e+00 4.665011045099680231e+00 4.668950790631886782e+00 4.673057760368346969e+00 4.677364992674421629e+00 4.681873575643241026e+00 4.686584651435266480e+00 4.691467049343194695e+00 4.696554248654920549e+00 4.701847549507688129e+00 4.707348309162022737e+00 4.713018175857052405e+00 4.138073726680230102e+00 4.725024138710273824e+00 4.731342055459556661e+00 4.663571335495949377e+00 4.635815767227509987e+00 4.639643020407606677e+00 4.641817929887764649e+00 3.944800476144338486e+00 3.919592362394311191e+00
4.763395348204199742e+00 4.767399280053616017e+00 4.771512705856689962e+00 4.775681399759140078e+00 4.780015379179915591e+00 4.784427372392486610e+00 4.788944379831701958e+00 4.793601227161913059e+00 4.798365813700019800e+00 4.803238755274984229e+00 4.738002211067699143e+00 4.720976409003180052e+00 4.721112266681263492e+00 4.108377608645697343e+00 4.079233933695163294e+00 4.050834540573570841e+00 4.023129585685841114e+00 3.996059058996988433e+00 3.969530431925974767e+00 3.943490473357225135e+00 3.917946995774214347e+00
4.717787426070902512e+00 4.723342209565794647e+00 4.729136966772672146e+00 4.735173417148190289e+00 4.741420777043277468e+00 4.747983802592398384e+00 4.754751305833872621e+00 4.761773311985865398e+00 4.769046812687046888e+00 4.776624564133008732e+00 4.784427372392486610e+00 4.792583818867717227e+00 4.073291633873216355e+00 4.044856058915420327e+00 4.017212735245253796e+00 3.990230814213477029e+00 3.963811100061891413e+00 3.937905448817591747e+00 3.912497340188211936e+00 3.887512061700369781e+00 3.862948119227133770e+00
4.574128184822086496e+00 4.579004920721704508e+00 4.584237066635648006e+00 4.589707927677329380e+00 4.491555874955084349e+00 4.420042128526537439e+00 4.355310367712631248e+00 4.290004290004289622e+00 4.184530955239238459e+00 4.094584911454600906e+00 4.052288494994026102e+00 4.023403936116528357e+00 4.655812233831322366e+00 4.665107057346514985e+00 4.674856832509504123e+00 3.917983544469112900e+00 4.695775873379783860e+00 3.868632300316398265e+00 3.844567625944540268e+00 3.820903817430268745e+00 3.797608197309912281e+00
4.661493323096329355e+00 4.665107057346514985e+00 4.668854620106284159e+00 4.672736643188454941e+00 4.676818113041445457e+00 4.681035610290017246e+00 4.685462842242502646e+00 4.690017060786699332e+00 4.694738440932595402e+00 4.699637851436153646e+00 4.704710245198427288e+00 4.709924087105890500e+00 4.715369370600696719e+00 4.720950758431001759e+00 4.665363109327295810e+00 4.643096125745967306e+00 4.631389762554868561e+00 4.650678513171137674e+00 4.293272027255353507e+00 3.943217665615141865e+00 3.918037406946611068e+00
4.790189691511783643e+00 4.793765365730056516e+00 4.797412138823399452e+00 4.801196183734918854e+00 4.805019185755177169e+00 4.808914353235368644e+00 4.812874099280779916e+00 4.816955684007706573e+00 4.821102655050105490e+00 4.825356559382905530e+00 4.829651299176200396e+00 4.753342840019013416e+00 4.750953633446712843e+00 4.134993763051073579e+00 4.105147437413895872e+00 4.076162051622174154e+00 4.047876609554384331e+00 4.020211962210008316e+00 3.993197794102459675e+00 3.966679888932962861e+00 3.940682360261329453e+00
4.615532990727601259e+00 4.620880864035752822e+00 4.626496706210553533e+00 4.632350399280948494e+00 4.638475810694801638e+00 4.644842837929648027e+00 4.651550285341367719e+00 4.136732808427903585e+00 4.089422028353325800e+00 4.673218335509586652e+00 4.681035610290017246e+00 4.689137750317206255e+00 3.975025871935631283e+00 3.948763067288307838e+00 4.643032719724694779e+00 4.610357031472466893e+00 4.650743077681291915e+00 3.848955970692949702e+00 3.825058229681085997e+00 3.801545501043696706e+00 3.778363968401681650e+00
4.344258338562533517e+00 4.310734423995493891e+00 4.273356997622083320e+00 4.232717541200726075e+00 4.188423198279954462e+00 4.123427943096694470e+00 4.067142315513734729e+00 4.007240669347372553e+00 3.973228659309342881e+00 3.945674294970304086e+00 3.919573110353173462e+00 3.894297635605007191e+00 3.869648138422841832e+00 3.845519969235840385e+00 3.821821234311765014e+00 3.798526171845324040e+00 3.775563712637650227e+00 3.752971102122513614e+00 3.730698815157690973e+00 3.708740264556804611e+00 3.687033468524560043e+00
5.007786078354702575e+00 5.011361374074099650e+00 5.014976230386633205e+00 5.018699813001869181e+00 5.022498039161723327e+00 5.026440453894458038e+00 5.030423727061612560e+00 5.034517479430892450e+00 5.038722235260011395e+00 5.043001812754704716e+00 5.047404679080552903e+00 5.051918705070351123e+00 4.979536152796725901e+00 5.061219962006183515e+00 5.062272891181937240e+00 4.960587116064147928e+00 4.963429178069914904e+00 4.355222864920040848e+00 4.319121367310421178e+00 4.284752402521883496e+00 4.251700680272108457e+00
4.602818023810995918e+00 4.583421695318753208e+00 4.552100863519739526e+00 4.512450260491446485e+00 4.466126150886355006e+00 4.415011037527594162e+00 4.360797126027036619e+00 4.303513853216021978e+00 4.208086424437254003e+00 4.120341438960575253e+00 4.080418830787105655e+00 4.050364183607197965e+00 4.022191400832176633e+00 4.716755419141823502e+00 3.968640775347081373e+00 3.942863071974544109e+00 3.917579623087602325e+00 3.892754610481242050e+00 3.868391785193729948e+00 3.844406388704434629e+00 3.820744558912407385e+00
4.764041840715296239e+00 4.766213761233411894e+00 4.768424853030333033e+00 4.770667211885775139e+00 4.772906492536280965e+00 4.775185643992609030e+00 4.777504777504776534e+00 4.779820961563411075e+00 4.782204733016341081e+00 4.784590883303828868e+00 4.786979415988510844e+00 4.789435872874687306e+00 4.791894852135816230e+00 4.794389194816580435e+00 4.796425977443094624e+00 4.791173289893362330e+00 4.730401875465214623e+00 4.727277783184794302e+00 4.725736084761897438e+00 4.722857260195211460e+00 4.719626807480265640e+00
4.882543874126643146e+00 4.886888884363991714e+00 4.891424162257495212e+00 4.896146525804760508e+00 4.901114831049597775e+00 4.906269803953636099e+00 4.911691873196488700e+00 4.917306147325262167e+00 4.923211575017436559e+00 4.929312292472528334e+00 4.935664978029435268e+00 4.942283605835956273e+00 4.949167921143257765e+00 4.895927540272404066e+00 4.856959133135405615e+00 4.841756398278790563e+00 4.847309743092583112e+00 4.921293953739837690e+00 4.221449046429129659e+00 4.190164790251341032e+00 4.159875612899706532e+00
4.421874460220402980e+00 4.425351134591948288e+00 4.429004442845081435e+00 4.432808322597625583e+00 4.436772525286136748e+00 4.440922072065917270e+00 4.075711522520033547e+00 4.009373639059594652e+00 3.939102852048678827e+00 3.913265270469521884e+00 4.464009779615270901e+00 4.469166191101546559e+00 3.839218993164819071e+00 3.815496465462818954e+00 3.792134831460673983e+00 3.769188596491228171e+00 3.746565648155856465e+00 3.724290101117989416e+00 3.702307085804394049e+00 3.680632235393792584e+00 3.659235426922306633e+00
4.946617750113359691e+00 4.948895777629616077e+00 4.951278048646306829e+00 4.953696696159508583e+00 4.956117707795560712e+00 4.958599093866959073e+00 4.961103569927443502e+00 4.963634483471786041e+00 4.966202234791005310e+00 4.968841224819360747e+00 4.971431295500513770e+00 4.974141279240114955e+00 4.976854219077032404e+00 4.979570119850748711e+00 4.982084968435421146e+00 4.982016966156407989e+00 4.972514934573964318e+00 4.300210155431789083e+00 4.266593262911605677e+00 4.234229231452687259e+00 4.202896553624825948e+00
4.913120800492695395e+00 4.916999660657769944e+00 4.920990759472907428e+00 4.925097475887542764e+00 4.929413536717284217e+00 4.933804785790641745e+00 4.938339346218740822e+00 4.943017987093230481e+00 4.947841504143816849e+00 4.952878860837860664e+00 4.957994766561079736e+00 4.963258103208194605e+00 4.968724263029288046e+00 4.866747093660889867e+00 4.865113028224508085e+00 4.866413521775486473e+00 4.927996495646936204e+00 4.259119324036545251e+00 4.226542688081148746e+00 4.195178982841030191e+00 4.164757819332805866e+00
4.864279744042969256e+00 4.867080711279287542e+00 4.869918308835129217e+00 4.872826101876380100e+00 4.875737369436680346e+00 4.878709852283506621e+00 4.881753091776958264e+00 4.884828136610066096e+00 4.887989315268426616e+00 4.891154588040781626e+00 4.894357701719918907e+00 4.897626011835929383e+00 4.900959771288543543e+00 4.836907649126631625e+00 4.831684808492721750e+00 4.206258360800430474e+00 4.174958598327233261e+00 4.144619592998355806e+00 4.115085216556359171e+00 4.086302713305001610e+00 4.824259131633356290e+00
4.814934551282491704e+00 4.817187725805673892e+00 4.819473387682511323e+00 4.821731748726655553e+00 4.824092898246096439e+00 4.826421208673767893e+00 4.828851699065962677e+00 4.831251294085168624e+00 4.833720030935807266e+00 4.836182821333696147e+00 4.838687693377131005e+00 4.841195161532271918e+00 4.843804364881735047e+00 4.846383301137875854e+00 4.848170327831911486e+00 4.175655925951700986e+00 4.145278182710044668e+00 4.115762685123574904e+00 4.769204564810083369e+00 4.766217053524617775e+00 4.771870505068407375e+00
5.050229307709106052e+00 5.054057930431575585e+00 5.057996076635475013e+00 5.062044245002941700e+00 5.066242860414599036e+00 5.070507461868413834e+00 5.074939946543965519e+00 5.079487109085417451e+00 5.084163517691514755e+00 5.088953532352677556e+00 5.093892835508562200e+00 5.098947136321040574e+00 5.024675977230645962e+00 5.016010004535022659e+00 5.114496528961688604e+00 5.012049516302892194e+00 5.002672660736557475e+00 5.013047658288696695e+00 4.395151598393022496e+00 4.357446808510638370e+00 4.321817633015942128e+00
4.604969242929310091e+00 4.608168149992433626e+00 4.611466721728954887e+00 4.614799934849882490e+00 4.618278876128252719e+00 4.621825893099885008e+00 4.625441287505186239e+00 4.629156880765171955e+00 4.110067610612193612e+00 4.636827319095546684e+00 4.640751255732692648e+00 4.599310789845819869e+00 4.582763337893296374e+00 4.572504913736623600e+00 4.569371365272777652e+00 4.576846620989281966e+00 4.586936132048990977e+00 3.867697131688180079e+00 3.843519825574081672e+00 3.819736229850891007e+00 3.796323778101423407e+00
4.537891393132657214e+00 4.542263699054383430e+00 4.546895021838873951e+00 4.551724137931033809e+00 4.556800174110573920e+00 4.562136986674475203e+00 4.567695320880595489e+00 4.182496253180439716e+00 4.096513866699438289e+00 4.027688652840544670e+00 3.999724156954692855e+00 4.599563384729449922e+00 4.606742345588184406e+00 4.614197955979173038e+00 4.621964679911699569e+00 3.871360230069407660e+00 3.847149262396563962e+00 3.823386837990810694e+00 3.799995854549976571e+00 3.776927778273738046e+00 3.754197401261131883e+00
4.789435872874687306e+00 4.792386951014958818e+00 4.795407369856068414e+00 4.798464491362763873e+00 4.801591384573172583e+00 4.804755334994405658e+00 4.807989504845766149e+00 4.811276004607981882e+00 4.814603379851573273e+00 4.818016629040251964e+00 4.821467930350451070e+00 4.824990694660803214e+00 4.758095658410105955e+00 4.756029473597144452e+00 4.134765799973813216e+00 4.105118874501645365e+00 4.076302862393687221e+00 4.048166317883975296e+00 4.750561117001501188e+00 4.733167672464797526e+00 3.967412494613211660e+00
4.798925040790861907e+00 4.801064464578431945e+00 4.803304673615446774e+00 4.805546974221672762e+00 4.807824390779965817e+00 4.810103966961456479e+00 4.812450011522768634e+00 4.814799745019056054e+00 4.817154575608681988e+00 4.819575739632747435e+00 4.821999338697232851e+00 4.824458626821232166e+00 4.826953709513926327e+00 4.829484693983151722e+00 4.831618108904671693e+00 4.826820573288374661e+00 4.764864304951315965e+00 4.762003354106710162e+00 4.759178662325927789e+00 4.756521259581977468e+00 4.753604816986214843e+00
4.998493604667086032e+00 5.002432689869730886e+00 5.006515328166791789e+00 5.010707813958596546e+00 5.015045135406218435e+00 5.019493512476534747e+00 5.024088093599449856e+00 5.028847918124919048e+00 5.033719021941498006e+00 5.038791794362075471e+00 5.043944502791442908e+00 5.049298898024632720e+00 5.054817445951022670e+00 4.957619241071120619e+00 4.955810688031717426e+00 4.954514801612969421e+00 4.958700141288989727e+00 4.981642986802056861e+00 4.334246047580388783e+00 4.299434832356713088e+00 4.266064830423923482e+00
4.489368359475968795e+00 4.492890864224837522e+00 4.496586681927809082e+00 4.500480733169224479e+00 4.504598155193800579e+00 4.508905087547907087e+00 4.513437735074882440e+00 4.518165077322232825e+00 4.523088309872667523e+00 4.091653027823240585e+00 3.998869285236588134e+00 3.972276251267018665e+00 3.946275270008307245e+00 4.551033636275874983e+00 4.557287171236612089e+00 4.563747251379496106e+00 3.847418382265499481e+00 3.823799327011318638e+00 3.800494755317237683e+00 3.777550361614594454e+00 3.754928343450779415e+00
4.988996869917031951e+00 4.991896715605489199e+00 4.994902462555336875e+00 4.997946049568669835e+00 5.001061869301015150e+00 5.004250185088706004e+00 5.007545616682672396e+00 5.010845391395074344e+00 5.014252841982346887e+00 5.017733908883450056e+00 5.021254350607365247e+00 5.024883498420258832e+00 5.028552534597129586e+00 5.032301938116286344e+00 5.036034871138755697e+00 5.032952234562778848e+00 4.951209951932003861e+00 4.949950500494994188e+00 4.337857098593294936e+00 4.303135042094377027e+00 4.269766609047772832e+00
4.673732250127152987e+00 4.679875845646682464e+00 4.686390858781124713e+00 4.693312719567662050e+00 4.700496617686130030e+00 4.538484283779044226e+00 4.716723176200371626e+00 4.404952818825667471e+00 4.338245420740943992e+00 4.210962308435730606e+00 4.142359073492353438e+00 4.109178791065668968e+00 4.079177527188755370e+00 4.050667673612302622e+00 4.801558448685058877e+00 3.996251791423216293e+00 3.970022845043740034e+00 3.944309123117803129e+00 3.919088021341840200e+00 3.894293834717970526e+00 3.869863943730820655e+00
4.726966315226996507e+00 4.732575206792960287e+00 4.738425194687469144e+00 4.744583267436343732e+00 4.751019059160515035e+00 4.757767572711100179e+00 4.764831400929487870e+00 4.772147258781787471e+00 4.779882927505108015e+00 4.787896198410417803e+00 4.796294519890918373e+00 4.805052169137835172e+00 4.814139816374952474e+00 4.094492560515212709e+00 4.065684930090891491e+00 4.037731908524487601e+00 4.010482571687375319e+00 3.983844822375469885e+00 3.957728680340503402e+00 3.932092079938741325e+00 3.906919359813564530e+00
5.060869082942791586e+00 5.066029533582982580e+00 5.071410948765042725e+00 5.077012795444409754e+00 5.082836497513530283e+00 5.088883540212495227e+00 5.095190553241297771e+00 5.101724244910340822e+00 5.108486300282347514e+00 5.115543066051892573e+00 5.122845843322882509e+00 5.050298240585288312e+00 5.031463880292514013e+00 5.146574440052701149e+00 5.026994270603789339e+00 5.148093489377767007e+00 5.079766056179466638e+00 4.430046792369243924e+00 4.388611553019913458e+00 4.350870514014561152e+00 4.315294936488602850e+00
4.692664950623503195e+00 4.696684002956147630e+00 4.700912930917018784e+00 4.705465159099277983e+00 4.710283436185900285e+00 4.715378374442648735e+00 4.720779761739468228e+00 4.726456339359565106e+00 4.732445371119737842e+00 4.738750618097905765e+00 4.745399026161591038e+00 4.752327951953275509e+00 4.759638267491670405e+00 4.267768026157288119e+00 4.150382181025835671e+00 4.120256554641469116e+00 4.792288523153598767e+00 4.801360842844601073e+00 4.716304058072055660e+00 4.008996459852278704e+00 3.982750569945340047e+00
4.615596583080737503e+00 4.619988691370964240e+00 4.624676445211388653e+00 4.629597639596188863e+00 4.634804656615502338e+00 4.640244568184299645e+00 4.646002357672837313e+00 4.652021919232689484e+00 4.658331906148312385e+00 4.354166522679678408e+00 4.130467706626646418e+00 4.083355826395089316e+00 4.054397647074992506e+00 4.694381929390972985e+00 4.702514823144550604e+00 3.973039096098754275e+00 4.719820510014227644e+00 4.636226656939681945e+00 4.622028449619889123e+00 3.872457835157768091e+00 3.848360598385087261e+00
4.961753152780648435e+00 4.963892779915953568e+00 4.966099473731402369e+00 4.968326915911067232e+00 4.970585031049134628e+00 4.972856491649745081e+00 4.975158285001600511e+00 4.977498977226236576e+00 4.979841872966279226e+00 4.982220978562799552e+00 4.984636394673949589e+00 4.987020084711025092e+00 4.989501257770109000e+00 4.991992012812779045e+00 4.994623842391868962e+00 4.992511233150273675e+00 4.340457194824521636e+00 4.305077213642928058e+00 4.271207925157414209e+00 4.238613070215057732e+00 4.207070637405685432e+00
4.832561938469915219e+00 4.835389525164748292e+00 4.838297195861182232e+00 4.841275330244138253e+00 4.844290657439445980e+00 4.847410444092044024e+00 4.850555081127240875e+00 4.853771585610960670e+00 4.857058811457185321e+00 4.860417037473131252e+00 4.863813229571984031e+00 4.867280903806077141e+00 4.870820355912901078e+00 4.874364959494713823e+00 4.799155348658636022e+00 4.793664026677783241e+00 4.182608576404602374e+00 4.152286820913911214e+00 4.122832935938046894e+00 4.094094788703074528e+00 4.763449842253871580e+00
4.455924639174539514e+00 4.432563658433463338e+00 4.402528702423454732e+00 4.365995135033991836e+00 4.323932267693251674e+00 4.277632123637367556e+00 4.227626499594563825e+00 4.156189605369797313e+00 4.093299476890202016e+00 4.018874853622876664e+00 3.989557159155333377e+00 3.962506490312355023e+00 3.936409718097816590e+00 4.593414277976977544e+00 3.886163177215980369e+00 4.613816659321286373e+00 3.837887626650291484e+00 3.814305727006671365e+00 3.791142512493538064e+00 3.768310563602230712e+00 3.745785990760394757e+00
4.802876236740631022e+00 4.806800936639496591e+00 4.810831242912612993e+00 4.814995659722222321e+00 4.819210750970726487e+00 4.823494552896508303e+00 4.827885868778061251e+00 4.832418625522073796e+00 4.837006506114385651e+00 4.841690363672319641e+00 4.761127434976602402e+00 4.762332024267187158e+00 4.157040732184354326e+00 4.126320422535211030e+00 4.096567909292265774e+00 4.067618995091279999e+00 4.039391026980346133e+00 4.011804223953871151e+00 3.984815754703130875e+00 3.958360821950151376e+00 3.932390479475681211e+00
4.750855498254577647e+00 4.754594976430793096e+00 4.758408788101259113e+00 4.762397763743658530e+00 4.766476688524366345e+00 4.770695484433012723e+00 4.775053459837647729e+00 4.779494602585023344e+00 4.784034991798796987e+00 4.788780571233110628e+00 4.793601227161913059e+00 4.797642301497549333e+00 4.726489191631334741e+00 4.707616104140655011e+00 4.706973825132511280e+00 4.096653242605193590e+00 4.068151886864006528e+00 4.040375894281474700e+00 4.013223230440639000e+00 3.986610487534968605e+00 3.960561148979633739e+00
4.813841858418033581e+00 4.817718191015644358e+00 4.821797240030424092e+00 4.825988638243890350e+00 4.830326285138923481e+00 4.834832585409700734e+00 4.839446258290107217e+00 4.844233996970647382e+00 4.849196809091901983e+00 4.854269364090711747e+00 4.859552099874062669e+00 4.864946348549423760e+00 4.793830548511480494e+00 4.776559376044872351e+00 4.771187480404051051e+00 4.768262445164982211e+00 4.160512575149257763e+00 4.130666758459261345e+00 4.101665693390061485e+00 4.073347877716716248e+00 4.045702487409493564e+00
4.637080276042660820e+00 4.641194698117585560e+00 4.645506838459331433e+00 4.650065239721273613e+00 4.654887974644550397e+00 4.659897064960355273e+00 4.665171067706724628e+00 4.670714619336758133e+00 4.676432157348187069e+00 4.682486124691851437e+00 4.688749758667291267e+00 4.126632599021988312e+00 4.096066410890075282e+00 4.709158289142318488e+00 4.716529727808386419e+00 4.724150679866902180e+00 4.732055906840221482e+00 4.740215576760577143e+00 4.639706333881456146e+00 3.908687572430723733e+00 3.884033846580662974e+00
4.972955297900458760e+00 4.976514939770534163e+00 4.980113655744526469e+00 4.983819654000027022e+00 4.987599324966008218e+00 4.991521251572670792e+00 4.995483535433717925e+00 4.999520593915651290e+00 5.003632774480101908e+00 5.007854785931357355e+00 5.012187167427648582e+00 5.016595999092889002e+00 5.021047129061544823e+00 4.935766483403485338e+00 4.934481057075497112e+00 4.343359830126369836e+00 4.306632213608957649e+00 4.271914230986536332e+00 4.238671975429599392e+00 4.206606440935107827e+00 4.175568747259783109e+00
4.406196213425129571e+00 4.373026064623607212e+00 4.333769003233128636e+00 4.289559074838968478e+00 4.240998139433073355e+00 4.171939534689676599e+00 4.100209110664644108e+00 4.025627554397145147e+00 3.990367113774467178e+00 3.962777223596288145e+00 3.936491274111008298e+00 3.910942257731094163e+00 4.580507547582585381e+00 3.861589595774317818e+00 3.837619838401316485e+00 3.814041219383650816e+00 3.790802823114247655e+00 3.767949139537432490e+00 3.745396283734575782e+00 3.723165111835449181e+00 3.701241286661137497e+00
4.954056218358510399e+00 4.958464370376910679e+00 4.963049079796310714e+00 4.967777498009486870e+00 4.972684766318347549e+00 4.977736561815987670e+00 4.982974835977078243e+00 4.988383217165504036e+00 4.993945695971322429e+00 4.999691799820558558e+00 5.005622754326777724e+00 5.011739828914306472e+00 4.912730795998853317e+00 4.908376963350785438e+00 4.917135872237573757e+00 4.983819654000027022e+00 4.307986870897154930e+00 4.273386451986436185e+00 4.240351462573683783e+00 4.208492876608368682e+00 4.177632953168734176e+00
4.658341908390577935e+00 4.662835827036218461e+00 4.667508648618966305e+00 4.672383465259455804e+00 4.677461514121805664e+00 4.682711841063250446e+00 4.688168828433403768e+00 4.693813689609664941e+00 4.699664212397578034e+00 4.140186722421181464e+00 4.711988254174206858e+00 4.718464926077381882e+00 4.725153567490943729e+00 4.732088359748444439e+00 4.632830867099985817e+00 3.968585512574149821e+00 4.655206643253714915e+00 3.917229625251699598e+00 3.892240540465400578e+00 3.867697131688180079e+00 3.843546685115690309e+00
4.816458526851755906e+00 4.820936639118456490e+00 4.825697177306989438e+00 4.830720661876769739e+00 4.836057645807136929e+00 4.841657347044542981e+00 4.847544718600029334e+00 4.853729397652180921e+00 4.860250679408281371e+00 4.867080711279287542e+00 4.874264569588707907e+00 4.881753091776958264e+00 4.889605112736387760e+00 4.897835294766903935e+00 4.906432263592890308e+00 4.915413918813746008e+00 4.823993163712544607e+00 4.805711931896196276e+00 4.157600787172415657e+00 4.128052178579537212e+00 4.099300339755569844e+00
4.816027740319784201e+00 4.820272689712161274e+00 4.824647834684461678e+00 4.829209233992191486e+00 4.833953690723642893e+00 4.838885556948911315e+00 4.844022476264289168e+00 4.849391747720785517e+00 4.854900030086703566e+00 4.860616682184127235e+00 4.866546945042290240e+00 4.872725775346752997e+00 4.879073518150831568e+00 4.800010971453648523e+00 4.778581034494528090e+00 4.773562646190354641e+00 4.856593680955995751e+00 4.143303041184431379e+00 4.114021141884919075e+00 4.085467990358296220e+00 4.057548415492957972e+00
4.880932739371940166e+00 4.885634857284412824e+00 4.890540200919692992e+00 4.895694508662659317e+00 4.901093216070139924e+00 4.906737434260085351e+00 4.912630235874482665e+00 4.918805076761070261e+00 4.925164856212547626e+00 4.931878429196719260e+00 4.938847465067943254e+00 4.946101049521989701e+00 4.953628532900349768e+00 4.961479623478823875e+00 4.851374671665892535e+00 4.844564535058271559e+00 4.873394696922897396e+00 4.969115566444666676e+00 4.197084058649088512e+00 4.166521995764036035e+00 4.136846895296405258e+00
4.895977712957790828e+00 4.899292324442025226e+00 4.902739319278813568e+00 4.906296644369506410e+00 4.909960996929545018e+00 4.913736623716968843e+00 4.917596115099068577e+00 4.921596237713098176e+00 4.925670267422847637e+00 4.929953576270489357e+00 4.934244341038521497e+00 4.938711956484460153e+00 4.943321099177918398e+00 4.867047347459194206e+00 4.846504285694503089e+00 4.845397218741996248e+00 4.846302963168096944e+00 4.858388246806121913e+00 4.244830891414486551e+00 4.213201826181250276e+00 4.182551219110830942e+00
4.967984102450872186e+00 4.971860649794565212e+00 4.975904353575494099e+00 4.980079681274900416e+00 4.984364118040666369e+00 4.988792302225136588e+00 4.993399136757573409e+00 4.998117147649857372e+00 5.003015516201545054e+00 5.008053491425399351e+00 5.013254220061257094e+00 5.018630807518320580e+00 5.024122671181494582e+00 4.927760401338708185e+00 4.923312568806712086e+00 4.918259905791077635e+00 4.945666359852180172e+00 4.343329886246121596e+00 4.307499913155243831e+00 4.273504273504274309e+00 4.240882103477523479e+00
4.794192178617902478e+00 4.797938257388825178e+00 4.801920768307322618e+00 4.806008884250708491e+00 4.810302293139820939e+00 4.814735842957072798e+00 4.819343467724167773e+00 4.824159390226252953e+00 4.829151518078273142e+00 4.834320916034752003e+00 4.839702150901912248e+00 4.845229525444376684e+00 4.850985911643732607e+00 4.856892683193783533e+00 4.765632978180208923e+00 4.752655287845600540e+00 4.750888209534824824e+00 4.811765104537291116e+00 4.123597976687926270e+00 4.094975673068247168e+00 4.067002136899427356e+00
