4.947705501573644860e+00 4.951925060867410799e+00 4.956309789730254600e+00 4.960856801130804072e+00 4.965547264527626403e+00 4.970415812731073579e+00 4.975497379344188786e+00 4.980691292659962244e+00 4.986080525200481617e+00 4.991645925915654480e+00 4.997432825603286055e+00 5.003358418664582530e+00 4.918973574180854236e+00 4.901148663574110387e+00 5.022226746750821924e+00 5.021715526601520985e+00 4.949474118374922682e+00 4.298272371814425341e+00 4.264216347079699432e+00 4.231556310915334684e+00 4.200089510104313639e+00
4.823128970468670396e+00 4.826820573288374661e+00 4.830617836021226630e+00 4.834621414610226431e+00 4.838753646103100436e+00 4.843044433227377432e+00 4.847511149275642417e+00 4.852113061068284772e+00 4.856861357423365888e+00 4.861853894344967841e+00 4.866913896752877555e+00 4.872224204660865254e+00 4.877646638545773961e+00 4.811525666052624217e+00 4.782270075286594313e+00 4.772423573045351475e+00 4.776429005206306755e+00 4.811194963366185462e+00 4.158638184615811362e+00 4.129160128829795440e+00 4.100468426393116594e+00
4.770894815400448685e+00 4.773790526071715057e+00 4.776754945647351924e+00 4.779755686202210363e+00 4.782825556686731261e+00 4.786016508288825300e+00 4.789205547149381736e+00 4.792465410901816547e+00 4.795801618240489006e+00 4.799221154966851088e+00 4.802711473677710785e+00 4.806206872875827152e+00 4.809806508355320531e+00 4.736180990754149889e+00 4.733646622989057029e+00 4.730077120822621772e+00 4.727322554124417486e+00 4.728067590809732934e+00 4.749514723495642521e+00 4.712953792561728861e+00 4.008957947413531286e+00
4.661269647594305177e+00 4.665011045099680231e+00 4.668950790631886782e+00 4.673057760368346969e+00 4.677363593842148504e+00 4.681870305407220378e+00 4.686576693450338560e+00 4.691467049343194695e+00 4.696554248654920549e+00 4.701841895455568299e+00 4.707327056897257833e+00 4.713025277063507268e+00 4.138073726680230102e+00 4.725024138710273824e+00 4.731374498577158860e+00 4.662516113107154858e+00 4.639118152107682747e+00 4.629085859179062901e+00 4.646967170543694792e+00 3.944800476144338486e+00 3.919600063263720457e+00
4.763416957764369464e+00 4.767385633823919555e+00 4.771454256275498906e+00 4.775679510970417319e+00 4.780016798344748352e+00 4.784427372392486610e+00 4.788939631598672975e+00 4.793601227161913059e+00 4.798365813700019800e+00 4.803238755274984229e+00 4.738002211067699143e+00 4.723730240773322819e+00 4.721112266681263492e+00 4.108379039050142012e+00 4.079233933695163294e+00 4.050834540573570841e+00 4.023139991398803517e+00 3.996074032529444153e+00 3.969525189074752269e+00 3.943485769455662648e+00 3.917956613785708253e+00
4.717787426070902512e+00 4.723342209565794647e+00 4.729169379656346983e+00 4.735173417148190289e+00 4.741453358529462037e+00 4.747978668501634303e+00 4.754718541335042126e+00 4.761773311985865398e+00 4.769042103828859958e+00 4.776607085992772284e+00 4.784427372392486610e+00 4.792583818867717227e+00 4.073291633873216355e+00 4.044863708660122015e+00 4.017232542354098435e+00 3.990230814213477029e+00 3.963811100061891413e+00 3.937905448817591747e+00 3.912499738002249483e+00 3.887512061700369781e+00 3.862948119227133770e+00
4.574121560745719961e+00 4.579008713992339885e+00 4.584205700836103681e+00 4.589764140926310354e+00 4.491555874955084349e+00 4.420011602530456329e+00 4.355310367712631248e+00 4.290004290004289622e+00 4.184530955239238459e+00 4.093469874836955569e+00 4.052281297004745930e+00 4.023391163800577708e+00 4.655812233831322366e+00 4.665139062307048334e+00 4.674888971386929271e+00 3.917983544469112900e+00 4.695762244710461886e+00 3.868632300316398265e+00 3.844595939832073483e+00 3.820930361807370002e+00 3.797601884735750222e+00
4.661493323096329355e+00 4.665075052825114810e+00 4.668859404615899322e+00 4.672736643188454941e+00 4.676850278891586221e+00 4.681044483490838459e+00 4.685454420175014789e+00 4.690010966349170474e+00 4.694738440932595402e+00 4.699664212397578034e+00 4.704727228097448588e+00 4.709961910742809010e+00 4.715345676444074208e+00 4.720950758431001759e+00 4.664627035629518303e+00 4.633952346370646680e+00 4.624644523592588818e+00 4.648650865811223554e+00 4.310108915768156912e+00 3.943217665615141865e+00 3.918056643904623826e+00
4.790189691511783643e+00 4.793765365730056516e+00 4.797412138823399452e+00 4.801163253268219577e+00 4.804986202825332064e+00 4.808914353235368644e+00 4.812882022510536650e+00 4.816955684007706573e+00 4.821109670059549934e+00 4.825336414299306931e+00 4.829651299176200396e+00 4.755951733884118404e+00 4.745891414004447029e+00 4.134993763051073579e+00 4.105147437413895872e+00 4.076162051622174154e+00 4.047860808474435856e+00 4.020211962210008316e+00 3.993197794102459675e+00 3.966707493597594780e+00 3.940682360261329453e+00
4.615520365983615036e+00 4.620883676048872069e+00 4.626496706210553533e+00 4.632341921331934564e+00 4.638472032742154916e+00 4.644872197707618611e+00 4.651544586422962091e+00 4.136476135979759050e+00 4.089440924906774022e+00 4.673186219598518321e+00 4.681035610290017246e+00 4.689156495501127786e+00 3.975025871935631283e+00 3.948790423144068029e+00 4.635330907279544554e+00 4.613181304910628278e+00 4.652021919232689484e+00 3.848955970692949702e+00 3.825075806047792515e+00 3.801545501043696706e+00 3.778354835607215634e+00
4.344258338562533517e+00 4.310757735415269742e+00 4.273356997622083320e+00 4.232730805259688367e+00 4.188438536381051236e+00 4.123427943096694470e+00 4.067170352396183297e+00 4.007212983370065373e+00 3.973232956921789238e+00 3.945674294970304086e+00 3.919573110353173462e+00 3.894293834717970526e+00 3.869674878208893443e+00 3.845535333477831941e+00 3.821806533204549439e+00 3.798526171845324040e+00 3.775579551461149208e+00 3.752971102122513614e+00 3.730712918121409594e+00 3.708714792964430185e+00 3.687007819239224382e+00
5.007820431907362035e+00 5.011361374074099650e+00 5.014976230386633205e+00 5.018699813001869181e+00 5.022533528804907554e+00 5.026440453894458038e+00 5.030423727061612560e+00 5.034527332721025594e+00 5.038743854775230346e+00 5.043036180377137079e+00 5.047432032524822532e+00 5.051938075696024377e+00 4.971600582971246851e+00 5.061317173596338925e+00 5.063464367580142955e+00 4.966613321560620520e+00 4.963566046450705649e+00 4.355250150359825767e+00 4.319121367310421178e+00 4.284756632734158188e+00 4.251700680272108457e+00
4.602754783086593804e+00 4.583453050390619232e+00 4.552100863519739526e+00 4.512447412632075050e+00 4.466126150886355006e+00 4.415011037527594162e+00 4.360801842438778664e+00 4.303513853216021978e+00 4.208086424437254003e+00 4.120256554641469116e+00 4.080411305459590743e+00 4.050361786552799437e+00 4.022197074022060725e+00 4.716752099995144221e+00 3.968634105620406860e+00 3.942835798182144913e+00 3.917579623087602325e+00 3.892777872631039582e+00 3.868391785193729948e+00 3.844384795458133386e+00 3.820744558912407385e+00
4.764074733833215447e+00 4.766217053524617775e+00 4.768420616162873493e+00 4.770667211885775139e+00 4.772911680678570967e+00 4.775190837090953266e+00 4.777472171224601993e+00 4.779816704420291273e+00 4.782201892088574269e+00 4.784590883303828868e+00 4.787012152172276380e+00 4.789435872874687306e+00 4.791894852135816230e+00 4.794454870481225761e+00 4.796919007448930294e+00 4.793634053976318476e+00 4.731504275496979162e+00 4.728586015720834368e+00 4.725736084761897438e+00 4.722857260195211460e+00 4.719626807480265640e+00
4.882543874126643146e+00 4.886879073833171105e+00 4.891437267317046533e+00 4.896160594067485050e+00 4.901126578401007627e+00 4.906296644369506410e+00 4.911693288966676008e+00 4.917327432540414378e+00 4.923211575017436559e+00 4.929312292472528334e+00 4.935664978029435268e+00 4.942305448205324581e+00 4.949167921143257765e+00 4.899660474231926521e+00 4.864779680294900821e+00 4.849064335473295628e+00 4.839941102688553265e+00 4.925400701869599551e+00 4.221453287197232562e+00 4.190164790251341032e+00 4.159877976912677688e+00
4.421858949502369462e+00 4.425360079103310973e+00 4.428999727446170098e+00 4.432805488495165314e+00 4.436769212917140770e+00 4.440928709216314552e+00 4.075683367757890530e+00 4.009401354901148018e+00 3.939130074221503630e+00 3.913265270469521884e+00 4.464009779615270901e+00 4.469166191101546559e+00 3.839218993164819071e+00 3.815496465462818954e+00 3.792135799830388621e+00 3.769162766154289024e+00 3.746565648155856465e+00 3.724292039670606957e+00 3.702307085804394049e+00 3.680632235393792584e+00 3.659235426922306633e+00
4.946583765586892056e+00 4.948929793932062005e+00 4.951312097705891091e+00 4.953696696159508583e+00 4.956117707795560712e+00 4.958575236048841539e+00 4.961092799619422067e+00 4.963622764669884724e+00 4.966222881361697539e+00 4.968791902911166680e+00 4.971448693958999243e+00 4.974127627824716846e+00 4.976809450408167912e+00 4.979570119850748711e+00 4.982356996116491743e+00 4.980906524987547712e+00 4.972785918160205654e+00 4.300210155431789083e+00 4.266622624110546269e+00 4.234199840349841537e+00 4.202896553624825948e+00
4.913099551679665389e+00 4.916991620626779635e+00 4.920986969780981823e+00 4.925131165819588652e+00 4.929379788173595678e+00 4.933770977092226673e+00 4.938339346218740822e+00 4.943017987093230481e+00 4.947875505954630881e+00 4.952844790226385463e+00 4.957959222483326656e+00 4.963251541667515809e+00 4.968704065366062572e+00 4.874967385781573626e+00 4.873060213179225109e+00 4.866680375625471733e+00 4.930426207954420548e+00 4.259119324036545251e+00 4.226542688081148746e+00 4.195178982841030191e+00 4.164757819332805866e+00
4.864279744042969256e+00 4.867080711279287542e+00 4.869918308835129217e+00 4.872826101876380100e+00 4.875770852504498265e+00 4.878719164433449329e+00 4.881771739354642925e+00 4.884861744652452487e+00 4.887989315268426616e+00 4.891138208620629868e+00 4.894391441019135591e+00 4.897632580983389161e+00 4.900945675433145965e+00 4.827419744146753011e+00 4.833486393735801023e+00 4.206258360800430474e+00 4.174965265657831104e+00 4.144619592998355806e+00 4.115056993539361052e+00 4.086297053017973191e+00 4.816073475644913060e+00
4.814934551282491704e+00 4.817187725805673892e+00 4.819443010086405188e+00 4.821733619882073718e+00 4.824059652943365251e+00 4.826421208673767893e+00 4.828815103989553492e+00 4.831246597713663604e+00 4.833680541372220141e+00 4.836191292092136607e+00 4.838698528344405503e+00 4.841208365608055786e+00 4.843787842092515561e+00 4.846302963168096944e+00 4.848652767195400060e+00 4.175651161994728966e+00 4.145278182710044668e+00 4.115762685123574904e+00 4.774723031464732870e+00 4.772081249870323560e+00 4.768783130948020421e+00
5.050229307709106052e+00 5.054057930431575585e+00 5.057993708687277490e+00 5.062044245002941700e+00 5.066237633930099626e+00 5.070507461868413834e+00 5.074923704694304760e+00 5.079452242852729782e+00 5.084128587230592800e+00 5.088953532352677556e+00 5.093862913961259231e+00 5.098919029165816852e+00 5.025679155135142295e+00 5.016595999092889002e+00 5.113993683526720346e+00 5.011567796901065464e+00 5.013254220061257094e+00 5.008954363622640571e+00 4.395151598393022496e+00 4.357449163093097155e+00 4.321847281009254083e+00
4.604937592786055411e+00 4.608168149992433626e+00 4.611451318671631050e+00 4.614833590478290226e+00 4.618269045190106503e+00 4.621837145774122746e+00 4.625442696287909605e+00 4.629149825543233732e+00 4.110094810831144585e+00 4.636806555198759838e+00 4.640756928234503143e+00 4.604367964594471729e+00 4.580470539246304540e+00 4.569877582673240290e+00 4.571319405592019436e+00 4.575897499896002252e+00 4.589229694371002033e+00 3.867697131688180079e+00 3.843514070006863292e+00 3.819762758007611669e+00 3.796347070485510233e+00
4.537891393132657214e+00 4.542263699054383430e+00 4.546863697426887896e+00 4.551724137931033809e+00 4.556815200430825996e+00 4.562138398689421059e+00 4.567735425856109366e+00 4.182493863390150501e+00 4.096511022391945644e+00 4.027693867488871149e+00 3.999724156954692855e+00 4.599563384729449922e+00 4.606742345588184406e+00 4.614197955979173038e+00 4.621951551072564612e+00 3.871333466986512484e+00 3.847184341959727583e+00 3.823400602011803429e+00 3.799969600243197743e+00 3.776901841754680245e+00 3.754197401261131883e+00
4.789438247482073585e+00 4.792419761200569894e+00 4.795407369856068414e+00 4.798464491362763873e+00 4.801591384573172583e+00 4.804755334994405658e+00 4.807989504845766149e+00 4.811261100266681190e+00 4.814636494944631195e+00 4.818001682907629757e+00 4.821469801301116576e+00 4.824957436982609593e+00 4.758095658410105955e+00 4.757988322537231696e+00 4.134765799973813216e+00 4.105118398456475859e+00 4.076302862393687221e+00 4.048166317883975296e+00 4.754724158074201235e+00 4.738718073745441295e+00 3.967425349759865938e+00
4.798892141471339912e+00 4.801097393689986781e+00 4.803304673615446774e+00 4.805546974221672762e+00 4.807824390779965817e+00 4.810103966961456479e+00 4.812451875481245089e+00 4.814768959872339771e+00 4.817187725805673892e+00 4.819575739632747435e+00 4.822026473604498875e+00 4.824425376477480043e+00 4.826920424768997187e+00 4.829418055124357068e+00 4.831937062318377052e+00 4.826615726609607471e+00 4.765730314129709377e+00 4.756953646884535480e+00 4.763233282752332265e+00 4.760576981930209506e+00 4.756630403022498399e+00
4.998527830844339270e+00 5.002432689869730886e+00 5.006480992517711393e+00 5.010707813958596546e+00 5.015045135406218435e+00 5.019501441410886500e+00 5.024088093599449856e+00 5.028864303330072616e+00 5.033739660426642892e+00 5.038778164386733316e+00 5.043964283279939842e+00 5.049282379387861397e+00 5.054782917566053690e+00 4.957585105210973175e+00 4.955810688031717426e+00 4.954514801612969421e+00 4.963121251809471168e+00 4.973337385682314427e+00 4.334275866339187822e+00 4.299434832356713088e+00 4.266094184350315288e+00
4.489384332739353667e+00 4.492913450149083054e+00 4.496589509802564777e+00 4.500481205298104470e+00 4.504596736214909747e+00 4.508905087547907087e+00 4.513437735074882440e+00 4.518165077322232825e+00 4.523119307551552559e+00 4.091653027823240585e+00 3.998869285236588134e+00 3.972236159892958973e+00 3.946275270008307245e+00 4.551033636275874983e+00 4.557296095009420789e+00 4.563752903432350294e+00 3.847422227107836878e+00 3.823772742757427068e+00 3.800488433143074385e+00 3.777550361614594454e+00 3.754928343450779415e+00
4.988996869917031951e+00 4.991930851500313793e+00 4.994902462555336875e+00 4.997980268247762758e+00 5.001096130658774896e+00 5.004250185088706004e+00 5.007511266900349867e+00 5.010845391395074344e+00 5.014252841982346887e+00 5.017733908883450056e+00 5.021288889194599037e+00 5.024852649591220910e+00 5.028574535026739234e+00 5.032296312636577618e+00 5.036010927453848041e+00 5.034934166511480846e+00 4.954728711634788674e+00 4.949984531298339263e+00 4.337894900940103327e+00 4.303135042094377027e+00 4.269766609047772832e+00
4.673732250127152987e+00 4.679838036909679921e+00 4.686353880844357889e+00 4.693334784412686034e+00 4.699670331948773594e+00 4.538484283779044226e+00 4.716723176200371626e+00 4.404952818825667471e+00 4.338275294555120176e+00 4.210955275579854273e+00 4.142361417638310783e+00 4.109150172027134396e+00 4.079205730246964201e+00 4.050667673612302622e+00 4.801558448685058877e+00 3.996251791423216293e+00 3.969995194216343837e+00 3.944309123117803129e+00 3.919061075472865419e+00 3.894270554446769950e+00 3.869862067059181676e+00
4.726998698362677054e+00 4.732575206792960287e+00 4.738425194687469144e+00 4.744583267436343732e+00 4.751019059160515035e+00 4.757767572711100179e+00 4.764789566472217963e+00 4.772195823646911528e+00 4.779886238707518942e+00 4.787928947134424185e+00 4.796294519890918373e+00 4.805019185755177169e+00 4.814139816374952474e+00 4.094492560515212709e+00 4.065712946883872192e+00 4.037731908524487601e+00 4.010482571687375319e+00 3.983844822375469885e+00 3.957701200502697692e+00 3.932092079938741325e+00 3.906919359813564530e+00
5.060867186431404541e+00 5.066031909061257110e+00 5.071410948765042725e+00 5.077012795444409754e+00 5.082836497513530283e+00 5.088885873252816161e+00 5.095177923613092297e+00 5.101724244910340822e+00 5.108504638522211927e+00 5.115549195683581907e+00 5.122879889235029793e+00 5.054841568801240470e+00 5.025432764463398705e+00 5.146574440052701149e+00 5.027098124823535130e+00 5.148270181219110064e+00 5.084058727748654860e+00 4.430046792369243924e+00 4.388641646837777799e+00 4.350858776649009663e+00 4.315304948216340364e+00
4.692697334823954236e+00 4.696657205284759939e+00 4.700937422227138285e+00 4.705491585473870586e+00 4.710283436185900285e+00 4.715401595035843663e+00 4.720756963116520488e+00 4.726448245391712710e+00 4.732445371119737842e+00 4.738750618097905765e+00 4.745366390426739578e+00 4.752327951953275509e+00 4.759605435607366708e+00 4.267768026157288119e+00 4.150410890678176479e+00 4.120256554641469116e+00 4.792288523153598767e+00 4.801393776021839699e+00 4.716304058072055660e+00 4.008985657508207012e+00 3.982727539512849635e+00
4.615583022799621737e+00 4.619988691370964240e+00 4.624676445211388653e+00 4.629598110034653935e+00 4.634817858575797089e+00 4.640274815081585125e+00 4.646014675940476124e+00 4.652034744450539883e+00 4.658331906148312385e+00 4.354166522679678408e+00 4.128449835894119069e+00 4.083354884373001426e+00 4.054397647074992506e+00 4.694388504871278123e+00 4.702497856214212568e+00 3.973039096098754275e+00 4.719796771103737854e+00 4.638668494440520540e+00 4.613672754905419282e+00 3.872431056897076562e+00 3.848347615742489847e+00
4.961753152780648435e+00 4.963908250429170721e+00 4.966121527116383660e+00 4.968318462407524727e+00 4.970590671858172271e+00 4.972819793185192516e+00 4.975158285001600511e+00 4.977465038421938992e+00 4.979838570233014572e+00 4.982181780438016183e+00 4.984602358468020356e+00 4.987054153942846568e+00 4.989508362552713905e+00 4.991999124690564393e+00 4.994321524841618398e+00 4.994253188112309338e+00 4.340457194824521636e+00 4.305043050430503726e+00 4.271207925157414209e+00 4.238613070215057732e+00 4.207070637405685432e+00
4.832518708751000425e+00 4.835392347821349190e+00 4.838292014773826644e+00 4.841261182631463988e+00 4.844300100979777035e+00 4.847409025739058741e+00 4.850567862909093364e+00 4.853796709125830944e+00 4.857063558145989113e+00 4.860417037473131252e+00 4.863813229571984031e+00 4.867247537241299327e+00 4.870786940802787512e+00 4.874364959494713823e+00 4.798300030846214703e+00 4.795998766743173825e+00 4.182608576404602374e+00 4.152277870435090001e+00 4.122804606547013861e+00 4.094123198412312092e+00 4.750070562642416228e+00
4.455930843953302301e+00 4.432532014655058639e+00 4.402528702423454732e+00 4.366007899745543597e+00 4.323923651862375372e+00 4.277632123637367556e+00 4.227637841449943146e+00 4.156219339365528676e+00 4.093272025214555576e+00 4.018854558334695959e+00 3.989572084001128172e+00 3.962488442742042150e+00 3.936409718097816590e+00 4.593414277976977544e+00 3.886163177215980369e+00 4.613784887444307259e+00 3.837877105692394597e+00 3.814332179786813271e+00 3.791142512493538064e+00 3.768284745298208449e+00 3.745785990760394757e+00
4.802876236740631022e+00 4.806813488866472639e+00 4.810864306135914426e+00 4.814967670931351584e+00 4.819177572924483677e+00 4.823494552896508303e+00 4.827895717452502566e+00 4.832397481708355258e+00 4.836993324949211193e+00 4.841643668859239469e+00 4.766016232084267834e+00 4.762332024267187158e+00 4.157024678869843726e+00 4.126320422535211030e+00 4.096567909292265774e+00 4.067618995091279999e+00 4.039380537032219110e+00 4.011814100834872221e+00 3.984802786613811598e+00 3.958360821950151376e+00 3.932390479475681211e+00
4.750855498254577647e+00 4.754587487855129524e+00 4.758423789360440637e+00 4.762390720141510769e+00 4.766477158903295042e+00 4.770699725344001330e+00 4.774995395540154064e+00 4.779461969138331767e+00 4.784067687723398521e+00 4.788773449374335023e+00 4.793597421183531715e+00 4.795867332607102185e+00 4.721855346987934965e+00 4.712796628964293078e+00 4.712927282304343102e+00 4.096653242605193590e+00 4.068179937667209423e+00 4.040376371331132255e+00 4.013229819681431998e+00 3.986610487534968605e+00 3.960561148979633739e+00
4.813808754255063604e+00 4.817718191015644358e+00 4.821766833132425489e+00 4.825988638243890350e+00 4.830351166529806228e+00 4.834821767748976207e+00 4.839446258290107217e+00 4.844233996970647382e+00 4.849196809091901983e+00 4.854267941721046142e+00 4.859525016140564091e+00 4.864946348549423760e+00 4.796195931455508266e+00 4.774425685026293387e+00 4.768486523842431879e+00 4.772939508179711687e+00 4.160512575149257763e+00 4.130666758459261345e+00 4.101665693390061485e+00 4.073347409011602416e+00 4.045695791104955141e+00
4.637095378823008929e+00 4.641206990904620078e+00 4.645538575049358521e+00 4.650081376424087587e+00 4.654878938409699352e+00 4.659896111727861445e+00 4.665171067706724628e+00 4.670682537829093484e+00 4.676464317889539757e+00 4.682453881272249596e+00 4.688742261876448048e+00 4.126624421223438866e+00 4.096055984060093635e+00 4.709173886245749507e+00 4.716523090154952413e+00 4.724150679866902180e+00 4.732088359748444439e+00 4.740313272877163087e+00 4.642396862571193772e+00 3.908687572430723733e+00 3.884033846580662974e+00
4.972959532541803895e+00 4.976499861763892696e+00 4.980114127615424380e+00 4.983837139277482287e+00 4.987633402112569669e+00 4.991507504592879840e+00 4.995483535433717925e+00 4.999520593915651290e+00 5.003667071072635864e+00 5.007854785931357355e+00 5.012152753937629157e+00 5.016575035082129652e+00 5.021034061609443988e+00 4.935766483403485338e+00 4.934481057075497112e+00 4.343389774419502913e+00 4.306632213608957649e+00 4.271914230986536332e+00 4.238671975429599392e+00 4.206612523492574418e+00 4.175565412628004403e+00
4.406226548891902794e+00 4.373018476003061039e+00 4.333769003233128636e+00 4.289529397113560627e+00 4.240998139433073355e+00 4.171938583592654126e+00 4.100209110664644108e+00 4.024926787969633324e+00 3.990340623731519099e+00 3.962791473741292148e+00 3.936464088397789496e+00 3.910967175321111267e+00 4.580502328422016767e+00 3.861589595774317818e+00 3.837614100490666758e+00 3.814041219383650816e+00 3.790828950905318351e+00 3.767949139537432490e+00 3.745422261680167786e+00 3.723162205766764377e+00 3.701241286661137497e+00
4.954037540595584765e+00 4.958472790380562323e+00 4.963052828940111461e+00 4.967778437081705967e+00 4.972684295854278957e+00 4.977772861458901410e+00 4.982969167025030899e+00 4.988395053174905058e+00 4.993979859894920992e+00 4.999691799820558558e+00 5.005657078204820642e+00 5.011774236734245491e+00 4.912764316955177790e+00 4.908376963350785438e+00 4.913937838686340598e+00 4.983423196450694981e+00 4.307957412763862237e+00 4.273386451986436185e+00 4.240331019389254941e+00 4.208497091385477340e+00 4.177624369932061654e+00
4.658331906148312385e+00 4.662803853670243193e+00 4.667508648618966305e+00 4.672383465259455804e+00 4.677461514121805664e+00 4.682711841063250446e+00 4.688200213726773313e+00 4.693798663647910097e+00 4.699670331948773594e+00 4.140196557528370569e+00 4.711980209683119369e+00 4.718464926077381882e+00 4.725153567490943729e+00 4.732055906840221482e+00 4.626209201322957654e+00 3.968579795823412137e+00 4.655946407972091805e+00 3.917202704931552315e+00 3.892240540465400578e+00 3.867697131688180079e+00 3.843514070006863292e+00
4.816458526851755906e+00 4.820936639118456490e+00 4.825689211827074665e+00 4.830717844671717387e+00 4.836051057801027397e+00 4.841643668859239469e+00 4.847541408927668272e+00 4.853738404008777430e+00 4.860250679408281371e+00 4.867080711279287542e+00 4.874231107205623026e+00 4.881738173817381288e+00 4.889638786543162752e+00 4.897825909499061936e+00 4.906436972728387858e+00 4.915433769722311830e+00 4.822530864197530853e+00 4.796721783284109364e+00 4.157571977964868104e+00 4.128023777416958140e+00 4.099271858151297465e+00
4.816060875009460673e+00 4.820272689712161274e+00 4.824658138509042793e+00 4.829218149581582686e+00 4.833953690723642893e+00 4.838932669708281509e+00 4.844035695767267669e+00 4.849395533092001997e+00 4.854900030086703566e+00 4.860638549029954625e+00 4.866580302002152081e+00 4.872725775346752997e+00 4.879087954150317152e+00 4.800833973444530223e+00 4.776607085992772284e+00 4.772444321482916862e+00 4.856389621201609330e+00 4.143274429781856227e+00 4.114013013994500589e+00 4.085476477349841318e+00 4.057548415492957972e+00
4.880966293834170244e+00 4.885634857284412824e+00 4.890548154679083659e+00 4.895707636614376135e+00 4.901080998992171089e+00 4.906737905231809194e+00 4.912644871129562496e+00 4.918771946603997414e+00 4.925198547066428567e+00 4.931878429196719260e+00 4.938847465067943254e+00 4.946108031242915537e+00 4.953662614295444300e+00 4.961531142103688730e+00 4.861515286384332946e+00 4.851748337763685193e+00 4.873963424680103351e+00 4.963429178069914904e+00 4.197112936740563960e+00 4.166521995764036035e+00 4.136846895296405258e+00
4.895960832313341449e+00 4.899322375412300978e+00 4.902728504599711989e+00 4.906303236797274536e+00 4.909916667803220669e+00 4.913703089490816467e+00 4.917596115099068577e+00 4.921596237713098176e+00 4.925670267422847637e+00 4.929919820331810421e+00 4.934278156224729095e+00 4.938745832933203239e+00 4.943323423800728200e+00 4.859851466511516449e+00 4.857224951085692410e+00 4.856261499422035222e+00 4.856859458904812854e+00 4.852312024165880366e+00 4.244830891414486551e+00 4.213201826181250276e+00 4.182579897561075732e+00
4.968014155437592727e+00 4.971905329473863766e+00 4.975915188290012559e+00 4.980079681274900416e+00 4.984354664525239009e+00 4.988826395675438619e+00 4.993399136757573409e+00 4.998125702861425879e+00 5.003015516201545054e+00 5.008060919973930325e+00 5.013254220061257094e+00 5.018596305488144615e+00 5.024136221985348705e+00 4.927760401338708185e+00 4.923312568806712086e+00 4.923379900301556589e+00 4.945598417408506364e+00 4.343329886246121596e+00 4.307486137415645011e+00 4.273504273504274309e+00 4.240882103477523479e+00
4.794192178617902478e+00 4.797938257388825178e+00 4.801920768307322618e+00 4.806008884250708491e+00 4.810269237641043638e+00 4.814735842957072798e+00 4.819376648054692680e+00 4.824159390226252953e+00 4.829151518078273142e+00 4.834338785014911544e+00 4.839677173083215322e+00 4.845225746574219450e+00 4.850952768117624991e+00 4.856895056374673558e+00 4.770233741453330900e+00 4.755887108828285470e+00 4.750561117001501188e+00 4.808716141486167217e+00 4.123569636782240977e+00 4.094947251526929399e+00 4.067030171849258302e+00
